100 2744
32 99
86 81
59 64
77 10
34 40
87 95
63 52
68 73
41 59
88 10
87 66
61 90
44 10
79 86
40 70
42 28
45 100
88 81
22 35
34 76
28 68
100 53
93 29
55 92
94 74
87 74
97 40
99 60
36 23
58 99
97 29
24 17
98 22
56 86
28 28
99 42
24 55
10 40
99 89
72 43
75 98
23 78
47 42
91 52
46 78
75 10
70 20
24 65
35 42
73 58
30 94
84 94
29 25
19 75
30 28
90 45
100 78
26 76
69 65
55 87
72 42
90 81
23 60
12 77
45 54
21 26
49 97
45 40
26 60
98 81
26 24
52 33
17 85
79 11
71 68
26 39
13 15
80 65
53 40
54 99
60 30
33 99
75 17
87 69
80 10
10 10
53 87
35 63
40 11
59 32
95 21
79 80
58 20
71 75
64 19
20 19
99 82
70 26
84 59
73 65
1996
0 4
0 8
0 10
0 15
0 17
0 18
0 19
0 21
0 23
0 25
0 27
0 28
0 31
0 32
0 33
0 39
0 41
0 42
0 51
0 52
0 56
0 57
0 62
0 69
0 70
0 72
0 75
0 76
0 77
0 82
0 87
0 90
0 93
0 96
0 97
1 2
1 3
1 11
1 14
1 19
1 23
1 24
1 25
1 26
1 35
1 37
1 38
1 43
1 46
1 52
1 53
1 55
1 56
1 57
1 62
1 63
1 65
1 66
1 67
1 69
1 71
1 74
1 75
1 77
1 83
1 86
1 87
1 89
1 91
1 93
1 96
1 99
2 3
2 4
2 6
2 7
2 11
2 15
2 17
2 21
2 22
2 29
2 31
2 33
2 35
2 38
2 41
2 45
2 51
2 55
2 57
2 60
2 61
2 62
2 64
2 66
2 68
2 74
2 75
2 76
2 78
2 81
2 83
2 85
2 90
2 93
3 4
3 7
3 8
3 9
3 10
3 11
3 12
3 13
3 16
3 18
3 19
3 20
3 21
3 22
3 24
3 30
3 31
3 32
3 33
3 36
3 38
3 39
3 40
3 46
3 47
3 48
3 49
3 50
3 54
3 57
3 58
3 64
3 67
3 69
3 70
3 72
3 73
3 79
3 80
3 82
3 85
3 92
3 94
4 6
4 8
4 11
4 15
4 19
4 20
4 21
4 24
4 33
4 35
4 39
4 42
4 46
4 53
4 54
4 61
4 64
4 65
4 68
4 72
4 81
4 83
4 84
4 86
4 97
4 98
4 99
5 6
5 8
5 10
5 14
5 20
5 21
5 29
5 30
5 31
5 34
5 36
5 39
5 41
5 44
5 45
5 49
5 51
5 57
5 61
5 62
5 65
5 68
5 70
5 72
5 80
5 81
5 85
5 87
5 88
5 92
5 95
6 9
6 11
6 13
6 14
6 22
6 24
6 25
6 27
6 28
6 29
6 32
6 37
6 43
6 45
6 46
6 47
6 48
6 49
6 53
6 55
6 56
6 57
6 58
6 61
6 65
6 66
6 67
6 71
6 72
6 73
6 79
6 85
6 87
6 88
6 90
6 92
6 94
7 8
7 9
7 11
7 14
7 17
7 21
7 26
7 27
7 30
7 31
7 33
7 36
7 37
7 42
7 44
7 50
7 51
7 54
7 55
7 56
7 57
7 58
7 61
7 64
7 65
7 68
7 69
7 70
7 74
7 77
7 79
7 80
7 82
7 83
7 84
7 88
7 96
7 97
8 14
8 18
8 19
8 23
8 24
8 26
8 27
8 34
8 35
8 37
8 40
8 45
8 46
8 48
8 51
8 52
8 55
8 57
8 61
8 62
8 63
8 68
8 72
8 75
8 76
8 79
8 81
8 83
8 84
8 86
8 89
8 95
8 96
8 97
8 98
8 99
9 11
9 14
9 15
9 17
9 19
9 22
9 24
9 27
9 28
9 33
9 34
9 35
9 40
9 44
9 46
9 49
9 64
9 67
9 70
9 72
9 76
9 85
9 86
9 87
9 89
9 92
10 13
10 16
10 17
10 18
10 20
10 22
10 26
10 27
10 29
10 32
10 44
10 49
10 56
10 57
10 60
10 62
10 65
10 66
10 67
10 70
10 71
10 73
10 77
10 81
10 82
10 83
10 88
10 90
10 93
10 94
10 95
10 98
10 99
11 16
11 18
11 19
11 20
11 24
11 26
11 29
11 30
11 34
11 35
11 36
11 41
11 42
11 45
11 49
11 51
11 61
11 65
11 66
11 70
11 73
11 74
11 75
11 79
11 80
11 81
11 85
11 86
11 88
11 89
11 91
11 92
12 20
12 24
12 25
12 28
12 30
12 31
12 32
12 36
12 39
12 40
12 45
12 47
12 49
12 50
12 54
12 56
12 59
12 60
12 61
12 64
12 65
12 68
12 69
12 72
12 76
12 77
12 79
12 81
12 83
12 93
12 94
12 95
13 14
13 19
13 23
13 26
13 27
13 30
13 31
13 32
13 34
13 35
13 36
13 38
13 39
13 40
13 41
13 45
13 49
13 52
13 58
13 59
13 60
13 63
13 65
13 66
13 69
13 71
13 72
13 74
13 77
13 81
13 82
13 83
13 85
13 86
13 96
13 97
14 19
14 20
14 21
14 25
14 26
14 27
14 29
14 31
14 32
14 40
14 42
14 43
14 48
14 49
14 52
14 53
14 55
14 57
14 58
14 59
14 61
14 62
14 63
14 64
14 66
14 71
14 73
14 80
14 81
14 82
14 83
14 84
14 85
14 87
14 90
14 91
14 93
14 97
14 99
15 16
15 18
15 20
15 21
15 22
15 24
15 25
15 29
15 30
15 33
15 39
15 40
15 41
15 47
15 48
15 49
15 53
15 56
15 58
15 70
15 71
15 73
15 76
15 79
15 81
15 85
15 86
15 87
15 88
15 90
15 91
15 92
15 94
15 99
16 17
16 18
16 22
16 23
16 26
16 29
16 33
16 34
16 42
16 43
16 45
16 46
16 49
16 54
16 55
16 56
16 58
16 60
16 62
16 65
16 70
16 71
16 73
16 76
16 77
16 79
16 80
16 82
16 84
16 85
16 89
16 90
16 97
16 98
17 18
17 19
17 20
17 21
17 23
17 24
17 30
17 32
17 34
17 36
17 43
17 45
17 46
17 48
17 51
17 54
17 55
17 56
17 58
17 60
17 61
17 65
17 67
17 68
17 69
17 71
17 73
17 75
17 78
17 80
17 85
17 90
17 91
17 93
17 99
18 20
18 22
18 24
18 25
18 27
18 29
18 32
18 35
18 36
18 37
18 38
18 39
18 42
18 43
18 44
18 45
18 50
18 52
18 61
18 62
18 63
18 64
18 67
18 70
18 76
18 79
18 81
18 82
18 84
18 85
18 88
18 91
18 94
18 96
18 98
19 23
19 25
19 26
19 28
19 29
19 33
19 35
19 37
19 38
19 39
19 41
19 42
19 43
19 45
19 46
19 47
19 50
19 51
19 54
19 56
19 58
19 59
19 60
19 64
19 67
19 72
19 73
19 75
19 79
19 82
19 85
19 86
19 88
19 89
19 95
19 97
19 99
20 21
20 23
20 24
20 26
20 29
20 32
20 33
20 34
20 38
20 40
20 44
20 45
20 47
20 49
20 51
20 52
20 53
20 56
20 59
20 60
20 61
20 63
20 67
20 68
20 69
20 74
20 76
20 80
20 81
20 88
20 89
20 91
20 95
20 98
21 26
21 28
21 29
21 30
21 31
21 32
21 36
21 38
21 39
21 40
21 45
21 50
21 54
21 57
21 61
21 68
21 69
21 71
21 73
21 76
21 78
21 80
21 83
21 85
21 86
21 87
21 91
21 92
21 93
21 95
22 24
22 25
22 26
22 29
22 30
22 32
22 35
22 37
22 38
22 40
22 42
22 45
22 47
22 48
22 49
22 52
22 54
22 56
22 59
22 61
22 64
22 66
22 69
22 70
22 75
22 76
22 78
22 80
22 82
22 83
22 85
22 87
22 89
22 90
22 95
22 97
22 98
22 99
23 25
23 30
23 35
23 38
23 40
23 41
23 44
23 45
23 46
23 50
23 52
23 60
23 62
23 63
23 69
23 74
23 79
23 80
23 82
23 87
23 90
23 91
23 92
23 94
23 95
23 96
23 97
23 99
24 25
24 27
24 28
24 31
24 38
24 41
24 42
24 45
24 46
24 50
24 51
24 52
24 53
24 55
24 56
24 58
24 59
24 61
24 64
24 65
24 68
24 69
24 70
24 71
24 72
24 77
24 79
24 81
24 82
24 83
24 86
24 89
24 90
24 91
24 92
24 97
24 98
24 99
25 26
25 27
25 29
25 31
25 40
25 42
25 48
25 50
25 53
25 56
25 57
25 59
25 61
25 66
25 67
25 68
25 72
25 80
25 82
25 83
25 87
25 88
25 89
25 90
25 93
25 94
25 95
25 96
25 98
26 27
26 29
26 31
26 33
26 34
26 35
26 37
26 39
26 42
26 45
26 53
26 57
26 59
26 62
26 63
26 64
26 65
26 68
26 69
26 70
26 74
26 76
26 77
26 78
26 80
26 83
26 86
26 88
26 89
26 92
26 93
26 95
26 96
27 28
27 35
27 37
27 38
27 39
27 43
27 47
27 48
27 50
27 52
27 57
27 60
27 62
27 63
27 64
27 65
27 66
27 67
27 69
27 70
27 74
27 77
27 79
27 84
27 86
27 88
27 90
27 93
27 95
27 97
28 30
28 32
28 33
28 34
28 35
28 36
28 39
28 41
28 42
28 43
28 44
28 45
28 47
28 49
28 50
28 52
28 53
28 56
28 62
28 64
28 65
28 66
28 68
28 70
28 73
28 74
28 75
28 77
28 79
28 82
28 83
28 85
28 89
28 90
28 92
28 97
28 99
29 36
29 37
29 39
29 40
29 41
29 44
29 46
29 48
29 49
29 52
29 56
29 58
29 60
29 62
29 63
29 64
29 66
29 68
29 69
29 70
29 71
29 73
29 74
29 76
29 80
29 81
29 82
29 85
29 89
29 92
29 99
30 31
30 33
30 35
30 37
30 41
30 42
30 43
30 44
30 47
30 48
30 50
30 54
30 58
30 61
30 63
30 64
30 65
30 66
30 68
30 70
30 71
30 72
30 73
30 76
30 84
30 87
30 92
30 93
30 97
31 35
31 37
31 38
31 43
31 45
31 50
31 55
31 56
31 58
31 62
31 63
31 64
31 67
31 68
31 71
31 72
31 78
31 79
31 81
31 83
31 89
31 91
31 93
31 95
31 97
31 98
32 36
32 38
32 40
32 41
32 43
32 46
32 50
32 51
32 53
32 56
32 58
32 62
32 64
32 65
32 71
32 72
32 73
32 77
32 80
32 81
32 86
32 88
32 91
32 92
32 93
32 94
32 96
32 99
33 35
33 37
33 38
33 39
33 41
33 42
33 43
33 44
33 47
33 48
33 49
33 52
33 53
33 56
33 63
33 66
33 67
33 69
33 71
33 72
33 74
33 76
33 77
33 84
33 87
33 88
33 89
33 93
33 95
34 37
34 38
34 40
34 44
34 45
34 50
34 53
34 56
34 57
34 63
34 64
34 65
34 66
34 67
34 71
34 74
34 75
34 79
34 80
34 81
34 84
34 87
34 88
34 94
34 97
34 99
35 36
35 37
35 38
35 39
35 40
35 41
35 44
35 45
35 52
35 54
35 56
35 57
35 58
35 62
35 64
35 66
35 68
35 69
35 72
35 79
35 80
35 84
35 85
35 86
35 88
35 89
35 97
36 38
36 43
36 45
36 48
36 49
36 50
36 52
36 56
36 59
36 60
36 61
36 62
36 67
36 68
36 69
36 70
36 72
36 76
36 78
36 80
36 82
36 83
36 84
36 93
36 95
36 96
36 99
37 39
37 40
37 46
37 47
37 49
37 53
37 55
37 59
37 67
37 68
37 70
37 73
37 74
37 75
37 76
37 77
37 78
37 80
37 81
37 82
37 83
37 84
37 88
37 89
37 91
37 93
37 95
37 96
38 41
38 42
38 46
38 53
38 54
38 56
38 57
38 62
38 65
38 66
38 68
38 69
38 72
38 78
38 80
38 81
38 84
38 87
38 88
38 91
38 92
38 95
39 42
39 43
39 45
39 46
39 47
39 48
39 50
39 51
39 53
39 55
39 58
39 59
39 61
39 68
39 69
39 71
39 72
39 74
39 79
39 80
39 83
39 84
39 87
39 88
39 89
39 92
39 96
39 97
39 98
40 43
40 49
40 50
40 52
40 53
40 54
40 55
40 58
40 59
40 61
40 62
40 63
40 68
40 71
40 73
40 74
40 75
40 76
40 80
40 82
40 84
40 85
40 96
41 42
41 44
41 45
41 46
41 47
41 48
41 50
41 51
41 52
41 53
41 55
41 57
41 58
41 63
41 66
41 69
41 76
41 78
41 79
41 81
41 89
41 90
41 92
41 98
41 99
42 45
42 53
42 54
42 55
42 57
42 58
42 59
42 62
42 63
42 67
42 70
42 72
42 75
42 77
42 78
42 79
42 81
42 83
42 84
42 86
42 88
42 89
42 91
42 92
42 97
43 44
43 45
43 46
43 50
43 51
43 52
43 53
43 61
43 63
43 66
43 67
43 68
43 72
43 75
43 80
43 81
43 82
43 85
43 86
43 89
43 90
43 91
43 93
43 94
44 48
44 49
44 50
44 52
44 55
44 58
44 60
44 62
44 64
44 65
44 72
44 73
44 74
44 86
44 88
44 89
44 90
44 92
44 93
44 94
44 95
44 96
45 47
45 48
45 49
45 50
45 51
45 54
45 55
45 56
45 57
45 59
45 61
45 63
45 65
45 67
45 68
45 76
45 79
45 80
45 81
45 85
45 88
45 89
45 94
45 97
45 98
46 49
46 50
46 52
46 53
46 58
46 63
46 65
46 66
46 74
46 76
46 77
46 78
46 81
46 83
46 84
46 85
46 86
46 87
46 89
46 90
46 91
46 94
46 95
46 96
46 99
47 48
47 52
47 60
47 62
47 66
47 69
47 70
47 72
47 74
47 75
47 77
47 79
47 82
47 83
47 84
47 85
47 86
47 91
47 94
48 49
48 51
48 55
48 58
48 59
48 61
48 63
48 64
48 65
48 68
48 70
48 73
48 74
48 77
48 78
48 80
48 84
48 86
48 88
48 90
48 92
48 94
48 95
48 98
48 99
49 52
49 55
49 60
49 61
49 66
49 69
49 70
49 74
49 77
49 79
49 80
49 82
49 85
49 90
49 95
49 96
49 99
50 54
50 63
50 73
50 74
50 77
50 79
50 81
50 82
50 83
50 84
50 90
50 93
50 96
50 99
51 52
51 55
51 57
51 58
51 63
51 65
51 67
51 69
51 71
51 72
51 74
51 76
51 79
51 80
51 86
51 87
51 92
51 94
51 95
51 96
52 53
52 54
52 56
52 58
52 59
52 60
52 61
52 62
52 64
52 66
52 68
52 71
52 73
52 74
52 75
52 76
52 77
52 78
52 79
52 80
52 82
52 83
52 86
52 88
52 94
52 96
53 57
53 58
53 59
53 65
53 68
53 69
53 73
53 75
53 80
53 82
53 83
53 87
53 89
53 90
53 91
53 93
53 94
54 55
54 59
54 64
54 67
54 71
54 73
54 76
54 77
54 79
54 81
54 82
54 84
54 95
54 99
55 56
55 57
55 60
55 62
55 64
55 70
55 74
55 76
55 78
55 80
55 81
55 82
55 84
55 86
55 90
55 91
55 93
55 95
55 99
56 57
56 60
56 61
56 63
56 64
56 65
56 67
56 71
56 72
56 81
56 84
56 88
56 90
56 91
56 94
56 99
57 61
57 62
57 63
57 64
57 67
57 80
57 83
57 84
57 85
57 90
57 92
57 94
57 98
57 99
58 61
58 62
58 64
58 65
58 67
58 68
58 69
58 70
58 75
58 79
58 83
58 88
58 93
58 94
58 95
59 61
59 64
59 72
59 73
59 74
59 76
59 80
59 83
59 86
59 89
59 92
59 93
60 61
60 63
60 72
60 73
60 75
60 76
60 79
60 82
60 83
60 87
60 89
60 90
60 93
60 94
60 95
60 99
61 67
61 69
61 70
61 76
61 77
61 78
61 81
61 84
61 86
61 87
61 88
61 92
61 94
61 96
61 98
61 99
62 63
62 65
62 70
62 75
62 76
62 81
62 82
62 84
62 89
62 91
62 93
62 96
62 99
63 65
63 67
63 68
63 69
63 71
63 72
63 73
63 74
63 77
63 78
63 79
63 84
63 87
63 95
63 97
63 98
63 99
64 72
64 73
64 78
64 82
64 84
64 85
64 87
64 88
64 90
64 92
64 94
64 97
65 70
65 71
65 73
65 76
65 81
65 85
65 86
65 90
65 91
65 93
65 95
65 97
66 68
66 74
66 76
66 77
66 89
66 91
66 95
66 98
67 72
67 73
67 74
67 82
67 86
67 87
67 88
67 90
67 92
67 93
67 94
67 98
67 99
68 72
68 73
68 79
68 80
68 82
68 83
68 84
68 87
68 94
68 96
69 73
69 74
69 86
69 88
69 93
69 95
69 96
70 78
70 86
70 87
70 89
70 91
70 92
70 93
70 97
71 72
71 73
71 75
71 80
71 82
71 83
71 85
71 86
71 88
71 90
71 91
71 94
71 95
71 96
71 98
71 99
72 79
72 81
72 84
72 87
72 91
72 92
72 96
72 97
72 98
73 75
73 76
73 78
73 79
73 81
73 82
73 83
73 84
73 90
73 91
73 94
73 96
73 97
73 98
73 99
74 75
74 80
74 81
74 83
74 85
74 90
74 95
74 96
74 97
75 76
75 78
75 79
75 80
75 82
75 84
75 85
75 88
75 89
75 93
75 98
76 79
76 80
76 81
76 83
76 84
76 86
76 87
76 88
76 89
76 90
76 91
76 93
76 94
76 95
76 96
76 98
76 99
77 82
77 85
77 86
77 87
77 89
77 90
77 93
77 94
77 95
77 96
77 97
77 98
78 84
78 87
78 89
78 90
78 94
78 99
79 81
79 83
79 85
79 89
79 92
79 93
79 94
79 97
80 83
80 84
80 86
80 87
80 89
80 90
80 91
80 94
80 95
80 96
80 99
81 82
81 83
81 84
81 90
81 95
81 99
82 84
82 92
82 93
82 98
83 88
83 91
83 92
83 94
83 97
83 99
84 88
84 90
84 92
84 94
84 95
84 96
85 90
85 92
85 94
85 97
86 90
86 92
86 96
86 98
87 91
87 97
87 98
87 99
88 90
88 94
89 90
89 91
89 93
89 94
89 95
89 96
89 97
89 99
90 91
90 93
90 95
90 96
90 97
90 98
91 95
91 97
92 93
92 94
92 97
92 99
93 98
93 99
94 95
94 96
95 98
96 97
97 99
