100 2678
71 16
65 12
34 17
26 78
20 57
68 22
96 86
54 43
13 62
95 62
32 54
27 80
99 60
62 93
81 18
21 40
58 43
16 29
45 41
40 37
81 22
80 81
80 22
63 64
46 68
77 68
100 49
97 69
10 40
14 61
62 86
67 47
94 29
21 75
90 20
31 23
14 36
85 82
84 66
94 84
40 43
61 100
21 14
31 39
95 46
42 51
31 74
40 57
34 39
98 79
72 24
56 47
88 97
37 87
19 79
38 55
38 25
29 34
64 27
12 58
80 13
17 26
73 62
91 75
22 68
50 25
71 32
39 80
60 95
28 37
88 34
84 89
53 99
69 76
23 96
61 67
82 20
29 58
67 71
31 85
34 91
12 32
37 19
47 57
57 94
57 39
43 31
50 49
11 39
13 42
19 27
60 90
87 11
38 32
56 94
68 71
83 26
62 83
99 88
66 16
953
0 1
0 7
0 24
0 25
0 31
0 32
0 33
0 35
0 38
0 39
0 45
0 48
0 51
0 53
0 59
0 60
0 63
0 71
0 77
0 85
0 90
0 91
0 92
1 3
1 9
1 10
1 15
1 31
1 35
1 36
1 47
1 50
1 91
1 93
1 95
1 97
2 13
2 14
2 15
2 17
2 20
2 35
2 36
2 45
2 48
2 53
2 66
2 81
2 86
2 89
2 90
2 95
2 99
3 4
3 5
3 7
3 14
3 17
3 18
3 21
3 22
3 26
3 35
3 42
3 44
3 47
3 51
3 52
3 70
3 74
3 76
3 78
3 88
3 96
3 97
4 12
4 15
4 19
4 21
4 32
4 38
4 42
4 46
4 47
4 53
4 54
4 66
4 77
4 78
4 80
4 92
5 11
5 19
5 28
5 34
5 39
5 40
5 45
5 50
5 53
5 57
5 58
5 59
5 60
5 62
5 76
5 85
5 88
5 91
5 94
6 7
6 13
6 18
6 26
6 29
6 36
6 46
6 49
6 57
6 73
6 78
6 81
6 88
6 89
7 29
7 31
7 33
7 41
7 45
7 54
7 65
7 67
7 78
7 83
7 85
7 95
7 97
8 15
8 19
8 21
8 25
8 31
8 36
8 37
8 42
8 44
8 45
8 49
8 54
8 58
8 60
8 67
8 69
8 81
8 86
8 91
9 12
9 15
9 17
9 18
9 21
9 24
9 25
9 41
9 42
9 44
9 54
9 56
9 71
9 84
10 14
10 15
10 22
10 26
10 36
10 39
10 49
10 52
10 55
10 65
10 68
10 77
10 84
10 86
10 90
10 98
10 99
11 15
11 24
11 26
11 27
11 28
11 29
11 33
11 39
11 43
11 46
11 65
11 68
11 72
11 73
11 75
11 85
11 91
11 92
12 14
12 20
12 22
12 29
12 34
12 46
12 47
12 52
12 53
12 58
12 59
12 67
12 71
12 72
12 73
12 78
12 82
12 85
13 33
13 43
13 44
13 65
13 66
13 68
13 69
13 70
13 71
13 75
13 81
13 82
13 83
13 88
13 89
13 92
14 29
14 44
14 46
14 58
14 59
14 67
14 71
14 72
14 83
14 91
15 17
15 19
15 20
15 30
15 37
15 46
15 47
15 48
15 51
15 53
15 64
15 66
15 75
15 83
15 91
15 96
16 23
16 35
16 44
16 50
16 51
16 52
16 55
16 59
16 75
16 79
16 83
16 84
16 92
16 93
16 95
16 96
16 99
17 18
17 20
17 30
17 32
17 34
17 36
17 38
17 53
17 58
17 59
17 62
17 69
17 74
17 82
17 83
17 88
17 90
17 96
17 98
18 19
18 20
18 28
18 31
18 37
18 38
18 42
18 51
18 59
18 60
18 66
18 83
18 86
18 88
18 89
19 32
19 37
19 38
19 43
19 46
19 50
19 64
19 73
19 74
19 75
19 82
19 86
19 88
19 89
19 94
19 99
20 24
20 27
20 36
20 38
20 42
20 44
20 48
20 52
20 71
20 75
20 85
20 95
21 25
21 26
21 27
21 30
21 35
21 39
21 42
21 46
21 47
21 49
21 62
21 64
21 66
21 68
21 71
21 73
21 76
21 92
21 95
21 98
22 27
22 30
22 35
22 37
22 48
22 54
22 62
22 66
22 67
22 69
22 77
22 98
23 25
23 27
23 28
23 29
23 39
23 46
23 65
23 68
23 69
23 71
23 72
23 85
23 93
24 30
24 31
24 33
24 35
24 41
24 46
24 51
24 55
24 58
24 59
24 61
24 62
24 65
24 66
24 70
24 84
24 87
24 92
25 27
25 29
25 31
25 39
25 43
25 49
25 50
25 54
25 58
25 59
25 63
25 78
25 83
25 91
25 92
25 93
26 40
26 42
26 46
26 49
26 53
26 57
26 62
26 69
26 87
26 90
26 95
27 30
27 34
27 49
27 51
27 52
27 54
27 56
27 65
27 66
27 67
27 68
27 79
27 82
27 85
27 87
27 93
28 33
28 37
28 46
28 49
28 54
28 64
28 65
28 66
28 69
28 72
28 80
28 90
28 98
29 30
29 37
29 41
29 43
29 48
29 49
29 54
29 55
29 59
29 64
29 66
29 68
29 70
29 74
29 78
29 88
29 89
29 96
30 31
30 33
30 43
30 45
30 47
30 49
30 52
30 54
30 68
30 77
30 78
30 79
30 81
30 83
30 86
30 89
30 91
30 96
30 97
30 98
31 32
31 39
31 47
31 48
31 49
31 52
31 55
31 61
31 63
31 67
31 70
31 79
31 86
31 96
32 37
32 38
32 39
32 43
32 52
32 55
32 58
32 65
32 76
32 79
32 87
32 88
32 92
32 93
32 95
33 35
33 46
33 52
33 59
33 65
33 66
33 70
33 71
33 72
33 79
33 84
33 88
33 89
33 98
34 41
34 43
34 45
34 53
34 56
34 58
34 59
34 77
34 80
34 93
34 96
35 36
35 43
35 44
35 48
35 49
35 51
35 53
35 58
35 60
35 65
35 70
35 84
35 89
35 92
35 94
36 38
36 39
36 44
36 45
36 46
36 59
36 63
36 67
36 68
36 69
36 74
36 75
36 81
36 83
36 86
36 89
36 90
36 92
36 97
37 40
37 42
37 46
37 49
37 63
37 70
37 72
37 73
37 89
37 92
37 95
37 99
38 41
38 48
38 52
38 56
38 58
38 61
38 67
38 69
38 72
38 91
38 92
38 99
39 42
39 45
39 46
39 47
39 56
39 61
39 65
39 67
39 68
39 72
39 73
39 74
39 81
39 87
39 89
39 91
40 42
40 44
40 49
40 64
40 67
40 75
40 76
40 86
40 88
40 92
40 94
41 42
41 45
41 60
41 89
41 92
42 51
42 55
42 66
42 87
42 94
42 97
42 99
43 55
43 66
43 70
43 92
43 94
43 95
44 50
44 54
44 56
44 65
44 70
44 77
44 78
44 82
44 84
44 91
45 48
45 49
45 59
45 62
45 66
45 86
45 90
46 48
46 65
46 66
46 80
46 82
46 90
46 95
46 97
46 99
47 52
47 62
47 69
47 70
47 78
47 87
47 95
47 96
48 50
48 57
48 59
48 60
48 64
48 71
48 78
48 82
48 84
48 89
48 93
49 53
49 59
49 66
49 73
49 76
49 80
49 91
49 92
49 97
49 98
49 99
50 54
50 62
50 64
50 68
50 71
50 72
50 81
51 53
51 55
51 57
51 58
51 59
51 62
51 63
51 77
51 78
51 83
51 91
51 93
51 96
51 98
52 56
52 57
52 62
52 63
52 71
52 81
52 92
52 94
52 97
53 64
53 71
53 72
53 76
53 90
53 97
54 56
54 67
54 68
54 75
54 85
54 88
54 92
54 94
55 60
55 63
55 68
55 70
55 81
55 91
55 95
55 96
56 73
56 76
56 77
56 82
56 85
56 91
56 97
56 98
56 99
57 59
57 60
57 61
57 67
57 74
57 77
57 78
57 81
57 90
57 92
58 64
58 66
58 68
58 70
58 73
58 74
58 83
58 85
58 86
58 87
58 91
58 97
59 68
59 72
59 81
59 82
59 83
59 84
59 93
60 64
60 65
60 74
60 75
60 81
60 90
60 91
60 99
61 71
61 75
61 82
61 86
61 87
62 65
62 71
62 77
62 84
62 86
62 89
62 93
62 95
62 97
62 98
63 64
63 65
63 75
64 71
64 74
64 77
64 83
64 89
65 85
65 95
66 68
66 69
66 75
66 77
66 82
66 94
66 97
66 99
67 69
67 70
67 74
67 86
67 87
67 94
67 95
67 98
68 76
68 78
68 80
68 84
68 87
68 88
68 92
68 98
68 99
69 73
69 74
69 78
69 79
69 82
69 84
69 85
69 89
69 91
69 95
69 97
69 98
70 71
70 79
70 84
70 88
70 94
70 95
71 72
71 74
71 88
71 91
71 92
72 75
72 76
72 86
72 94
72 95
73 74
73 81
73 83
73 92
74 78
74 82
74 88
74 91
74 92
74 95
75 77
75 79
75 91
75 94
76 78
76 80
76 84
76 86
76 88
76 92
77 87
77 93
77 95
77 98
78 93
79 89
79 92
79 94
79 97
80 84
80 95
80 96
80 98
81 87
81 96
82 86
82 89
82 90
82 91
83 85
84 99
85 87
85 92
87 89
87 91
87 97
88 92
88 93
88 94
88 95
88 99
89 92
89 96
89 98
90 98
91 98
91 99
92 94
92 95
94 96
94 99
96 97
98 99
