150 4321
21 68
63 52
62 49
36 55
77 56
80 33
64 60
88 54
26 53
27 97
54 77
77 68
91 23
47 51
41 64
20 54
76 64
65 60
85 84
35 49
75 16
52 42
84 28
56 95
25 91
41 100
84 24
95 63
23 57
25 80
41 99
40 42
55 67
99 58
58 69
37 34
26 78
71 52
48 74
89 47
73 49
72 45
34 49
90 39
30 67
93 94
11 31
73 71
69 90
49 87
33 25
44 59
57 26
87 83
18 47
96 100
40 29
54 96
78 95
36 71
100 25
79 35
72 39
74 45
52 24
42 71
27 84
18 61
99 58
80 50
20 95
72 74
92 27
42 84
25 85
25 72
41 16
78 71
95 26
66 24
15 11
20 40
82 46
40 44
13 42
97 34
31 93
15 31
49 34
68 16
44 45
72 26
91 11
76 13
12 88
21 74
99 63
58 62
67 53
34 88
58 38
66 54
70 32
38 74
96 22
75 97
39 45
98 19
68 52
93 34
34 54
53 25
28 85
52 90
45 72
59 93
21 91
51 32
60 81
59 22
47 95
30 67
71 88
18 14
37 75
40 54
60 55
33 49
36 72
60 89
97 79
95 11
76 72
74 88
33 67
83 88
51 82
85 54
71 73
91 70
75 68
96 16
95 20
99 84
49 65
36 79
17 40
48 60
51 99
55 37
2226
0 3
0 6
0 11
0 14
0 17
0 23
0 25
0 32
0 42
0 45
0 50
0 59
0 65
0 66
0 73
0 85
0 88
0 90
0 93
0 96
0 98
0 102
0 111
0 115
0 116
0 125
0 139
0 140
0 142
0 145
1 4
1 6
1 9
1 10
1 16
1 22
1 36
1 37
1 47
1 53
1 57
1 63
1 66
1 68
1 72
1 74
1 85
1 87
1 88
1 90
1 101
1 106
1 107
1 111
1 113
1 129
1 132
1 135
1 136
2 3
2 4
2 6
2 8
2 17
2 22
2 34
2 40
2 53
2 59
2 65
2 66
2 68
2 71
2 76
2 82
2 94
2 97
2 104
2 106
2 108
2 113
2 128
2 129
2 131
2 144
2 146
2 148
3 6
3 7
3 8
3 20
3 41
3 42
3 43
3 46
3 48
3 49
3 55
3 61
3 63
3 66
3 69
3 73
3 78
3 88
3 93
3 94
3 113
3 120
3 129
3 130
3 134
3 142
3 144
4 6
4 18
4 29
4 49
4 55
4 56
4 61
4 69
4 71
4 75
4 78
4 86
4 89
4 98
4 100
4 106
4 109
4 114
4 117
4 126
5 10
5 26
5 28
5 37
5 52
5 54
5 56
5 73
5 79
5 80
5 83
5 89
5 90
5 100
5 103
5 108
5 110
5 117
5 119
5 120
5 129
5 130
5 131
5 140
5 141
5 143
5 144
6 10
6 14
6 15
6 20
6 22
6 36
6 45
6 47
6 52
6 56
6 67
6 69
6 74
6 88
6 91
6 96
6 97
6 113
6 115
6 116
6 117
6 123
6 125
6 126
6 134
6 139
7 12
7 33
7 42
7 61
7 63
7 65
7 67
7 73
7 76
7 78
7 82
7 84
7 88
7 89
7 97
7 100
7 101
7 105
7 128
7 139
7 141
7 148
7 149
8 10
8 12
8 14
8 22
8 30
8 32
8 38
8 42
8 49
8 56
8 64
8 65
8 73
8 75
8 77
8 78
8 79
8 81
8 85
8 89
8 92
8 103
8 104
8 117
8 118
8 120
8 125
8 142
9 18
9 19
9 22
9 29
9 33
9 36
9 39
9 46
9 47
9 57
9 66
9 68
9 69
9 78
9 98
9 101
9 104
9 109
9 119
9 124
9 144
9 145
10 13
10 18
10 22
10 24
10 26
10 41
10 44
10 63
10 67
10 69
10 72
10 75
10 85
10 96
10 115
10 122
10 131
10 141
10 144
10 146
10 149
11 12
11 24
11 28
11 30
11 32
11 36
11 37
11 42
11 55
11 68
11 73
11 75
11 79
11 88
11 90
11 93
11 96
11 109
11 110
11 113
11 115
11 119
11 121
11 122
11 123
11 126
11 137
11 138
11 139
11 141
11 149
12 13
12 14
12 17
12 20
12 25
12 26
12 27
12 31
12 39
12 46
12 51
12 53
12 59
12 66
12 67
12 68
12 72
12 81
12 93
12 95
12 100
12 102
12 105
12 111
12 112
12 113
12 115
12 119
12 120
12 127
12 135
12 143
12 146
13 21
13 23
13 26
13 28
13 31
13 33
13 40
13 49
13 54
13 59
13 60
13 62
13 64
13 82
13 83
13 92
13 109
13 115
13 116
13 119
13 122
13 123
13 132
13 141
14 18
14 22
14 24
14 29
14 30
14 39
14 44
14 50
14 54
14 61
14 83
14 86
14 96
14 100
14 103
14 108
14 115
14 120
14 127
14 135
14 148
15 20
15 27
15 29
15 32
15 48
15 51
15 52
15 53
15 56
15 64
15 66
15 69
15 82
15 84
15 85
15 88
15 89
15 91
15 93
15 96
15 104
15 110
15 111
15 112
15 115
15 116
15 117
15 121
15 122
15 127
15 129
15 135
15 138
15 143
15 146
15 148
16 20
16 25
16 26
16 37
16 39
16 42
16 47
16 53
16 64
16 67
16 73
16 88
16 92
16 94
16 110
16 113
16 121
16 128
16 130
16 134
16 144
16 149
17 31
17 37
17 41
17 44
17 49
17 57
17 60
17 63
17 89
17 91
17 93
17 96
17 97
17 103
17 104
17 105
17 106
17 107
17 111
17 116
17 119
17 121
17 125
17 134
17 143
18 34
18 38
18 51
18 52
18 60
18 67
18 74
18 75
18 81
18 87
18 109
18 111
18 114
18 117
18 125
18 126
18 132
18 133
18 138
18 140
18 141
18 143
18 145
18 147
19 21
19 27
19 33
19 34
19 40
19 67
19 72
19 73
19 74
19 82
19 88
19 89
19 92
19 100
19 106
19 107
19 110
19 133
19 134
19 140
19 145
20 21
20 22
20 28
20 40
20 41
20 45
20 46
20 50
20 53
20 66
20 70
20 71
20 73
20 75
20 82
20 88
20 92
20 94
20 101
20 115
20 117
20 119
20 126
20 133
20 134
20 140
20 144
21 22
21 25
21 26
21 31
21 35
21 40
21 43
21 47
21 54
21 72
21 73
21 74
21 78
21 79
21 81
21 85
21 87
21 88
21 91
21 95
21 101
21 102
21 111
21 112
21 113
21 130
21 141
21 142
21 146
21 147
22 25
22 35
22 45
22 52
22 59
22 62
22 63
22 67
22 78
22 93
22 95
22 98
22 100
22 103
22 104
22 106
22 114
22 126
22 129
22 131
22 132
22 136
22 140
22 142
22 147
22 148
23 27
23 34
23 38
23 39
23 48
23 49
23 51
23 57
23 61
23 63
23 68
23 69
23 70
23 72
23 74
23 86
23 87
23 90
23 96
23 107
23 110
23 112
23 120
23 121
23 128
23 131
23 135
23 140
23 141
23 142
23 143
23 147
23 148
24 27
24 31
24 37
24 38
24 40
24 41
24 45
24 51
24 55
24 65
24 66
24 68
24 74
24 86
24 87
24 89
24 91
24 94
24 97
24 102
24 113
24 122
24 125
24 128
24 130
24 136
24 137
24 140
24 144
24 146
25 26
25 32
25 34
25 37
25 40
25 41
25 45
25 47
25 53
25 54
25 56
25 61
25 64
25 72
25 76
25 77
25 79
25 87
25 92
25 106
25 108
25 113
25 121
25 133
25 135
25 136
25 143
26 28
26 42
26 45
26 49
26 58
26 60
26 61
26 67
26 72
26 74
26 86
26 94
26 99
26 104
26 113
26 115
26 118
26 120
26 121
26 128
26 129
26 137
26 140
26 144
26 147
27 35
27 38
27 64
27 66
27 70
27 72
27 74
27 78
27 82
27 87
27 92
27 93
27 98
27 101
27 107
27 114
27 118
27 120
27 124
27 125
27 129
27 135
28 29
28 40
28 41
28 47
28 52
28 54
28 55
28 58
28 65
28 67
28 68
28 69
28 73
28 79
28 82
28 87
28 99
28 101
28 105
28 114
28 118
28 119
28 123
28 125
28 132
28 140
29 33
29 35
29 40
29 42
29 49
29 56
29 57
29 58
29 63
29 79
29 85
29 86
29 87
29 98
29 101
29 107
29 110
29 118
29 128
29 129
29 136
29 137
29 142
30 38
30 50
30 53
30 61
30 62
30 63
30 75
30 79
30 80
30 93
30 96
30 101
30 103
30 104
30 109
30 119
30 123
30 138
30 139
30 140
30 142
30 145
30 149
31 35
31 36
31 45
31 58
31 60
31 65
31 70
31 72
31 76
31 80
31 82
31 83
31 87
31 92
31 93
31 103
31 106
31 107
31 115
31 120
31 122
31 125
31 131
31 133
31 134
31 135
31 149
32 34
32 38
32 46
32 47
32 56
32 57
32 60
32 65
32 67
32 79
32 83
32 85
32 89
32 112
32 113
32 114
32 120
32 121
32 123
32 126
32 134
32 136
32 144
32 148
32 149
33 36
33 40
33 41
33 46
33 47
33 54
33 58
33 74
33 79
33 84
33 91
33 93
33 95
33 96
33 102
33 115
33 116
33 120
33 121
33 122
33 126
33 130
33 131
33 135
33 139
33 141
33 145
34 37
34 40
34 48
34 56
34 71
34 74
34 76
34 81
34 82
34 86
34 90
34 91
34 97
34 101
34 105
34 111
34 119
34 125
34 128
34 129
34 141
34 145
34 146
35 36
35 41
35 57
35 67
35 70
35 73
35 80
35 82
35 83
35 84
35 88
35 89
35 97
35 102
35 105
35 112
35 113
35 117
35 127
35 133
35 137
35 141
36 41
36 54
36 55
36 62
36 67
36 71
36 73
36 83
36 92
36 95
36 97
36 106
36 108
36 110
36 118
36 123
36 127
36 131
36 136
36 140
36 142
36 143
36 144
36 149
37 43
37 45
37 53
37 69
37 73
37 76
37 83
37 87
37 92
37 94
37 95
37 102
37 103
37 115
37 118
37 119
37 126
37 141
37 143
38 40
38 44
38 49
38 53
38 54
38 64
38 67
38 70
38 73
38 76
38 77
38 80
38 83
38 88
38 96
38 99
38 101
38 105
38 108
38 109
38 111
38 123
38 124
38 131
38 133
38 134
38 139
38 148
39 48
39 53
39 54
39 55
39 60
39 63
39 64
39 65
39 66
39 77
39 85
39 86
39 98
39 105
39 107
39 112
39 115
39 121
39 123
39 124
39 135
39 137
39 143
40 42
40 51
40 53
40 61
40 64
40 82
40 90
40 91
40 97
40 99
40 103
40 104
40 108
40 111
40 117
40 118
40 120
40 128
40 133
40 139
40 140
40 141
40 147
40 149
41 47
41 51
41 53
41 57
41 62
41 69
41 75
41 85
41 104
41 106
41 109
41 111
41 112
41 117
41 119
41 121
41 127
41 130
41 131
41 137
41 140
41 143
42 44
42 61
42 67
42 76
42 80
42 81
42 88
42 94
42 102
42 107
42 111
42 114
42 115
42 119
42 120
42 122
42 139
42 141
42 144
42 149
43 47
43 49
43 51
43 60
43 61
43 65
43 67
43 70
43 72
43 76
43 78
43 79
43 80
43 85
43 91
43 92
43 94
43 108
43 109
43 112
43 114
43 117
43 120
43 130
43 133
43 135
43 136
43 138
43 142
43 143
43 144
43 145
43 148
44 45
44 53
44 63
44 64
44 69
44 70
44 74
44 76
44 80
44 83
44 85
44 87
44 97
44 100
44 102
44 110
44 112
44 117
44 118
44 132
44 137
44 138
44 140
44 142
44 146
45 48
45 53
45 58
45 62
45 64
45 65
45 67
45 70
45 71
45 74
45 84
45 93
45 94
45 104
45 114
45 116
45 122
45 125
45 126
45 130
45 136
45 138
45 146
45 149
46 50
46 51
46 53
46 57
46 58
46 66
46 72
46 75
46 79
46 81
46 89
46 91
46 98
46 117
46 120
46 125
46 145
47 53
47 57
47 59
47 61
47 62
47 69
47 71
47 73
47 75
47 76
47 79
47 81
47 82
47 98
47 110
47 111
47 113
47 121
47 125
47 133
47 137
47 139
47 143
47 144
48 50
48 63
48 69
48 71
48 72
48 76
48 82
48 84
48 87
48 91
48 92
48 95
48 103
48 106
48 107
48 110
48 111
48 113
48 116
48 119
48 130
48 133
48 136
48 138
48 141
48 142
49 53
49 57
49 66
49 71
49 81
49 86
49 87
49 92
49 93
49 95
49 101
49 104
49 105
49 107
49 113
49 114
49 125
49 127
49 128
49 133
49 136
49 137
49 140
49 144
49 149
50 53
50 65
50 82
50 85
50 88
50 90
50 108
50 113
50 118
50 125
50 128
50 129
50 133
50 136
50 143
51 57
51 62
51 75
51 76
51 79
51 86
51 90
51 93
51 94
51 98
51 103
51 108
51 109
51 110
51 112
51 124
51 128
51 131
51 133
51 144
52 59
52 66
52 68
52 75
52 86
52 87
52 89
52 93
52 96
52 101
52 109
52 130
52 132
52 133
53 54
53 55
53 57
53 60
53 62
53 63
53 68
53 73
53 80
53 81
53 82
53 87
53 90
53 93
53 104
53 106
53 114
53 122
53 126
53 128
53 130
54 57
54 77
54 83
54 84
54 97
54 104
54 106
54 109
54 111
54 112
54 116
54 119
54 124
54 128
54 129
54 133
54 141
54 143
54 144
54 149
55 56
55 73
55 80
55 88
55 122
55 125
55 127
55 128
55 130
55 139
55 144
55 147
56 71
56 73
56 81
56 85
56 86
56 87
56 88
56 91
56 97
56 100
56 102
56 108
56 116
56 125
56 130
56 134
56 136
56 137
56 138
56 143
56 148
57 60
57 68
57 70
57 71
57 76
57 93
57 95
57 97
57 103
57 105
57 121
57 124
57 129
57 135
57 136
57 141
57 142
57 148
57 149
58 59
58 69
58 70
58 71
58 75
58 81
58 90
58 95
58 103
58 104
58 106
58 114
58 116
58 122
58 125
58 135
58 136
58 139
58 141
58 149
59 64
59 67
59 68
59 73
59 85
59 88
59 89
59 90
59 91
59 92
59 94
59 95
59 104
59 106
59 126
59 129
59 130
59 140
59 146
60 67
60 70
60 77
60 83
60 88
60 102
60 104
60 106
60 107
60 111
60 121
60 134
60 141
60 142
60 146
60 149
61 62
61 63
61 64
61 67
61 71
61 79
61 81
61 94
61 95
61 98
61 103
61 106
61 111
61 112
61 128
61 144
61 145
61 146
62 64
62 72
62 73
62 82
62 87
62 89
62 95
62 99
62 100
62 105
62 114
62 119
62 120
62 121
62 126
62 128
62 130
62 137
62 146
63 69
63 73
63 82
63 84
63 92
63 95
63 97
63 99
63 105
63 106
63 107
63 119
63 132
63 143
63 147
63 148
64 67
64 74
64 83
64 85
64 104
64 107
64 109
64 110
64 113
64 120
64 122
64 123
64 138
65 66
65 71
65 77
65 78
65 82
65 83
65 84
65 94
65 95
65 97
65 120
65 123
65 138
65 147
65 149
66 74
66 76
66 84
66 93
66 95
66 96
66 98
66 100
66 107
66 114
66 120
66 121
66 123
66 131
66 132
66 133
66 135
66 143
66 148
66 149
67 71
67 73
67 77
67 78
67 86
67 88
67 98
67 100
67 104
67 110
67 112
67 118
67 120
67 127
67 128
67 129
67 131
67 137
67 140
67 142
67 143
67 144
67 148
68 72
68 85
68 88
68 93
68 96
68 97
68 101
68 113
68 114
68 116
68 133
68 135
68 136
68 139
68 140
68 143
68 146
69 79
69 83
69 86
69 96
69 104
69 106
69 111
69 116
69 121
69 124
69 125
69 126
69 135
69 137
69 140
70 72
70 76
70 77
70 81
70 82
70 83
70 85
70 87
70 92
70 99
70 124
70 125
70 128
70 131
70 133
71 72
71 77
71 79
71 82
71 91
71 92
71 105
71 112
71 116
71 117
71 121
71 133
72 73
72 74
72 78
72 86
72 88
72 90
72 93
72 94
72 96
72 97
72 98
72 99
72 103
72 104
72 113
72 124
72 125
72 126
72 127
72 136
72 139
73 74
73 79
73 86
73 90
73 92
73 95
73 103
73 106
73 114
73 120
73 126
73 127
73 131
73 133
73 139
73 140
73 141
73 148
74 77
74 79
74 80
74 82
74 84
74 92
74 100
74 105
74 113
74 123
74 130
74 132
74 142
74 146
74 147
75 78
75 88
75 95
75 104
75 109
75 127
75 133
75 134
75 138
75 140
75 147
76 82
76 89
76 93
76 113
76 116
76 117
76 130
76 134
76 135
76 143
76 147
76 148
77 79
77 82
77 87
77 94
77 96
77 113
77 116
77 118
77 119
77 128
77 133
77 134
77 140
77 142
77 143
78 86
78 101
78 103
78 107
78 113
78 114
78 125
78 126
78 134
78 135
78 140
78 141
78 149
79 82
79 87
79 88
79 111
79 114
79 115
79 116
79 117
79 122
79 124
79 125
79 136
79 138
79 139
79 141
79 142
79 143
79 147
80 84
80 102
80 122
80 129
80 133
80 135
80 137
80 138
80 143
80 149
81 85
81 97
81 103
81 105
81 109
81 117
81 118
81 119
81 122
81 127
81 135
81 143
81 149
82 83
82 86
82 92
82 95
82 96
82 109
82 119
82 125
82 128
82 130
82 139
82 145
82 147
82 148
82 149
83 84
83 90
83 91
83 92
83 96
83 97
83 106
83 111
83 123
83 127
83 137
83 139
83 140
83 144
84 86
84 90
84 91
84 102
84 103
84 108
84 116
84 136
84 144
84 145
84 148
85 86
85 89
85 107
85 117
85 122
85 128
85 132
85 134
85 135
85 137
86 89
86 92
86 93
86 98
86 101
86 115
86 125
86 129
86 132
86 134
86 137
86 138
86 147
86 149
87 94
87 99
87 111
87 123
87 124
87 126
87 128
87 142
88 89
88 90
88 92
88 93
88 94
88 96
88 99
88 101
88 121
88 129
88 131
88 132
88 136
88 138
88 139
89 90
89 97
89 101
89 103
89 122
89 123
89 142
89 148
90 96
90 103
90 104
90 110
90 114
90 116
90 118
90 126
90 128
90 135
90 139
90 141
90 149
91 102
91 109
91 113
91 118
91 122
91 124
91 125
91 126
91 131
91 134
91 141
91 142
92 93
92 97
92 98
92 106
92 107
92 108
92 116
92 124
92 126
92 127
93 102
93 115
93 121
93 124
93 126
93 137
93 141
93 147
94 106
94 107
94 111
94 113
94 123
94 128
94 141
94 145
94 148
95 100
95 108
95 110
95 112
95 131
95 137
95 138
95 139
96 100
96 102
96 114
96 115
96 122
96 132
96 135
96 144
96 145
96 149
97 104
97 107
97 112
97 114
97 115
97 117
97 122
97 123
97 127
97 136
97 138
97 141
98 119
98 128
98 139
99 105
99 122
99 123
99 125
99 126
99 130
99 134
99 138
99 142
99 147
100 103
100 110
100 123
100 126
100 128
100 131
100 132
100 133
100 135
101 103
101 106
101 108
101 113
101 123
101 124
101 125
101 126
101 130
101 135
101 143
101 147
101 149
102 118
102 119
102 127
102 130
102 131
102 132
102 133
102 141
102 148
103 110
103 113
103 116
103 131
103 137
103 145
103 148
104 106
104 112
104 115
104 116
104 127
104 130
104 131
104 135
104 141
104 142
105 106
105 107
105 109
105 111
105 117
105 118
105 124
105 141
105 144
106 110
106 123
106 128
106 130
106 134
106 142
106 145
107 115
107 127
107 128
107 139
107 145
107 147
108 109
108 112
108 115
108 116
108 123
108 126
108 127
108 130
108 136
108 137
108 146
109 110
109 113
109 114
109 116
109 119
109 122
109 129
109 130
109 134
109 137
109 139
109 143
110 112
110 113
110 115
110 118
110 120
110 123
110 134
110 139
110 147
111 118
111 123
111 129
111 130
111 136
111 140
111 149
112 114
112 119
112 131
112 142
113 115
113 130
113 134
113 142
113 145
114 117
114 129
114 130
114 139
114 147
114 149
115 125
115 141
115 147
115 149
116 118
116 130
116 131
116 134
116 137
116 138
116 139
116 140
116 146
117 125
117 130
117 133
117 149
118 126
118 127
118 137
118 138
118 139
118 142
118 143
119 130
119 132
119 133
119 137
119 140
119 147
119 149
120 123
120 126
120 127
120 140
120 144
120 149
121 135
121 143
121 149
122 126
122 134
122 136
122 138
122 140
122 143
123 126
123 132
123 143
124 127
124 131
124 134
124 135
124 145
125 130
125 131
125 138
126 127
126 134
126 146
127 131
127 132
127 133
127 136
127 137
127 145
127 148
128 131
128 132
128 149
129 130
129 141
129 143
129 147
129 148
130 136
131 135
131 139
131 144
131 145
131 148
131 149
132 148
133 136
133 139
133 144
133 146
134 135
134 138
134 148
135 139
135 141
135 145
135 148
136 137
136 138
136 144
136 147
137 141
137 149
138 141
139 142
139 143
139 144
139 149
140 147
140 148
141 142
141 146
141 147
142 145
142 148
143 146
145 146
145 147
145 149
147 149
148 149
