200 5393
43 75
43 27
58 57
67 97
22 95
20 93
33 13
57 44
74 95
62 13
36 78
28 10
19 28
84 97
54 84
19 34
82 33
15 12
49 60
65 18
49 65
94 32
50 32
42 51
75 100
83 81
64 80
47 38
11 63
42 100
16 45
49 83
53 30
59 36
13 44
48 37
77 19
98 32
60 77
28 67
37 44
45 19
68 70
83 10
11 99
98 39
40 47
99 44
86 97
31 15
38 13
33 25
13 51
64 24
98 59
32 60
74 78
19 19
92 19
89 48
93 76
40 77
86 87
97 30
71 22
48 12
57 61
84 57
37 94
17 23
83 49
76 91
88 26
97 73
38 10
81 60
87 56
55 66
16 46
59 19
64 35
45 91
11 10
71 47
51 98
81 29
15 75
41 79
69 38
35 75
93 17
19 69
11 83
11 96
94 97
57 45
17 52
12 39
20 59
61 56
53 34
54 78
79 44
19 88
82 46
53 23
85 75
31 21
69 17
32 94
59 18
20 13
75 32
80 81
34 91
62 29
60 84
73 15
42 71
27 25
74 91
73 100
85 52
74 11
11 18
61 36
76 67
46 70
16 85
57 23
81 81
98 76
61 53
72 57
74 55
76 62
70 46
65 20
53 36
62 85
47 73
26 63
57 64
100 64
46 96
12 19
49 100
21 60
65 95
68 91
39 78
43 90
15 86
70 17
14 82
30 52
71 58
85 22
21 33
27 92
10 51
58 59
70 79
14 50
86 26
22 88
69 90
13 70
29 47
76 100
33 94
34 31
23 21
79 72
25 21
64 47
70 28
22 38
93 26
27 93
70 67
41 50
44 22
10 28
76 18
88 36
88 89
53 94
55 46
30 18
38 43
29 69
54 17
49 31
32 94
94 33
97 64
60 52
17 35
83 31
7857
0 3
0 5
0 7
0 8
0 9
0 10
0 15
0 16
0 20
0 24
0 25
0 26
0 27
0 29
0 34
0 35
0 37
0 39
0 41
0 43
0 45
0 46
0 47
0 49
0 52
0 56
0 57
0 58
0 60
0 61
0 66
0 67
0 68
0 69
0 76
0 78
0 80
0 83
0 84
0 85
0 86
0 87
0 89
0 91
0 92
0 93
0 94
0 98
0 99
0 100
0 101
0 103
0 108
0 115
0 117
0 120
0 124
0 126
0 130
0 135
0 138
0 143
0 147
0 148
0 153
0 154
0 162
0 163
0 171
0 176
0 179
0 181
0 188
0 190
0 193
0 194
0 195
1 5
1 7
1 14
1 16
1 19
1 20
1 22
1 23
1 24
1 34
1 36
1 37
1 39
1 41
1 45
1 48
1 50
1 51
1 52
1 53
1 54
1 55
1 56
1 65
1 66
1 68
1 69
1 71
1 73
1 81
1 88
1 90
1 104
1 105
1 114
1 119
1 120
1 123
1 125
1 130
1 142
1 146
1 147
1 148
1 152
1 154
1 158
1 162
1 164
1 166
1 167
1 170
1 172
1 173
1 177
1 180
1 183
1 184
1 188
1 190
1 196
2 3
2 5
2 7
2 9
2 11
2 14
2 16
2 23
2 24
2 28
2 33
2 35
2 40
2 41
2 43
2 45
2 50
2 51
2 52
2 53
2 55
2 56
2 57
2 59
2 64
2 66
2 67
2 68
2 71
2 72
2 76
2 78
2 81
2 83
2 85
2 89
2 91
2 95
2 101
2 105
2 106
2 107
2 109
2 110
2 111
2 113
2 115
2 117
2 118
2 119
2 120
2 122
2 126
2 127
2 128
2 129
2 130
2 133
2 135
2 138
2 141
2 143
2 148
2 149
2 153
2 158
2 160
2 163
2 169
2 173
2 177
2 184
2 185
2 186
2 192
2 193
2 194
2 195
2 197
2 199
3 5
3 8
3 11
3 13
3 14
3 15
3 17
3 19
3 21
3 24
3 28
3 29
3 30
3 41
3 47
3 49
3 50
3 53
3 54
3 57
3 58
3 61
3 62
3 63
3 66
3 69
3 72
3 75
3 77
3 79
3 80
3 81
3 82
3 83
3 86
3 88
3 89
3 91
3 93
3 96
3 97
3 98
3 99
3 111
3 112
3 113
3 118
3 121
3 122
3 124
3 128
3 136
3 140
3 141
3 142
3 144
3 145
3 149
3 152
3 154
3 155
3 161
3 166
3 168
3 171
3 178
3 182
3 186
3 191
3 193
3 197
4 6
4 16
4 19
4 20
4 22
4 23
4 24
4 27
4 28
4 32
4 36
4 39
4 40
4 44
4 45
4 47
4 50
4 57
4 58
4 60
4 61
4 63
4 65
4 68
4 71
4 74
4 76
4 80
4 83
4 84
4 85
4 92
4 94
4 97
4 98
4 99
4 100
4 106
4 108
4 109
4 112
4 115
4 116
4 119
4 122
4 124
4 125
4 126
4 130
4 131
4 133
4 134
4 136
4 138
4 141
4 142
4 143
4 144
4 146
4 147
4 148
4 149
4 151
4 164
4 167
4 168
4 169
4 170
4 171
4 173
4 175
4 177
4 178
4 180
4 183
4 187
4 190
4 191
4 192
4 194
4 197
5 6
5 9
5 12
5 14
5 15
5 23
5 28
5 32
5 34
5 41
5 43
5 46
5 47
5 49
5 66
5 67
5 75
5 76
5 85
5 87
5 88
5 89
5 92
5 94
5 95
5 97
5 100
5 103
5 108
5 110
5 112
5 113
5 115
5 116
5 117
5 120
5 126
5 128
5 130
5 131
5 137
5 140
5 141
5 142
5 143
5 144
5 146
5 147
5 148
5 149
5 152
5 154
5 158
5 159
5 165
5 168
5 170
5 173
5 176
5 177
5 180
5 181
5 183
5 184
5 189
5 192
5 193
5 197
5 198
6 7
6 8
6 9
6 11
6 17
6 18
6 25
6 26
6 27
6 36
6 38
6 40
6 42
6 45
6 48
6 49
6 50
6 56
6 57
6 58
6 60
6 63
6 67
6 70
6 71
6 74
6 76
6 77
6 78
6 79
6 81
6 82
6 84
6 85
6 86
6 87
6 89
6 91
6 96
6 97
6 100
6 101
6 105
6 106
6 108
6 109
6 110
6 112
6 115
6 119
6 120
6 121
6 123
6 129
6 130
6 134
6 136
6 137
6 140
6 141
6 145
6 149
6 151
6 152
6 156
6 157
6 160
6 166
6 167
6 168
6 171
6 172
6 174
6 176
6 179
6 180
6 182
6 183
6 185
6 187
6 188
6 192
6 196
6 197
7 10
7 15
7 23
7 26
7 27
7 32
7 34
7 36
7 38
7 45
7 47
7 54
7 56
7 57
7 61
7 63
7 66
7 73
7 74
7 75
7 78
7 85
7 88
7 92
7 93
7 95
7 96
7 98
7 99
7 101
7 102
7 104
7 105
7 107
7 109
7 111
7 116
7 118
7 123
7 125
7 130
7 132
7 134
7 135
7 136
7 137
7 141
7 143
7 152
7 154
7 155
7 156
7 158
7 159
7 160
7 161
7 163
7 165
7 176
7 178
7 181
7 183
7 185
7 190
7 192
7 199
8 12
8 15
8 18
8 23
8 26
8 30
8 32
8 42
8 44
8 47
8 48
8 55
8 57
8 58
8 60
8 63
8 64
8 65
8 69
8 73
8 75
8 78
8 79
8 80
8 81
8 83
8 86
8 96
8 99
8 103
8 104
8 105
8 107
8 110
8 111
8 113
8 114
8 115
8 116
8 122
8 126
8 128
8 133
8 134
8 136
8 138
8 145
8 147
8 148
8 150
8 154
8 156
8 158
8 161
8 162
8 164
8 173
8 175
8 177
8 184
8 186
8 187
8 189
8 191
8 196
8 198
9 10
9 11
9 12
9 13
9 14
9 15
9 17
9 18
9 20
9 22
9 29
9 30
9 31
9 36
9 37
9 40
9 42
9 47
9 54
9 55
9 65
9 68
9 72
9 75
9 76
9 77
9 80
9 81
9 86
9 89
9 94
9 95
9 97
9 98
9 99
9 100
9 104
9 110
9 111
9 115
9 118
9 121
9 122
9 125
9 126
9 130
9 131
9 132
9 133
9 138
9 140
9 141
9 142
9 143
9 147
9 149
9 153
9 154
9 158
9 161
9 163
9 165
9 168
9 169
9 170
9 171
9 175
9 176
9 181
9 182
9 183
9 184
9 187
9 188
9 194
9 196
10 11
10 14
10 27
10 28
10 29
10 34
10 35
10 36
10 41
10 44
10 46
10 60
10 62
10 67
10 70
10 71
10 72
10 74
10 76
10 77
10 78
10 80
10 83
10 84
10 85
10 87
10 91
10 94
10 95
10 97
10 98
10 99
10 104
10 105
10 106
10 109
10 110
10 113
10 120
10 122
10 126
10 130
10 131
10 133
10 136
10 137
10 141
10 143
10 144
10 146
10 152
10 153
10 154
10 155
10 158
10 161
10 162
10 163
10 165
10 168
10 169
10 172
10 174
10 177
10 179
10 180
10 184
10 186
10 188
10 189
10 192
10 193
10 194
10 198
11 14
11 15
11 18
11 19
11 20
11 21
11 22
11 26
11 27
11 30
11 31
11 32
11 33
11 34
11 36
11 37
11 40
11 43
11 47
11 48
11 51
11 54
11 55
11 60
11 62
11 63
11 65
11 70
11 71
11 74
11 77
11 79
11 80
11 81
11 86
11 88
11 92
11 96
11 97
11 101
11 102
11 105
11 109
11 110
11 114
11 123
11 124
11 127
11 128
11 133
11 135
11 136
11 139
11 142
11 143
11 148
11 153
11 155
11 157
11 158
11 159
11 161
11 163
11 165
11 166
11 167
11 171
11 172
11 174
11 176
11 182
11 189
11 195
11 196
11 198
12 13
12 14
12 16
12 17
12 18
12 19
12 22
12 25
12 28
12 29
12 30
12 32
12 33
12 34
12 35
12 38
12 43
12 44
12 49
12 52
12 59
12 61
12 64
12 65
12 67
12 68
12 69
12 72
12 73
12 74
12 75
12 82
12 84
12 86
12 87
12 92
12 94
12 97
12 101
12 104
12 108
12 120
12 121
12 122
12 123
12 124
12 125
12 129
12 130
12 134
12 136
12 137
12 141
12 142
12 143
12 145
12 147
12 148
12 149
12 150
12 152
12 155
12 161
12 162
12 164
12 165
12 166
12 167
12 171
12 172
12 173
12 175
12 176
12 178
12 179
12 180
12 181
12 185
12 186
12 188
12 189
12 192
12 193
12 196
12 197
12 198
13 16
13 23
13 25
13 26
13 30
13 31
13 36
13 38
13 40
13 41
13 44
13 45
13 48
13 51
13 56
13 59
13 61
13 62
13 63
13 64
13 67
13 71
13 72
13 73
13 75
13 77
13 80
13 81
13 84
13 86
13 87
13 88
13 89
13 91
13 94
13 96
13 98
13 100
13 101
13 103
13 105
13 108
13 110
13 112
13 114
13 116
13 117
13 119
13 120
13 121
13 123
13 128
13 129
13 134
13 135
13 136
13 144
13 145
13 149
13 150
13 151
13 156
13 159
13 160
13 162
13 163
13 164
13 165
13 172
13 173
13 174
13 178
13 180
13 182
13 185
13 191
13 194
13 197
13 199
14 15
14 18
14 20
14 23
14 24
14 25
14 28
14 34
14 40
14 41
14 44
14 45
14 47
14 49
14 50
14 57
14 58
14 59
14 63
14 74
14 78
14 80
14 82
14 88
14 92
14 93
14 98
14 99
14 100
14 101
14 108
14 110
14 116
14 118
14 120
14 123
14 124
14 126
14 134
14 135
14 136
14 141
14 150
14 151
14 152
14 155
14 159
14 160
14 166
14 169
14 170
14 172
14 174
14 175
14 181
14 182
14 189
14 191
14 192
14 193
15 17
15 18
15 22
15 27
15 29
15 32
15 35
15 36
15 37
15 40
15 45
15 48
15 49
15 50
15 52
15 53
15 55
15 56
15 58
15 59
15 62
15 64
15 66
15 67
15 68
15 71
15 72
15 73
15 77
15 78
15 79
15 80
15 83
15 85
15 86
15 87
15 92
15 96
15 98
15 100
15 105
15 106
15 107
15 108
15 110
15 113
15 115
15 116
15 117
15 119
15 120
15 121
15 122
15 123
15 124
15 130
15 132
15 134
15 135
15 139
15 141
15 142
15 144
15 147
15 154
15 155
15 159
15 161
15 163
15 164
15 170
15 177
15 181
15 182
15 185
15 186
15 188
15 191
15 192
15 194
15 196
15 198
16 17
16 19
16 25
16 27
16 31
16 35
16 36
16 38
16 41
16 43
16 44
16 45
16 47
16 49
16 50
16 56
16 57
16 60
16 61
16 62
16 64
16 65
16 68
16 70
16 71
16 74
16 75
16 78
16 81
16 82
16 83
16 88
16 92
16 94
16 97
16 100
16 108
16 109
16 113
16 120
16 121
16 124
16 130
16 133
16 134
16 136
16 138
16 144
16 145
16 148
16 156
16 158
16 161
16 164
16 166
16 167
16 170
16 177
16 179
16 180
16 184
16 186
16 187
16 188
16 190
16 197
16 198
17 21
17 22
17 23
17 25
17 26
17 27
17 33
17 35
17 38
17 43
17 44
17 46
17 51
17 60
17 63
17 66
17 68
17 70
17 73
17 78
17 82
17 85
17 87
17 88
17 89
17 91
17 96
17 98
17 100
17 101
17 104
17 108
17 110
17 111
17 112
17 117
17 124
17 125
17 133
17 135
17 136
17 141
17 143
17 146
17 148
17 152
17 153
17 154
17 155
17 156
17 161
17 166
17 167
17 168
17 170
17 172
17 175
17 176
17 178
17 188
17 194
17 195
17 197
18 19
18 23
18 25
18 27
18 29
18 31
18 34
18 37
18 39
18 45
18 47
18 52
18 57
18 58
18 59
18 60
18 63
18 65
18 70
18 76
18 82
18 87
18 88
18 92
18 94
18 95
18 97
18 98
18 99
18 102
18 105
18 107
18 109
18 111
18 113
18 115
18 117
18 121
18 122
18 123
18 127
18 129
18 134
18 135
18 136
18 137
18 147
18 152
18 153
18 154
18 155
18 157
18 165
18 166
18 167
18 168
18 169
18 170
18 176
18 179
18 187
18 189
18 191
18 192
18 194
18 195
19 20
19 21
19 22
19 24
19 25
19 28
19 29
19 31
19 33
19 34
19 41
19 42
19 43
19 46
19 47
19 48
19 50
19 54
19 57
19 59
19 60
19 62
19 63
19 65
19 66
19 67
19 68
19 70
19 71
19 76
19 81
19 85
19 89
19 90
19 96
19 102
19 103
19 106
19 108
19 110
19 112
19 117
19 118
19 124
19 127
19 130
19 132
19 135
19 136
19 140
19 141
19 142
19 144
19 147
19 148
19 150
19 153
19 158
19 159
19 160
19 161
19 164
19 165
19 171
19 172
19 173
19 175
19 182
19 187
19 189
19 191
20 23
20 30
20 32
20 34
20 35
20 40
20 44
20 46
20 48
20 49
20 50
20 52
20 53
20 57
20 67
20 72
20 74
20 83
20 84
20 88
20 89
20 91
20 98
20 99
20 102
20 109
20 110
20 112
20 113
20 114
20 119
20 120
20 121
20 122
20 124
20 126
20 128
20 129
20 131
20 133
20 136
20 139
20 140
20 146
20 147
20 159
20 162
20 164
20 166
20 168
20 169
20 170
20 182
20 183
20 185
20 188
20 189
20 190
20 196
20 197
20 199
21 26
21 28
21 29
21 36
21 39
21 42
21 43
21 45
21 46
21 47
21 50
21 54
21 56
21 57
21 60
21 68
21 69
21 70
21 71
21 75
21 76
21 84
21 85
21 87
21 88
21 90
21 92
21 93
21 97
21 98
21 100
21 103
21 107
21 120
21 124
21 126
21 128
21 130
21 134
21 135
21 139
21 141
21 142
21 143
21 145
21 146
21 147
21 149
21 151
21 152
21 153
21 154
21 155
21 157
21 159
21 160
21 161
21 162
21 164
21 167
21 168
21 169
21 171
21 173
21 178
21 184
21 186
21 187
21 188
21 192
21 194
21 196
22 23
22 24
22 28
22 32
22 33
22 34
22 36
22 37
22 38
22 41
22 48
22 52
22 53
22 57
22 59
22 61
22 63
22 68
22 72
22 73
22 74
22 79
22 91
22 99
22 103
22 104
22 105
22 112
22 113
22 114
22 116
22 117
22 119
22 120
22 122
22 124
22 127
22 128
22 130
22 133
22 134
22 135
22 136
22 137
22 138
22 140
22 141
22 144
22 145
22 146
22 147
22 151
22 152
22 155
22 157
22 160
22 161
22 164
22 167
22 169
22 170
22 172
22 173
22 181
22 184
22 189
22 190
22 197
22 198
23 24
23 27
23 28
23 30
23 31
23 32
23 34
23 35
23 37
23 39
23 47
23 48
23 49
23 50
23 53
23 66
23 67
23 68
23 69
23 70
23 79
23 81
23 82
23 83
23 84
23 87
23 89
23 96
23 97
23 103
23 104
23 105
23 109
23 114
23 116
23 118
23 120
23 123
23 125
23 126
23 128
23 129
23 134
23 139
23 140
23 143
23 144
23 154
23 156
23 160
23 161
23 168
23 172
23 175
23 176
23 178
23 184
23 186
23 187
23 190
23 191
23 192
23 194
23 195
23 199
24 26
24 29
24 30
24 32
24 34
24 35
24 36
24 39
24 42
24 44
24 48
24 50
24 51
24 54
24 56
24 59
24 60
24 61
24 63
24 64
24 69
24 71
24 76
24 77
24 79
24 80
24 81
24 83
24 84
24 86
24 87
24 89
24 91
24 92
24 97
24 100
24 102
24 104
24 105
24 106
24 107
24 108
24 113
24 115
24 118
24 122
24 123
24 127
24 132
24 139
24 141
24 144
24 146
24 148
24 150
24 153
24 156
24 157
24 158
24 160
24 161
24 162
24 165
24 166
24 170
24 171
24 172
24 176
24 178
24 179
24 181
24 182
24 183
24 185
24 186
24 187
24 193
25 32
25 34
25 37
25 39
25 40
25 42
25 46
25 50
25 51
25 52
25 53
25 54
25 56
25 59
25 61
25 65
25 66
25 67
25 68
25 73
25 74
25 78
25 81
25 82
25 84
25 85
25 87
25 90
25 92
25 95
25 98
25 101
25 103
25 108
25 112
25 113
25 114
25 115
25 116
25 117
25 118
25 121
25 122
25 124
25 125
25 127
25 128
25 129
25 130
25 131
25 136
25 140
25 143
25 150
25 153
25 155
25 157
25 159
25 160
25 161
25 162
25 163
25 167
25 168
25 175
25 176
25 177
25 178
25 179
25 181
25 184
25 188
25 196
25 197
25 199
26 27
26 28
26 29
26 30
26 31
26 44
26 48
26 50
26 52
26 54
26 56
26 57
26 62
26 64
26 68
26 72
26 74
26 77
26 78
26 79
26 80
26 82
26 83
26 85
26 91
26 92
26 93
26 94
26 97
26 98
26 101
26 103
26 112
26 114
26 115
26 118
26 123
26 124
26 125
26 128
26 129
26 130
26 146
26 152
26 156
26 159
26 160
26 161
26 164
26 165
26 167
26 170
26 174
26 175
26 177
26 179
26 187
26 193
26 196
26 198
26 199
27 30
27 35
27 38
27 43
27 44
27 45
27 50
27 51
27 52
27 54
27 57
27 59
27 62
27 73
27 75
27 77
27 78
27 80
27 81
27 83
27 87
27 88
27 91
27 93
27 95
27 98
27 101
27 104
27 106
27 110
27 112
27 114
27 119
27 122
27 123
27 127
27 128
27 129
27 130
27 138
27 139
27 140
27 141
27 144
27 152
27 156
27 159
27 160
27 164
27 165
27 166
27 167
27 171
27 173
27 174
27 175
27 179
27 182
27 183
27 190
27 191
27 192
27 194
27 197
27 198
28 35
28 36
28 38
28 39
28 40
28 43
28 44
28 46
28 49
28 50
28 51
28 55
28 58
28 60
28 61
28 62
28 64
28 66
28 67
28 70
28 73
28 74
28 75
28 77
28 83
28 84
28 85
28 87
28 88
28 89
28 98
28 99
28 104
28 105
28 106
28 108
28 109
28 111
28 112
28 113
28 116
28 117
28 119
28 120
28 121
28 122
28 123
28 125
28 126
28 132
28 134
28 136
28 138
28 139
28 141
28 142
28 143
28 144
28 145
28 147
28 148
28 149
28 151
28 153
28 156
28 157
28 159
28 160
28 161
28 164
28 166
28 169
28 172
28 174
28 175
28 177
28 183
28 186
28 191
28 192
28 193
28 194
28 198
29 30
29 31
29 32
29 33
29 34
29 35
29 37
29 43
29 49
29 52
29 53
29 58
29 59
29 63
29 68
29 69
29 76
29 86
29 87
29 90
29 94
29 96
29 98
29 99
29 103
29 105
29 106
29 107
29 109
29 114
29 120
29 127
29 128
29 130
29 133
29 135
29 141
29 142
29 143
29 144
29 146
29 147
29 148
29 149
29 151
29 153
29 154
29 156
29 157
29 160
29 161
29 167
29 168
29 172
29 176
29 177
29 178
29 181
29 183
29 184
29 186
29 188
29 189
29 190
29 193
29 195
29 196
29 198
30 33
30 34
30 43
30 48
30 50
30 52
30 53
30 56
30 57
30 59
30 64
30 68
30 73
30 77
30 78
30 84
30 89
30 90
30 91
30 96
30 101
30 104
30 106
30 107
30 108
30 111
30 112
30 115
30 122
30 127
30 132
30 138
30 141
30 142
30 147
30 149
30 152
30 154
30 158
30 160
30 161
30 162
30 167
30 168
30 169
30 170
30 171
30 175
30 181
30 183
30 188
30 189
30 190
30 191
30 194
31 33
31 34
31 43
31 49
31 50
31 52
31 55
31 57
31 58
31 59
31 63
31 64
31 65
31 71
31 75
31 76
31 78
31 81
31 84
31 86
31 89
31 91
31 92
31 95
31 96
31 97
31 98
31 99
31 101
31 103
31 105
31 106
31 107
31 108
31 111
31 112
31 113
31 115
31 116
31 117
31 118
31 119
31 124
31 128
31 130
31 131
31 132
31 135
31 141
31 143
31 147
31 148
31 149
31 150
31 151
31 153
31 154
31 157
31 159
31 161
31 166
31 168
31 175
31 177
31 180
31 183
31 185
31 189
31 191
31 192
31 197
31 199
32 33
32 34
32 35
32 38
32 40
32 41
32 44
32 52
32 55
32 56
32 60
32 62
32 64
32 65
32 67
32 70
32 71
32 72
32 73
32 74
32 76
32 77
32 83
32 85
32 87
32 90
32 92
32 93
32 94
32 96
32 98
32 99
32 103
32 104
32 107
32 111
32 113
32 118
32 127
32 129
32 130
32 131
32 134
32 135
32 138
32 139
32 144
32 145
32 147
32 148
32 149
32 151
32 152
32 154
32 155
32 162
32 163
32 164
32 165
32 169
32 170
32 171
32 172
32 173
32 175
32 176
32 179
32 181
32 182
32 190
32 193
32 194
32 197
32 198
32 199
33 34
33 37
33 39
33 40
33 41
33 47
33 51
33 52
33 54
33 56
33 57
33 65
33 73
33 74
33 82
33 83
33 85
33 86
33 87
33 89
33 93
33 94
33 96
33 97
33 99
33 101
33 108
33 111
33 112
33 114
33 115
33 119
33 121
33 122
33 123
33 125
33 126
33 132
33 134
33 135
33 138
33 146
33 147
33 150
33 153
33 154
33 157
33 159
33 160
33 161
33 165
33 168
33 169
33 177
33 184
33 186
33 187
33 188
33 193
33 194
33 196
34 35
34 38
34 42
34 43
34 49
34 51
34 52
34 55
34 57
34 60
34 68
34 69
34 71
34 77
34 78
34 82
34 83
34 85
34 86
34 92
34 100
34 101
34 103
34 106
34 112
34 115
34 116
34 117
34 120
34 121
34 122
34 123
34 124
34 126
34 128
34 129
34 131
34 132
34 136
34 137
34 138
34 141
34 143
34 144
34 145
34 152
34 153
34 154
34 155
34 157
34 158
34 159
34 164
34 165
34 166
34 168
34 173
34 174
34 176
34 177
34 178
34 180
34 185
34 187
34 190
34 191
34 192
34 193
34 198
35 37
35 40
35 41
35 42
35 44
35 45
35 46
35 50
35 54
35 56
35 58
35 65
35 70
35 71
35 74
35 78
35 79
35 80
35 81
35 84
35 86
35 87
35 89
35 91
35 93
35 104
35 111
35 116
35 117
35 125
35 127
35 128
35 129
35 130
35 131
35 133
35 138
35 140
35 141
35 142
35 144
35 146
35 148
35 151
35 155
35 156
35 161
35 162
35 164
35 169
35 170
35 173
35 177
35 178
35 181
35 184
35 185
35 187
35 193
35 194
35 195
35 196
35 197
36 37
36 39
36 41
36 42
36 46
36 48
36 53
36 55
36 57
36 58
36 60
36 65
36 67
36 71
36 72
36 74
36 75
36 76
36 78
36 79
36 82
36 83
36 85
36 93
36 94
36 95
36 96
36 99
36 103
36 105
36 107
36 109
36 118
36 120
36 121
36 130
36 132
36 133
36 134
36 138
36 139
36 140
36 141
36 144
36 152
36 162
36 167
36 168
36 171
36 172
36 176
36 178
36 180
36 182
36 183
36 184
36 185
36 186
36 187
36 196
36 198
36 199
37 38
37 40
37 43
37 44
37 45
37 46
37 47
37 50
37 51
37 52
37 58
37 61
37 62
37 63
37 64
37 67
37 68
37 74
37 79
37 80
37 84
37 85
37 87
37 92
37 94
37 95
37 100
37 102
37 103
37 105
37 106
37 115
37 122
37 125
37 127
37 128
37 130
37 132
37 133
37 134
37 138
37 139
37 140
37 147
37 151
37 152
37 155
37 156
37 159
37 162
37 164
37 179
37 182
37 185
37 186
37 187
37 189
37 196
37 199
38 43
38 44
38 45
38 56
38 57
38 58
38 59
38 61
38 62
38 66
38 68
38 70
38 73
38 74
38 79
38 80
38 82
38 85
38 98
38 102
38 104
38 105
38 106
38 108
38 109
38 111
38 117
38 119
38 120
38 125
38 128
38 137
38 139
38 141
38 143
38 147
38 155
38 157
38 161
38 162
38 164
38 167
38 168
38 169
38 174
38 179
38 180
38 181
38 189
38 190
38 192
38 193
38 195
38 196
38 199
39 45
39 47
39 51
39 53
39 54
39 56
39 60
39 61
39 63
39 64
39 65
39 67
39 68
39 73
39 78
39 81
39 85
39 88
39 91
39 92
39 98
39 99
39 103
39 108
39 111
39 112
39 114
39 115
39 116
39 118
39 123
39 124
39 125
39 129
39 130
39 132
39 136
39 137
39 139
39 143
39 145
39 149
39 152
39 155
39 156
39 158
39 159
39 165
39 166
39 167
39 168
39 174
39 177
39 182
39 187
39 188
39 191
39 195
39 196
40 43
40 44
40 45
40 46
40 48
40 49
40 51
40 56
40 57
40 58
40 59
40 61
40 62
40 63
40 65
40 68
40 69
40 72
40 73
40 74
40 81
40 86
40 87
40 88
40 91
40 92
40 93
40 94
40 95
40 96
40 102
40 103
40 110
40 112
40 118
40 120
40 121
40 122
40 126
40 132
40 133
40 135
40 138
40 143
40 145
40 147
40 154
40 155
40 157
40 158
40 161
40 162
40 163
40 165
40 166
40 169
40 170
40 171
40 173
40 176
40 177
40 183
40 185
40 189
40 190
40 195
40 196
40 198
41 42
41 45
41 47
41 49
41 50
41 54
41 55
41 56
41 57
41 61
41 62
41 65
41 67
41 69
41 70
41 71
41 72
41 74
41 76
41 77
41 82
41 83
41 84
41 85
41 91
41 93
41 99
41 107
41 111
41 112
41 114
41 117
41 119
41 121
41 122
41 123
41 125
41 128
41 131
41 136
41 142
41 143
41 144
41 146
41 148
41 151
41 152
41 153
41 154
41 155
41 157
41 158
41 159
41 160
41 161
41 162
41 163
41 167
41 168
41 171
41 172
41 174
41 175
41 178
41 180
41 181
41 182
41 184
41 185
41 187
41 189
41 191
41 192
41 193
41 196
41 197
42 43
42 45
42 46
42 47
42 48
42 57
42 60
42 62
42 64
42 65
42 66
42 68
42 71
42 73
42 75
42 78
42 79
42 80
42 83
42 84
42 85
42 86
42 87
42 90
42 93
42 97
42 98
42 100
42 103
42 105
42 107
42 108
42 109
42 112
42 115
42 124
42 125
42 126
42 128
42 130
42 131
42 134
42 137
42 138
42 142
42 146
42 147
42 151
42 152
42 154
42 156
42 159
42 162
42 164
42 165
42 166
42 170
42 172
42 177
42 178
42 182
42 187
42 192
43 44
43 46
43 47
43 48
43 49
43 51
43 52
43 53
43 54
43 55
43 56
43 59
43 67
43 68
43 69
43 70
43 71
43 73
43 74
43 76
43 77
43 83
43 85
43 86
43 87
43 89
43 90
43 93
43 94
43 95
43 97
43 99
43 102
43 108
43 109
43 110
43 117
43 118
43 123
43 124
43 129
43 138
43 139
43 141
43 142
43 145
43 147
43 149
43 151
43 153
43 157
43 162
43 165
43 167
43 168
43 169
43 171
43 173
43 174
43 183
43 185
43 186
43 187
43 188
43 189
43 191
43 194
43 195
43 196
43 197
43 198
43 199
44 45
44 47
44 48
44 50
44 54
44 55
44 58
44 63
44 64
44 66
44 72
44 77
44 80
44 82
44 83
44 84
44 85
44 88
44 93
44 103
44 105
44 108
44 115
44 119
44 122
44 127
44 135
44 137
44 138
44 140
44 143
44 144
44 146
44 147
44 151
44 154
44 156
44 158
44 160
44 161
44 163
44 164
44 168
44 172
44 173
44 179
44 180
44 181
44 183
44 187
44 188
44 189
44 192
44 198
45 46
45 49
45 51
45 52
45 61
45 62
45 63
45 67
45 70
45 71
45 72
45 74
45 76
45 77
45 78
45 79
45 81
45 82
45 88
45 96
45 99
45 100
45 107
45 111
45 116
45 118
45 120
45 123
45 128
45 129
45 132
45 133
45 135
45 136
45 146
45 147
45 148
45 150
45 157
45 162
45 166
45 173
45 176
45 177
45 179
45 185
45 187
45 190
45 192
45 196
45 197
45 199
46 47
46 51
46 52
46 58
46 59
46 60
46 62
46 64
46 65
46 67
46 69
46 70
46 71
46 73
46 79
46 80
46 83
46 84
46 87
46 89
46 98
46 100
46 101
46 104
46 106
46 108
46 110
46 114
46 115
46 118
46 119
46 122
46 123
46 130
46 133
46 136
46 137
46 143
46 145
46 146
46 147
46 148
46 153
46 154
46 156
46 157
46 160
46 164
46 165
46 168
46 170
46 171
46 173
46 176
46 180
46 188
46 190
46 191
46 195
46 197
46 198
47 49
47 52
47 53
47 57
47 58
47 60
47 63
47 65
47 66
47 69
47 75
47 78
47 79
47 80
47 81
47 83
47 86
47 88
47 89
47 90
47 94
47 95
47 96
47 97
47 98
47 99
47 101
47 103
47 106
47 109
47 113
47 114
47 115
47 116
47 117
47 120
47 122
47 123
47 124
47 125
47 126
47 127
47 131
47 134
47 137
47 140
47 143
47 150
47 153
47 161
47 163
47 166
47 167
47 169
47 170
47 171
47 173
47 175
47 179
47 184
47 186
47 187
47 189
47 195
47 197
47 199
48 52
48 55
48 56
48 57
48 58
48 60
48 63
48 64
48 65
48 73
48 75
48 80
48 81
48 82
48 84
48 86
48 90
48 91
48 96
48 97
48 98
48 99
48 100
48 102
48 104
48 105
48 112
48 113
48 114
48 116
48 121
48 122
48 125
48 129
48 130
48 131
48 132
48 135
48 139
48 141
48 143
48 144
48 145
48 148
48 149
48 153
48 154
48 156
48 160
48 161
48 170
48 172
48 176
48 177
48 178
48 185
48 186
48 187
48 188
48 189
48 190
48 192
48 197
49 51
49 52
49 54
49 55
49 59
49 61
49 68
49 75
49 80
49 81
49 82
49 83
49 85
49 86
49 91
49 95
49 96
49 101
49 104
49 106
49 110
49 116
49 117
49 119
49 121
49 122
49 125
49 127
49 128
49 129
49 131
49 137
49 138
49 140
49 141
49 144
49 146
49 150
49 152
49 154
49 156
49 161
49 162
49 163
49 166
49 167
49 168
49 171
49 172
49 179
49 180
49 182
49 184
49 189
49 198
50 61
50 63
50 68
50 71
50 72
50 75
50 80
50 88
50 90
50 92
50 93
50 95
50 99
50 105
50 108
50 112
50 118
50 119
50 124
50 125
50 129
50 133
50 135
50 136
50 138
50 140
50 141
50 142
50 144
50 145
50 150
50 151
50 153
50 155
50 156
50 163
50 164
50 166
50 169
50 170
50 174
50 179
50 183
50 187
50 191
50 195
50 198
51 52
51 58
51 61
51 62
51 64
51 66
51 70
51 75
51 81
51 84
51 90
51 94
51 95
51 96
51 98
51 99
51 102
51 105
51 108
51 109
51 110
51 112
51 123
51 125
51 127
51 129
51 131
51 132
51 133
51 136
51 137
51 139
51 141
51 146
51 147
51 149
51 151
51 161
51 162
51 166
51 169
51 170
51 172
51 174
51 175
51 176
51 181
51 182
51 183
51 184
51 185
51 187
51 192
51 196
51 197
51 198
52 55
52 56
52 58
52 59
52 64
52 65
52 67
52 69
52 70
52 71
52 77
52 82
52 83
52 90
52 91
52 96
52 103
52 105
52 110
52 111
52 114
52 118
52 119
52 121
52 123
52 124
52 125
52 126
52 127
52 131
52 137
52 138
52 140
52 141
52 144
52 146
52 149
52 157
52 158
52 164
52 166
52 169
52 170
52 173
52 176
52 177
52 179
52 181
52 184
52 185
52 186
52 187
52 188
52 189
52 191
52 192
52 194
52 195
52 198
52 199
53 56
53 57
53 58
53 63
53 64
53 69
53 70
53 71
53 72
53 77
53 80
53 85
53 87
53 88
53 89
53 92
53 94
53 95
53 99
53 101
53 104
53 108
53 112
53 113
53 117
53 118
53 120
53 121
53 122
53 125
53 127
53 131
53 132
53 133
53 136
53 137
53 141
53 145
53 147
53 148
53 149
53 150
53 151
53 153
53 154
53 155
53 156
53 158
53 159
53 161
53 162
53 164
53 165
53 170
53 174
53 176
53 178
53 181
53 187
53 188
53 189
53 191
53 193
53 194
53 196
54 57
54 69
54 72
54 73
54 75
54 77
54 78
54 79
54 80
54 83
54 84
54 86
54 92
54 93
54 96
54 97
54 98
54 100
54 103
54 107
54 110
54 115
54 116
54 118
54 120
54 121
54 123
54 126
54 130
54 132
54 133
54 134
54 141
54 146
54 150
54 151
54 153
54 154
54 158
54 159
54 161
54 162
54 170
54 172
54 175
54 176
54 177
54 181
54 184
54 187
54 190
55 57
55 59
55 61
55 63
55 67
55 71
55 73
55 75
55 76
55 77
55 80
55 82
55 83
55 84
55 85
55 88
55 90
55 96
55 102
55 107
55 108
55 111
55 112
55 113
55 115
55 116
55 117
55 120
55 122
55 124
55 126
55 127
55 130
55 131
55 133
55 136
55 141
55 142
55 143
55 145
55 147
55 148
55 151
55 152
55 153
55 154
55 155
55 158
55 161
55 164
55 165
55 167
55 168
55 169
55 170
55 172
55 173
55 174
55 175
55 180
55 181
55 183
55 187
55 189
55 196
55 197
55 198
56 59
56 60
56 64
56 72
56 73
56 75
56 77
56 82
56 90
56 92
56 93
56 94
56 95
56 97
56 98
56 99
56 100
56 101
56 114
56 115
56 119
56 120
56 128
56 130
56 131
56 133
56 135
56 137
56 138
56 139
56 145
56 146
56 150
56 151
56 153
56 155
56 162
56 165
56 169
56 170
56 171
56 175
56 176
56 179
56 180
56 181
56 183
56 189
56 190
56 191
56 192
56 195
56 197
57 62
57 63
57 66
57 68
57 74
57 75
57 76
57 79
57 81
57 82
57 87
57 88
57 89
57 90
57 92
57 93
57 106
57 109
57 115
57 118
57 119
57 121
57 122
57 123
57 127
57 128
57 131
57 133
57 134
57 139
57 141
57 143
57 144
57 146
57 147
57 148
57 149
57 153
57 157
57 162
57 163
57 168
57 170
57 173
57 174
57 179
57 182
57 191
57 195
57 199
58 61
58 62
58 63
58 64
58 67
58 68
58 69
58 70
58 71
58 72
58 73
58 75
58 81
58 83
58 90
58 91
58 96
58 100
58 104
58 107
58 110
58 114
58 118
58 119
58 121
58 125
58 131
58 142
58 143
58 144
58 145
58 149
58 152
58 154
58 155
58 156
58 157
58 165
58 168
58 170
58 173
58 174
58 176
58 181
58 183
58 186
58 191
58 192
58 193
58 194
58 198
59 63
59 65
59 66
59 69
59 76
59 77
59 78
59 83
59 85
59 86
59 87
59 88
59 91
59 92
59 93
59 94
59 95
59 97
59 99
59 100
59 102
59 103
59 104
59 107
59 108
59 109
59 111
59 116
59 117
59 118
59 122
59 123
59 125
59 126
59 131
59 135
59 136
59 137
59 140
59 144
59 148
59 150
59 155
59 156
59 174
59 176
59 177
59 179
59 181
59 183
59 184
59 185
59 186
59 187
59 189
59 193
59 194
59 197
59 199
60 62
60 63
60 67
60 71
60 77
60 78
60 88
60 89
60 93
60 94
60 95
60 98
60 99
60 105
60 108
60 112
60 117
60 119
60 120
60 122
60 131
60 133
60 134
60 135
60 136
60 137
60 140
60 146
60 149
60 150
60 151
60 152
60 153
60 162
60 164
60 166
60 174
60 176
60 179
60 180
60 184
60 185
60 194
61 62
61 64
61 67
61 73
61 74
61 77
61 78
61 80
61 82
61 85
61 90
61 92
61 95
61 100
61 102
61 104
61 105
61 106
61 108
61 109
61 110
61 111
61 113
61 116
61 117
61 118
61 122
61 123
61 124
61 127
61 137
61 140
61 143
61 147
61 152
61 154
61 159
61 161
61 163
61 167
61 171
61 172
61 173
61 174
61 176
61 177
61 178
61 186
61 192
61 193
61 194
61 196
61 199
62 63
62 67
62 69
62 73
62 75
62 85
62 86
62 87
62 93
62 98
62 99
62 100
62 104
62 105
62 106
62 107
62 108
62 109
62 110
62 111
62 113
62 116
62 117
62 120
62 121
62 123
62 125
62 128
62 129
62 132
62 133
62 134
62 135
62 137
62 138
62 139
62 140
62 144
62 145
62 147
62 149
62 151
62 152
62 155
62 157
62 162
62 164
62 165
62 167
62 169
62 173
62 175
62 176
62 179
62 181
62 183
62 184
62 188
62 197
62 199
63 66
63 70
63 71
63 72
63 79
63 80
63 81
63 82
63 83
63 85
63 86
63 87
63 90
63 95
63 98
63 104
63 105
63 106
63 107
63 108
63 109
63 111
63 114
63 117
63 118
63 119
63 121
63 126
63 132
63 133
63 137
63 138
63 140
63 142
63 143
63 146
63 148
63 149
63 151
63 152
63 156
63 157
63 159
63 160
63 161
63 165
63 166
63 171
63 172
63 179
63 180
63 183
63 184
63 185
63 188
63 189
63 194
63 195
63 196
63 198
64 66
64 67
64 68
64 77
64 82
64 86
64 87
64 88
64 89
64 94
64 97
64 101
64 103
64 104
64 106
64 109
64 113
64 116
64 119
64 120
64 121
64 123
64 128
64 129
64 133
64 135
64 137
64 140
64 142
64 144
64 149
64 150
64 154
64 156
64 157
64 158
64 159
64 161
64 168
64 171
64 172
64 173
64 179
64 180
64 184
64 185
64 186
64 189
64 190
64 191
64 193
64 194
64 199
65 68
65 70
65 71
65 73
65 76
65 78
65 82
65 84
65 89
65 90
65 91
65 92
65 93
65 94
65 96
65 99
65 101
65 102
65 103
65 107
65 108
65 110
65 115
65 118
65 122
65 123
65 124
65 126
65 128
65 130
65 132
65 133
65 135
65 136
65 140
65 141
65 143
65 144
65 145
65 147
65 148
65 150
65 153
65 154
65 155
65 156
65 157
65 158
65 159
65 160
65 161
65 162
65 163
65 165
65 166
65 173
65 186
65 187
65 189
65 191
65 192
65 194
65 196
66 72
66 73
66 74
66 77
66 79
66 80
66 81
66 85
66 88
66 93
66 94
66 95
66 96
66 103
66 107
66 109
66 112
66 113
66 118
66 121
66 126
66 127
66 131
66 132
66 133
66 136
66 137
66 139
66 141
66 142
66 144
66 146
66 147
66 148
66 149
66 157
66 160
66 161
66 164
66 166
66 167
66 168
66 169
66 171
66 172
66 176
66 177
66 180
66 183
66 184
66 192
66 196
66 197
67 71
67 74
67 76
67 78
67 81
67 82
67 86
67 87
67 88
67 91
67 100
67 101
67 102
67 104
67 107
67 108
67 110
67 113
67 116
67 122
67 123
67 124
67 127
67 129
67 130
67 132
67 134
67 139
67 141
67 142
67 143
67 146
67 151
67 157
67 158
67 159
67 161
67 162
67 163
67 166
67 168
67 169
67 170
67 173
67 176
67 180
67 181
67 182
67 189
67 193
67 194
67 197
68 75
68 76
68 77
68 80
68 82
68 85
68 86
68 88
68 92
68 95
68 99
68 104
68 106
68 107
68 109
68 112
68 114
68 115
68 116
68 117
68 118
68 119
68 122
68 123
68 126
68 133
68 135
68 136
68 139
68 141
68 142
68 145
68 151
68 153
68 154
68 155
68 156
68 162
68 165
68 166
68 167
68 170
68 171
68 172
68 173
68 176
68 178
68 179
68 183
68 184
68 185
68 188
68 190
68 192
69 78
69 80
69 81
69 83
69 85
69 87
69 88
69 90
69 91
69 94
69 96
69 97
69 98
69 102
69 104
69 106
69 109
69 114
69 115
69 116
69 120
69 124
69 127
69 129
69 131
69 133
69 134
69 135
69 136
69 139
69 141
69 145
69 151
69 154
69 155
69 158
69 159
69 163
69 165
69 170
69 173
69 174
69 175
69 176
69 180
69 181
69 183
69 184
69 186
69 188
69 189
69 194
69 196
70 71
70 72
70 73
70 76
70 78
70 84
70 85
70 86
70 92
70 99
70 101
70 103
70 104
70 106
70 107
70 109
70 110
70 111
70 114
70 115
70 117
70 118
70 122
70 123
70 125
70 127
70 128
70 129
70 133
70 135
70 136
70 138
70 141
70 146
70 147
70 148
70 150
70 155
70 158
70 159
70 162
70 165
70 166
70 167
70 173
70 175
70 176
70 180
70 185
70 187
70 188
70 195
70 197
70 198
70 199
71 74
71 75
71 76
71 77
71 81
71 84
71 87
71 96
71 97
71 99
71 104
71 105
71 106
71 108
71 112
71 117
71 119
71 122
71 124
71 125
71 127
71 128
71 131
71 134
71 137
71 138
71 140
71 141
71 144
71 147
71 151
71 152
71 156
71 157
71 159
71 164
71 166
71 168
71 170
71 171
71 172
71 176
71 177
71 178
71 179
71 182
71 184
71 190
71 192
71 193
71 195
71 198
71 199
72 74
72 76
72 80
72 82
72 85
72 86
72 87
72 92
72 93
72 95
72 98
72 103
72 107
72 112
72 114
72 115
72 116
72 125
72 126
72 127
72 129
72 130
72 132
72 135
72 136
72 138
72 140
72 144
72 150
72 155
72 156
72 161
72 162
72 164
72 167
72 168
72 169
72 171
72 177
72 180
72 182
72 185
72 192
72 194
72 195
72 196
73 74
73 76
73 77
73 78
73 87
73 88
73 90
73 93
73 97
73 99
73 101
73 103
73 104
73 105
73 106
73 107
73 108
73 110
73 111
73 112
73 114
73 117
73 118
73 122
73 123
73 124
73 126
73 127
73 129
73 133
73 138
73 139
73 143
73 149
73 151
73 160
73 163
73 164
73 166
73 170
73 175
73 177
73 179
73 181
73 182
73 188
73 193
73 194
73 196
73 198
73 199
74 75
74 79
74 80
74 81
74 83
74 85
74 90
74 91
74 97
74 101
74 102
74 105
74 106
74 107
74 108
74 109
74 110
74 111
74 112
74 113
74 119
74 124
74 129
74 132
74 133
74 134
74 136
74 137
74 138
74 141
74 144
74 147
74 150
74 155
74 157
74 158
74 159
74 162
74 163
74 164
74 166
74 172
74 175
74 184
74 186
74 187
74 190
74 191
74 194
74 195
74 196
74 197
75 76
75 77
75 78
75 79
75 81
75 84
75 87
75 90
75 91
75 93
75 94
75 98
75 99
75 100
75 101
75 102
75 103
75 105
75 109
75 111
75 112
75 115
75 116
75 118
75 121
75 126
75 127
75 130
75 132
75 137
75 138
75 139
75 141
75 146
75 147
75 148
75 153
75 156
75 157
75 159
75 161
75 162
75 164
75 165
75 167
75 170
75 171
75 172
75 173
75 174
75 175
75 181
75 182
75 184
75 185
75 186
75 190
75 192
76 77
76 80
76 82
76 83
76 86
76 88
76 89
76 90
76 95
76 98
76 100
76 104
76 105
76 108
76 109
76 113
76 118
76 124
76 125
76 128
76 129
76 131
76 133
76 134
76 135
76 138
76 140
76 141
76 142
76 145
76 148
76 150
76 152
76 162
76 163
76 165
76 168
76 169
76 171
76 172
76 182
76 185
76 188
76 189
76 192
76 194
76 197
76 198
76 199
77 78
77 79
77 82
77 84
77 86
77 90
77 98
77 100
77 101
77 102
77 103
77 105
77 108
77 115
77 116
77 117
77 120
77 121
77 124
77 125
77 131
77 132
77 133
77 136
77 138
77 144
77 146
77 148
77 154
77 155
77 160
77 162
77 168
77 169
77 174
77 176
77 181
77 184
77 185
77 187
77 188
77 190
77 191
77 196
77 199
78 79
78 83
78 86
78 87
78 89
78 92
78 96
78 97
78 99
78 101
78 103
78 104
78 106
78 109
78 112
78 115
78 117
78 122
78 123
78 124
78 126
78 127
78 133
78 138
78 139
78 144
78 148
78 149
78 155
78 156
78 157
78 158
78 160
78 161
78 162
78 165
78 166
78 168
78 175
78 176
78 191
78 195
78 196
78 197
79 85
79 88
79 94
79 95
79 98
79 99
79 101
79 102
79 105
79 106
79 110
79 114
79 115
79 116
79 121
79 124
79 126
79 127
79 130
79 132
79 139
79 140
79 144
79 148
79 151
79 156
79 157
79 158
79 160
79 161
79 163
79 166
79 167
79 168
79 170
79 171
79 173
79 174
79 178
79 180
79 181
79 182
79 183
79 185
79 189
79 190
79 192
79 194
79 195
80 82
80 86
80 87
80 89
80 93
80 94
80 97
80 98
80 101
80 102
80 104
80 109
80 110
80 111
80 112
80 117
80 120
80 123
80 124
80 125
80 129
80 132
80 135
80 136
80 137
80 143
80 145
80 148
80 151
80 152
80 155
80 156
80 161
80 164
80 167
80 170
80 173
80 180
80 182
80 183
80 184
80 186
80 189
80 193
80 195
80 198
81 88
81 91
81 92
81 94
81 95
81 100
81 101
81 105
81 107
81 108
81 109
81 110
81 111
81 113
81 118
81 121
81 122
81 123
81 124
81 125
81 126
81 127
81 135
81 137
81 138
81 140
81 147
81 148
81 151
81 152
81 153
81 155
81 157
81 158
81 160
81 166
81 171
81 174
81 177
81 180
81 183
81 184
81 190
81 191
81 192
81 193
81 194
81 195
81 196
81 197
82 83
82 85
82 86
82 87
82 93
82 94
82 97
82 99
82 101
82 103
82 108
82 111
82 117
82 119
82 120
82 124
82 125
82 126
82 129
82 131
82 134
82 136
82 137
82 138
82 139
82 140
82 142
82 143
82 149
82 150
82 151
82 154
82 157
82 160
82 162
82 164
82 165
82 167
82 169
82 170
82 173
82 176
82 178
82 185
82 188
82 190
82 191
82 194
82 195
82 196
82 197
82 198
83 85
83 86
83 89
83 99
83 101
83 102
83 103
83 110
83 114
83 115
83 119
83 120
83 123
83 124
83 125
83 126
83 127
83 128
83 129
83 130
83 131
83 133
83 135
83 138
83 139
83 140
83 143
83 145
83 148
83 152
83 157
83 160
83 162
83 163
83 165
83 167
83 169
83 170
83 174
83 177
83 179
83 180
83 186
83 187
83 190
83 193
83 194
84 85
84 86
84 87
84 89
84 92
84 94
84 95
84 96
84 98
84 102
84 104
84 105
84 110
84 113
84 115
84 120
84 130
84 133
84 135
84 137
84 142
84 143
84 148
84 150
84 152
84 154
84 155
84 158
84 160
84 167
84 170
84 171
84 172
84 175
84 183
84 187
84 192
84 196
84 198
84 199
85 90
85 94
85 96
85 97
85 98
85 99
85 105
85 107
85 109
85 111
85 112
85 113
85 114
85 115
85 116
85 120
85 122
85 125
85 127
85 128
85 131
85 132
85 135
85 136
85 143
85 144
85 147
85 149
85 153
85 155
85 158
85 160
85 164
85 168
85 169
85 171
85 172
85 173
85 177
85 178
85 180
85 182
85 186
85 190
85 194
85 197
85 199
86 87
86 91
86 94
86 96
86 97
86 105
86 107
86 109
86 110
86 112
86 114
86 116
86 122
86 123
86 129
86 131
86 132
86 133
86 134
86 139
86 146
86 147
86 148
86 150
86 152
86 156
86 160
86 163
86 165
86 166
86 168
86 172
86 173
86 176
86 178
86 184
86 187
86 189
86 190
86 192
86 194
86 196
86 197
86 199
87 89
87 90
87 91
87 93
87 94
87 99
87 105
87 106
87 109
87 113
87 119
87 121
87 123
87 126
87 130
87 131
87 133
87 136
87 137
87 140
87 142
87 143
87 145
87 146
87 147
87 163
87 166
87 167
87 172
87 179
87 180
87 182
87 183
87 184
87 189
87 194
88 92
88 99
88 101
88 102
88 104
88 108
88 110
88 111
88 114
88 116
88 118
88 123
88 124
88 127
88 128
88 129
88 130
88 132
88 134
88 137
88 142
88 145
88 148
88 149
88 150
88 152
88 154
88 156
88 157
88 158
88 159
88 163
88 166
88 167
88 174
88 177
88 178
88 180
88 182
88 183
88 186
88 189
88 197
89 93
89 99
89 101
89 102
89 106
89 108
89 110
89 112
89 114
89 115
89 117
89 118
89 120
89 122
89 123
89 124
89 125
89 131
89 133
89 135
89 136
89 139
89 140
89 145
89 146
89 154
89 161
89 165
89 166
89 167
89 168
89 169
89 170
89 172
89 173
89 175
89 177
89 178
89 179
89 181
89 184
89 191
89 197
89 198
89 199
90 91
90 95
90 96
90 97
90 102
90 105
90 106
90 111
90 112
90 113
90 114
90 118
90 119
90 120
90 121
90 122
90 124
90 125
90 126
90 128
90 130
90 135
90 139
90 140
90 142
90 144
90 145
90 146
90 151
90 153
90 154
90 156
90 158
90 160
90 161
90 162
90 163
90 164
90 165
90 167
90 172
90 174
90 175
90 176
90 177
90 179
90 180
90 184
90 185
90 186
90 187
90 188
90 190
90 191
90 192
90 193
90 194
90 195
90 197
90 198
91 92
91 94
91 95
91 97
91 100
91 101
91 104
91 106
91 107
91 119
91 123
91 124
91 126
91 129
91 132
91 135
91 139
91 141
91 146
91 147
91 151
91 155
91 162
91 164
91 168
91 170
91 171
91 172
91 173
91 174
91 178
91 180
91 181
91 183
91 185
91 186
91 187
91 188
91 189
91 191
91 192
91 193
91 197
91 198
92 99
92 100
92 101
92 104
92 107
92 108
92 110
92 111
92 114
92 115
92 116
92 121
92 125
92 127
92 131
92 134
92 146
92 147
92 148
92 151
92 156
92 157
92 159
92 164
92 168
92 170
92 171
92 173
92 175
92 180
92 181
92 183
92 187
92 193
92 195
92 199
93 97
93 98
93 99
93 102
93 103
93 104
93 105
93 108
93 109
93 110
93 113
93 115
93 118
93 119
93 121
93 123
93 126
93 127
93 128
93 130
93 132
93 135
93 136
93 140
93 142
93 144
93 146
93 156
93 157
93 162
93 163
93 165
93 166
93 177
93 178
93 180
93 182
93 183
93 184
93 191
94 97
94 102
94 103
94 107
94 108
94 111
94 112
94 116
94 121
94 126
94 130
94 131
94 135
94 136
94 137
94 138
94 147
94 153
94 155
94 158
94 164
94 166
94 167
94 169
94 170
94 181
94 186
94 189
94 195
94 197
95 98
95 101
95 102
95 103
95 107
95 110
95 113
95 116
95 117
95 118
95 119
95 120
95 126
95 127
95 136
95 137
95 149
95 152
95 159
95 160
95 161
95 163
95 165
95 167
95 173
95 175
95 176
95 178
95 180
95 183
95 184
95 186
95 187
95 189
95 194
95 195
95 196
95 198
96 98
96 99
96 102
96 107
96 108
96 111
96 116
96 117
96 119
96 123
96 126
96 130
96 131
96 136
96 141
96 144
96 147
96 152
96 155
96 157
96 160
96 161
96 171
96 174
96 175
96 177
96 179
96 181
96 183
96 188
96 189
96 191
97 98
97 99
97 100
97 103
97 106
97 110
97 111
97 117
97 120
97 121
97 122
97 124
97 130
97 131
97 134
97 141
97 142
97 144
97 145
97 150
97 153
97 154
97 155
97 157
97 160
97 161
97 162
97 166
97 167
97 170
97 172
97 173
97 174
97 175
97 176
97 178
97 181
97 186
97 188
97 189
97 193
97 195
98 100
98 106
98 108
98 110
98 112
98 113
98 114
98 115
98 116
98 118
98 121
98 126
98 133
98 135
98 137
98 139
98 141
98 142
98 149
98 150
98 155
98 162
98 165
98 166
98 168
98 169
98 170
98 173
98 174
98 181
98 183
98 187
98 191
98 193
98 194
98 197
98 198
99 100
99 102
99 103
99 104
99 105
99 106
99 108
99 112
99 113
99 114
99 115
99 118
99 119
99 120
99 123
99 126
99 128
99 129
99 132
99 136
99 142
99 143
99 144
99 145
99 146
99 148
99 154
99 156
99 157
99 159
99 162
99 164
99 165
99 167
99 168
99 170
99 173
99 180
99 181
99 183
99 184
99 186
99 192
99 193
99 196
99 197
99 198
100 104
100 106
100 108
100 109
100 110
100 116
100 119
100 122
100 123
100 124
100 128
100 129
100 130
100 131
100 132
100 133
100 134
100 136
100 137
100 138
100 143
100 144
100 147
100 150
100 155
100 157
100 158
100 164
100 166
100 167
100 170
100 174
100 176
100 177
100 178
100 179
100 181
100 182
100 184
100 186
100 196
101 105
101 111
101 114
101 115
101 120
101 123
101 126
101 129
101 136
101 137
101 138
101 142
101 144
101 149
101 150
101 152
101 154
101 155
101 156
101 157
101 158
101 160
101 164
101 167
101 169
101 172
101 174
101 175
101 176
101 178
101 180
101 184
101 185
101 189
101 192
101 195
102 105
102 108
102 111
102 112
102 114
102 117
102 126
102 129
102 133
102 134
102 141
102 144
102 146
102 148
102 149
102 152
102 153
102 157
102 158
102 159
102 161
102 162
102 163
102 166
102 167
102 169
102 172
102 175
102 176
102 177
102 178
102 181
102 182
102 186
102 188
102 190
102 192
102 195
102 197
102 199
103 105
103 106
103 108
103 110
103 112
103 113
103 117
103 118
103 119
103 121
103 122
103 123
103 129
103 132
103 134
103 135
103 137
103 138
103 139
103 140
103 141
103 143
103 145
103 147
103 149
103 152
103 156
103 157
103 158
103 160
103 162
103 164
103 168
103 169
103 173
103 176
103 178
103 179
103 181
103 185
103 189
103 194
103 196
103 198
104 106
104 107
104 108
104 110
104 112
104 114
104 118
104 119
104 122
104 123
104 125
104 126
104 131
104 132
104 135
104 136
104 137
104 138
104 142
104 145
104 147
104 150
104 153
104 154
104 159
104 161
104 162
104 163
104 164
104 165
104 166
104 167
104 168
104 170
104 172
104 173
104 175
104 176
104 179
104 183
104 184
104 185
104 188
104 190
104 192
104 199
105 112
105 113
105 115
105 116
105 118
105 120
105 124
105 126
105 135
105 138
105 140
105 142
105 143
105 146
105 147
105 149
105 150
105 151
105 156
105 157
105 162
105 163
105 166
105 171
105 173
105 177
105 179
105 180
105 186
105 196
105 198
106 107
106 110
106 112
106 113
106 114
106 116
106 117
106 118
106 121
106 122
106 125
106 127
106 128
106 129
106 136
106 137
106 138
106 142
106 146
106 148
106 150
106 151
106 156
106 163
106 164
106 165
106 167
106 172
106 173
106 175
106 176
106 177
106 182
106 183
106 185
106 187
106 189
106 190
106 191
106 194
106 196
106 198
107 109
107 112
107 116
107 117
107 118
107 123
107 125
107 132
107 133
107 138
107 141
107 143
107 144
107 150
107 151
107 153
107 156
107 158
107 162
107 170
107 175
107 177
107 178
107 181
107 182
107 186
107 189
107 192
107 194
107 195
107 196
107 198
107 199
108 111
108 113
108 116
108 120
108 121
108 122
108 123
108 129
108 131
108 132
108 136
108 142
108 144
108 145
108 146
108 149
108 150
108 151
108 153
108 156
108 159
108 161
108 164
108 165
108 169
108 170
108 176
108 177
108 179
108 180
108 181
108 182
108 183
108 187
108 193
108 195
108 197
108 198
109 112
109 117
109 119
109 122
109 125
109 127
109 130
109 131
109 133
109 134
109 137
109 138
109 139
109 140
109 146
109 149
109 151
109 153
109 154
109 159
109 160
109 165
109 166
109 168
109 171
109 174
109 177
109 178
109 180
109 182
109 184
109 186
109 187
109 188
109 191
109 192
109 193
109 197
110 113
110 114
110 116
110 119
110 122
110 123
110 128
110 131
110 134
110 135
110 139
110 141
110 150
110 151
110 155
110 156
110 158
110 162
110 163
110 169
110 175
110 176
110 180
110 181
110 184
110 185
110 186
110 193
110 194
110 196
110 197
110 199
111 112
111 116
111 118
111 121
111 125
111 126
111 127
111 130
111 131
111 136
111 138
111 139
111 140
111 144
111 145
111 147
111 149
111 151
111 152
111 162
111 164
111 165
111 166
111 167
111 169
111 170
111 171
111 172
111 173
111 174
111 175
111 178
111 183
111 184
111 185
111 186
111 193
111 195
111 197
112 114
112 118
112 119
112 121
112 122
112 125
112 128
112 131
112 133
112 136
112 137
112 142
112 145
112 147
112 149
112 150
112 153
112 158
112 162
112 168
112 173
112 175
112 178
112 181
112 182
112 183
112 184
112 185
112 186
112 188
112 193
112 194
112 198
113 116
113 118
113 121
113 122
113 123
113 133
113 134
113 136
113 138
113 142
113 143
113 148
113 149
113 151
113 153
113 154
113 155
113 158
113 159
113 161
113 162
113 163
113 165
113 169
113 170
113 171
113 178
113 184
113 185
113 188
113 190
113 194
113 196
113 197
113 199
114 116
114 118
114 126
114 128
114 130
114 131
114 132
114 135
114 137
114 138
114 141
114 145
114 146
114 147
114 148
114 154
114 156
114 157
114 162
114 169
114 171
114 173
114 176
114 178
114 181
114 182
114 186
114 187
114 189
114 192
114 193
114 195
114 197
115 123
115 125
115 126
115 130
115 133
115 134
115 136
115 137
115 140
115 141
115 142
115 147
115 148
115 149
115 151
115 154
115 156
115 163
115 164
115 166
115 168
115 171
115 172
115 174
115 177
115 183
115 185
115 187
115 189
115 190
115 195
115 198
116 120
116 124
116 125
116 126
116 128
116 131
116 133
116 135
116 136
116 137
116 139
116 140
116 143
116 153
116 154
116 156
116 157
116 163
116 164
116 166
116 167
116 170
116 171
116 173
116 174
116 178
116 179
116 182
116 186
116 188
116 199
117 118
117 121
117 122
117 124
117 127
117 128
117 131
117 134
117 138
117 140
117 144
117 145
117 146
117 147
117 150
117 153
117 155
117 156
117 157
117 159
117 162
117 163
117 164
117 165
117 167
117 169
117 171
117 172
117 174
117 175
117 179
117 184
117 186
117 190
117 194
117 196
117 197
117 199
118 119
118 123
118 125
118 131
118 135
118 136
118 140
118 148
118 149
118 151
118 154
118 156
118 160
118 161
118 162
118 163
118 167
118 170
118 171
118 178
118 179
118 183
118 190
118 195
118 198
119 120
119 121
119 124
119 125
119 126
119 127
119 130
119 137
119 139
119 140
119 141
119 142
119 144
119 146
119 148
119 149
119 151
119 155
119 156
119 159
119 163
119 167
119 168
119 169
119 171
119 174
119 176
119 177
119 178
119 185
119 189
119 190
119 192
119 198
119 199
120 123
120 124
120 125
120 128
120 132
120 133
120 135
120 137
120 144
120 148
120 151
120 152
120 153
120 154
120 158
120 160
120 162
120 163
120 164
120 171
120 182
120 183
120 184
120 185
120 187
120 189
120 192
120 195
120 196
121 122
121 123
121 124
121 125
121 128
121 129
121 131
121 132
121 133
121 135
121 136
121 144
121 145
121 150
121 164
121 169
121 170
121 174
121 179
121 186
121 187
121 191
121 192
121 193
121 195
121 196
121 198
122 123
122 127
122 129
122 130
122 131
122 133
122 134
122 136
122 138
122 140
122 143
122 149
122 150
122 154
122 156
122 157
122 159
122 160
122 161
122 168
122 169
122 170
122 172
122 179
122 182
122 185
122 187
122 190
122 196
123 125
123 127
123 128
123 129
123 130
123 133
123 134
123 136
123 137
123 144
123 152
123 153
123 155
123 156
123 157
123 160
123 161
123 162
123 164
123 167
123 171
123 174
123 177
123 179
123 180
123 181
123 183
123 184
123 185
123 192
123 196
123 197
124 126
124 127
124 128
124 130
124 134
124 135
124 136
124 139
124 142
124 145
124 147
124 149
124 151
124 154
124 155
124 156
124 163
124 166
124 167
124 171
124 174
124 183
124 185
124 188
124 189
124 190
124 192
124 195
124 199
125 127
125 131
125 136
125 138
125 140
125 141
125 142
125 143
125 144
125 146
125 148
125 151
125 154
125 156
125 160
125 162
125 166
125 168
125 169
125 170
125 171
125 172
125 175
125 176
125 178
125 179
125 180
125 181
125 182
125 183
125 184
125 186
125 187
125 188
125 193
125 194
125 199
126 127
126 130
126 132
126 133
126 134
126 137
126 139
126 141
126 147
126 148
126 149
126 155
126 159
126 160
126 161
126 162
126 163
126 166
126 169
126 172
126 173
126 175
126 178
126 179
126 180
126 183
126 186
126 188
126 192
126 194
126 195
126 196
127 132
127 135
127 138
127 141
127 142
127 143
127 146
127 150
127 152
127 158
127 159
127 162
127 163
127 166
127 168
127 172
127 174
127 175
127 180
127 182
127 183
127 185
127 186
127 188
127 189
127 190
127 191
127 195
127 196
127 197
127 198
128 129
128 130
128 131
128 133
128 144
128 146
128 148
128 154
128 157
128 158
128 160
128 162
128 163
128 166
128 170
128 175
128 176
128 180
128 182
128 183
128 186
128 189
128 190
128 196
128 199
129 133
129 136
129 140
129 147
129 150
129 152
129 154
129 155
129 157
129 158
129 160
129 161
129 162
129 167
129 169
129 170
129 171
129 172
129 174
129 176
129 181
129 184
129 191
129 195
129 196
129 197
130 132
130 134
130 140
130 142
130 146
130 147
130 150
130 157
130 161
130 162
130 164
130 165
130 166
130 170
130 178
130 180
130 181
130 182
130 184
130 186
130 190
130 191
130 192
130 196
131 133
131 136
131 137
131 140
131 141
131 145
131 148
131 149
131 150
131 156
131 157
131 160
131 163
131 164
131 166
131 167
131 171
131 172
131 177
131 181
131 183
131 184
131 185
131 186
131 187
131 189
131 190
131 193
131 196
132 133
132 134
132 137
132 138
132 139
132 140
132 143
132 150
132 152
132 153
132 154
132 156
132 158
132 160
132 161
132 166
132 173
132 174
132 175
132 176
132 180
132 181
132 183
132 185
132 191
132 197
132 199
133 140
133 142
133 143
133 146
133 148
133 150
133 153
133 156
133 158
133 161
133 167
133 168
133 173
133 174
133 175
133 176
133 183
133 184
133 194
133 197
133 198
134 137
134 141
134 144
134 148
134 149
134 152
134 153
134 156
134 158
134 159
134 160
134 163
134 167
134 171
134 176
134 177
134 186
134 187
134 189
134 191
134 192
135 136
135 139
135 140
135 142
135 143
135 146
135 147
135 148
135 150
135 153
135 157
135 159
135 161
135 164
135 166
135 172
135 174
135 175
135 176
135 177
135 178
135 185
135 187
135 189
135 191
135 194
135 195
135 199
136 137
136 139
136 145
136 146
136 147
136 148
136 155
136 158
136 160
136 164
136 165
136 166
136 167
136 169
136 173
136 177
136 178
136 180
136 184
136 186
136 187
136 189
136 190
136 191
136 194
136 196
136 197
137 140
137 141
137 142
137 145
137 146
137 148
137 149
137 150
137 151
137 153
137 161
137 162
137 167
137 168
137 170
137 171
137 180
137 181
137 182
137 185
137 190
137 192
137 194
137 196
137 197
137 199
138 144
138 146
138 148
138 149
138 151
138 160
138 161
138 163
138 164
138 166
138 167
138 168
138 171
138 172
138 173
138 174
138 175
138 176
138 177
138 179
138 181
138 183
138 184
138 186
138 189
138 191
138 194
138 197
138 198
139 140
139 141
139 143
139 145
139 147
139 148
139 149
139 152
139 154
139 161
139 165
139 167
139 175
139 177
139 178
139 182
139 187
139 188
139 189
139 190
139 191
139 199
140 141
140 142
140 145
140 146
140 151
140 154
140 157
140 163
140 165
140 167
140 169
140 170
140 173
140 175
140 176
140 177
140 178
140 183
140 184
140 185
140 188
140 191
140 193
140 195
140 199
141 143
141 144
141 145
141 150
141 151
141 154
141 157
141 161
141 163
141 164
141 166
141 167
141 168
141 174
141 177
141 178
141 180
141 185
141 189
141 195
141 197
141 198
141 199
142 144
142 147
142 148
142 150
142 151
142 154
142 155
142 167
142 170
142 171
142 173
142 174
142 175
142 177
142 179
142 180
142 184
142 186
142 189
142 190
142 192
142 193
142 196
142 197
142 198
143 144
143 145
143 148
143 149
143 157
143 158
143 159
143 164
143 165
143 166
143 167
143 170
143 178
143 180
143 181
143 182
143 185
143 191
143 192
143 193
143 194
143 195
143 199
144 146
144 152
144 157
144 159
144 164
144 168
144 170
144 171
144 172
144 175
144 176
144 177
144 178
144 180
144 181
144 182
144 188
144 191
144 193
144 194
144 195
144 198
144 199
145 149
145 151
145 154
145 155
145 159
145 162
145 164
145 166
145 167
145 170
145 171
145 173
145 174
145 175
145 177
145 178
145 179
145 180
145 182
145 185
145 186
145 192
145 193
145 194
145 195
146 155
146 156
146 157
146 158
146 159
146 162
146 163
146 164
146 165
146 170
146 173
146 174
146 175
146 178
146 181
146 182
146 183
146 184
146 191
146 194
146 195
146 196
146 198
147 148
147 150
147 154
147 155
147 156
147 159
147 160
147 162
147 164
147 169
147 170
147 174
147 176
147 177
147 181
147 182
147 187
147 190
147 198
147 199
148 151
148 153
148 154
148 157
148 160
148 161
148 163
148 165
148 169
148 176
148 180
148 185
148 187
148 192
148 193
149 153
149 155
149 162
149 163
149 166
149 167
149 168
149 170
149 172
149 175
149 179
149 181
149 186
149 189
149 195
149 199
150 153
150 156
150 157
150 159
150 161
150 163
150 168
150 170
150 172
150 175
150 176
150 177
150 178
150 179
150 180
150 182
150 184
150 185
150 191
150 193
150 195
150 197
150 199
151 153
151 156
151 158
151 160
151 161
151 165
151 168
151 169
151 171
151 173
151 174
151 177
151 178
151 181
151 182
151 183
151 185
151 186
151 193
151 194
151 197
152 153
152 154
152 164
152 165
152 178
152 179
152 180
152 181
152 186
152 187
152 189
152 191
152 192
152 196
153 154
153 155
153 157
153 158
153 164
153 165
153 166
153 168
153 169
153 170
153 171
153 174
153 178
153 182
153 184
153 188
153 193
153 194
153 197
153 199
154 155
154 156
154 160
154 162
154 163
154 165
154 168
154 169
154 178
154 179
154 181
154 186
154 187
154 188
154 189
154 193
154 195
154 196
154 198
154 199
155 156
155 162
155 168
155 171
155 173
155 175
155 182
155 183
155 184
155 186
155 188
155 191
156 159
156 161
156 163
156 170
156 172
156 175
156 178
156 179
156 183
156 184
156 185
156 191
156 192
156 199
157 158
157 163
157 164
157 165
157 167
157 170
157 180
157 183
157 186
157 188
157 191
157 192
157 196
157 197
157 199
158 160
158 164
158 166
158 167
158 169
158 170
158 172
158 173
158 176
158 180
158 184
158 185
158 190
158 193
158 197
159 167
159 168
159 169
159 170
159 171
159 173
159 174
159 178
159 179
159 180
159 185
159 187
159 193
159 194
159 195
159 197
159 198
160 161
160 162
160 163
160 165
160 166
160 169
160 177
160 178
160 181
160 183
160 185
160 188
160 189
160 196
161 162
161 164
161 167
161 171
161 172
161 173
161 174
161 175
161 177
161 178
161 187
161 190
161 191
161 192
161 193
161 194
161 196
162 164
162 167
162 171
162 172
162 174
162 175
162 177
162 181
162 186
162 187
162 194
162 198
163 167
163 169
163 172
163 177
163 178
163 184
163 186
163 187
163 188
163 190
163 191
163 194
163 195
163 196
164 165
164 166
164 167
164 168
164 169
164 170
164 176
164 177
164 179
164 181
164 183
164 184
164 185
164 190
164 191
164 192
164 193
164 199
165 166
165 168
165 171
165 173
165 174
165 181
165 182
165 184
165 185
165 186
165 187
165 189
165 191
165 192
165 193
165 198
166 168
166 169
166 170
166 171
166 175
166 177
166 184
166 186
166 187
166 192
166 194
166 199
167 171
167 172
167 173
167 174
167 177
167 178
167 179
167 182
167 184
167 187
167 188
167 191
167 196
168 169
168 170
168 174
168 175
168 177
168 178
168 179
168 183
168 184
168 188
168 189
168 195
168 197
168 198
168 199
169 170
169 171
169 172
169 178
169 179
169 181
169 182
169 185
169 186
169 190
169 191
169 196
169 198
169 199
170 174
170 175
170 176
170 177
170 178
170 181
170 185
170 186
170 193
170 194
170 195
170 196
170 197
170 198
171 172
171 174
171 175
171 177
171 178
171 180
171 183
171 190
171 195
171 199
172 173
172 174
172 175
172 176
172 177
172 180
172 182
172 184
172 185
172 186
172 188
172 192
172 193
173 175
173 176
173 179
173 185
173 188
173 190
173 192
173 199
174 175
174 176
174 180
174 190
174 191
174 194
174 196
174 197
174 198
175 179
175 180
175 181
175 188
175 189
175 190
175 191
175 194
175 198
175 199
176 179
176 180
176 182
176 185
176 191
176 193
176 194
176 195
176 196
176 199
177 181
177 183
177 188
177 189
177 192
177 193
177 194
177 196
177 199
178 180
178 181
178 183
178 186
178 188
178 190
178 197
178 198
179 183
179 184
179 185
179 186
179 188
179 189
179 190
179 194
179 195
179 198
179 199
180 183
180 184
180 185
180 186
180 189
180 195
180 196
180 198
181 186
181 188
181 191
181 193
181 198
182 184
182 187
182 188
182 191
182 195
183 188
183 189
183 191
183 192
183 193
183 196
184 187
184 188
184 189
184 190
184 191
184 192
184 193
184 196
184 197
184 198
184 199
185 186
185 187
185 188
185 192
186 187
186 191
186 195
186 196
186 199
187 191
187 193
187 194
187 195
188 191
188 196
189 191
189 194
189 195
189 199
190 192
190 193
190 194
190 197
190 198
191 192
191 193
191 194
191 195
191 197
191 198
193 194
193 196
193 197
193 199
194 199
195 198
195 199
196 197
196 198
196 199
197 198
198 199
