150 4141
19 70
24 53
19 23
15 53
70 14
98 87
39 97
41 13
26 94
53 90
38 65
58 16
95 22
65 14
52 43
100 33
47 74
65 41
99 62
91 73
63 72
54 92
31 20
34 26
100 28
57 89
63 20
13 74
85 36
13 99
99 38
94 82
11 10
82 23
90 95
68 64
79 20
93 78
64 41
100 66
74 73
29 98
88 47
26 20
87 74
68 17
74 98
100 76
76 46
20 99
94 94
70 41
49 39
38 82
30 100
71 77
76 46
64 50
80 57
67 56
73 51
10 52
22 79
45 79
76 39
38 63
33 53
48 100
80 21
72 72
50 33
40 85
61 75
19 83
89 57
31 59
89 50
34 100
44 56
44 71
14 21
52 11
82 62
19 87
12 38
85 19
95 98
24 22
19 45
43 24
93 45
91 37
68 59
92 63
47 10
12 21
86 70
100 99
32 38
52 72
43 45
97 69
83 22
59 33
98 65
40 55
79 97
49 21
78 39
65 53
72 20
26 54
42 36
32 57
13 42
26 99
45 54
99 27
27 21
11 89
54 92
75 46
25 87
58 74
100 61
52 17
80 50
57 28
46 67
89 78
36 81
98 56
25 11
22 54
74 93
41 19
59 100
73 81
76 52
94 65
43 22
56 49
17 83
71 98
11 14
73 26
71 41
80 15
73 37
92 69
4393
0 1
0 4
0 7
0 9
0 10
0 11
0 12
0 18
0 22
0 29
0 37
0 38
0 39
0 43
0 44
0 45
0 47
0 49
0 50
0 51
0 57
0 62
0 63
0 65
0 66
0 68
0 69
0 74
0 75
0 82
0 83
0 84
0 85
0 91
0 92
0 93
0 94
0 95
0 97
0 99
0 106
0 108
0 112
0 116
0 117
0 118
0 119
0 120
0 122
0 123
0 126
0 128
0 134
0 137
0 138
0 139
0 140
0 143
0 145
0 148
1 7
1 12
1 16
1 17
1 26
1 27
1 28
1 31
1 36
1 39
1 43
1 46
1 48
1 52
1 53
1 54
1 55
1 59
1 64
1 68
1 69
1 72
1 74
1 76
1 78
1 81
1 85
1 86
1 90
1 93
1 95
1 97
1 100
1 101
1 103
1 104
1 108
1 113
1 116
1 119
1 120
1 122
1 124
1 128
1 129
1 133
1 134
1 135
1 138
1 139
1 142
1 143
1 144
1 146
1 149
2 3
2 13
2 14
2 15
2 23
2 25
2 29
2 31
2 32
2 35
2 36
2 39
2 43
2 45
2 47
2 50
2 54
2 56
2 59
2 62
2 67
2 69
2 72
2 75
2 77
2 78
2 79
2 80
2 82
2 83
2 84
2 86
2 88
2 89
2 94
2 97
2 98
2 100
2 101
2 102
2 103
2 106
2 107
2 113
2 114
2 118
2 119
2 120
2 122
2 126
2 127
2 132
2 133
2 137
2 143
2 144
2 145
2 147
3 5
3 8
3 11
3 14
3 15
3 18
3 20
3 22
3 24
3 25
3 27
3 28
3 30
3 31
3 32
3 34
3 35
3 36
3 38
3 41
3 44
3 45
3 46
3 51
3 52
3 56
3 60
3 63
3 65
3 66
3 70
3 71
3 75
3 78
3 79
3 81
3 83
3 85
3 86
3 89
3 90
3 91
3 92
3 95
3 97
3 98
3 99
3 101
3 103
3 105
3 108
3 109
3 110
3 111
3 115
3 118
3 119
3 121
3 122
3 124
3 126
3 128
3 135
3 137
3 139
3 140
3 141
3 142
3 143
3 144
3 146
4 6
4 7
4 9
4 10
4 11
4 12
4 14
4 15
4 16
4 17
4 20
4 22
4 27
4 29
4 33
4 35
4 36
4 37
4 39
4 40
4 41
4 43
4 44
4 47
4 49
4 57
4 64
4 65
4 66
4 68
4 70
4 72
4 74
4 75
4 77
4 79
4 81
4 82
4 85
4 90
4 93
4 95
4 97
4 98
4 99
4 100
4 104
4 107
4 108
4 113
4 116
4 119
4 120
4 124
4 125
4 126
4 130
4 132
4 133
4 134
4 136
4 138
4 139
4 140
4 142
4 146
4 147
5 15
5 18
5 19
5 20
5 21
5 23
5 25
5 26
5 27
5 36
5 37
5 38
5 45
5 56
5 58
5 59
5 60
5 61
5 62
5 66
5 67
5 71
5 72
5 73
5 74
5 75
5 77
5 78
5 86
5 88
5 93
5 97
5 100
5 105
5 108
5 113
5 117
5 120
5 121
5 135
5 137
5 139
5 140
5 144
5 148
6 8
6 9
6 11
6 13
6 14
6 15
6 16
6 17
6 19
6 20
6 21
6 25
6 29
6 30
6 35
6 43
6 44
6 46
6 47
6 48
6 51
6 54
6 58
6 59
6 60
6 63
6 67
6 68
6 69
6 70
6 71
6 72
6 76
6 78
6 81
6 83
6 84
6 86
6 87
6 90
6 92
6 99
6 100
6 102
6 106
6 112
6 117
6 120
6 121
6 124
6 126
6 128
6 132
6 133
6 134
6 135
6 137
6 139
6 144
6 145
6 147
6 148
6 149
7 9
7 10
7 15
7 16
7 23
7 24
7 27
7 30
7 32
7 33
7 34
7 38
7 41
7 42
7 43
7 47
7 49
7 51
7 61
7 63
7 66
7 68
7 69
7 71
7 72
7 75
7 76
7 77
7 80
7 81
7 82
7 84
7 85
7 86
7 87
7 91
7 92
7 93
7 95
7 101
7 104
7 106
7 107
7 110
7 111
7 119
7 121
7 122
7 128
7 129
7 130
7 135
7 137
7 138
7 143
7 145
7 146
7 147
8 9
8 10
8 11
8 16
8 21
8 22
8 24
8 25
8 27
8 30
8 31
8 34
8 35
8 36
8 40
8 50
8 52
8 53
8 58
8 63
8 64
8 65
8 67
8 68
8 69
8 70
8 71
8 78
8 79
8 80
8 83
8 84
8 86
8 87
8 89
8 98
8 99
8 103
8 106
8 107
8 111
8 117
8 119
8 121
8 122
8 124
8 130
8 132
8 134
8 138
8 140
8 142
8 145
8 147
8 148
9 10
9 12
9 20
9 23
9 25
9 26
9 29
9 30
9 33
9 36
9 37
9 41
9 42
9 43
9 44
9 45
9 46
9 48
9 51
9 55
9 57
9 59
9 60
9 62
9 65
9 66
9 69
9 76
9 80
9 84
9 86
9 90
9 91
9 92
9 93
9 94
9 95
9 97
9 99
9 101
9 102
9 105
9 106
9 108
9 111
9 112
9 116
9 117
9 119
9 120
9 121
9 122
9 127
9 128
9 130
9 131
9 132
9 134
9 135
9 139
9 141
9 143
10 12
10 16
10 17
10 19
10 23
10 25
10 32
10 33
10 34
10 35
10 37
10 38
10 39
10 41
10 42
10 44
10 47
10 51
10 53
10 54
10 59
10 63
10 64
10 65
10 67
10 68
10 71
10 74
10 77
10 80
10 82
10 87
10 97
10 99
10 100
10 103
10 104
10 106
10 107
10 108
10 109
10 113
10 114
10 116
10 122
10 124
10 126
10 128
10 130
10 132
10 135
10 139
10 141
10 143
10 145
10 146
10 149
11 13
11 30
11 31
11 37
11 41
11 43
11 45
11 47
11 52
11 53
11 54
11 64
11 66
11 69
11 70
11 72
11 73
11 74
11 75
11 78
11 81
11 82
11 88
11 91
11 93
11 94
11 102
11 103
11 108
11 117
11 120
11 125
11 127
11 128
11 129
11 130
11 140
11 141
11 142
11 146
11 149
12 13
12 20
12 24
12 26
12 32
12 36
12 41
12 48
12 49
12 50
12 51
12 53
12 54
12 55
12 56
12 62
12 63
12 65
12 66
12 67
12 68
12 69
12 71
12 76
12 77
12 79
12 81
12 84
12 85
12 88
12 90
12 95
12 98
12 100
12 102
12 103
12 108
12 111
12 114
12 119
12 120
12 121
12 123
12 125
12 133
12 135
12 139
12 140
12 141
12 143
12 146
12 148
13 14
13 16
13 21
13 24
13 25
13 27
13 29
13 35
13 36
13 40
13 43
13 56
13 58
13 60
13 61
13 64
13 66
13 67
13 72
13 73
13 75
13 78
13 82
13 85
13 88
13 89
13 94
13 95
13 96
13 97
13 98
13 100
13 102
13 103
13 104
13 106
13 112
13 116
13 118
13 123
13 124
13 125
13 132
13 135
13 139
13 140
13 141
13 142
13 143
13 147
14 21
14 24
14 27
14 31
14 33
14 34
14 35
14 36
14 41
14 43
14 44
14 46
14 47
14 49
14 55
14 57
14 59
14 66
14 67
14 70
14 71
14 73
14 74
14 76
14 77
14 78
14 80
14 85
14 86
14 90
14 95
14 97
14 98
14 100
14 102
14 104
14 105
14 107
14 109
14 116
14 121
14 124
14 126
14 129
14 130
14 132
14 133
14 136
14 137
14 139
14 141
14 142
14 143
14 144
14 146
15 16
15 17
15 22
15 25
15 28
15 29
15 37
15 38
15 39
15 40
15 41
15 45
15 49
15 53
15 55
15 60
15 62
15 63
15 65
15 67
15 71
15 73
15 76
15 79
15 84
15 87
15 92
15 93
15 95
15 96
15 97
15 99
15 100
15 103
15 104
15 106
15 110
15 111
15 116
15 117
15 122
15 124
15 126
15 127
15 128
15 129
15 131
15 135
15 136
15 145
15 146
15 147
16 17
16 19
16 22
16 27
16 28
16 30
16 36
16 39
16 40
16 41
16 42
16 47
16 49
16 51
16 52
16 55
16 61
16 64
16 65
16 67
16 68
16 71
16 73
16 74
16 75
16 78
16 82
16 84
16 86
16 88
16 91
16 100
16 101
16 104
16 107
16 108
16 109
16 112
16 114
16 116
16 118
16 119
16 123
16 124
16 127
16 128
16 129
16 130
16 131
16 132
16 135
16 136
16 138
16 140
16 141
16 144
16 146
16 147
16 148
17 18
17 20
17 21
17 25
17 27
17 34
17 38
17 39
17 41
17 43
17 46
17 48
17 51
17 52
17 53
17 54
17 56
17 60
17 62
17 64
17 68
17 69
17 70
17 73
17 78
17 82
17 88
17 90
17 93
17 95
17 96
17 100
17 101
17 102
17 108
17 111
17 116
17 118
17 119
17 129
17 131
17 133
17 134
17 135
17 136
17 139
17 141
17 145
18 20
18 23
18 25
18 28
18 30
18 31
18 34
18 40
18 44
18 45
18 46
18 47
18 48
18 52
18 54
18 55
18 61
18 63
18 65
18 66
18 69
18 70
18 74
18 75
18 76
18 81
18 82
18 86
18 88
18 89
18 90
18 93
18 94
18 98
18 99
18 100
18 103
18 104
18 106
18 110
18 111
18 112
18 113
18 114
18 115
18 120
18 130
18 132
18 136
18 142
18 145
18 147
18 148
18 149
19 28
19 29
19 31
19 35
19 36
19 37
19 38
19 45
19 47
19 49
19 51
19 53
19 54
19 56
19 57
19 58
19 59
19 60
19 62
19 66
19 69
19 71
19 74
19 75
19 76
19 77
19 78
19 79
19 80
19 82
19 85
19 87
19 89
19 91
19 93
19 95
19 97
19 98
19 101
19 102
19 104
19 107
19 108
19 109
19 114
19 120
19 122
19 125
19 128
19 130
19 133
19 136
19 138
19 140
19 143
19 145
19 146
19 147
20 32
20 35
20 40
20 43
20 44
20 45
20 46
20 47
20 48
20 49
20 50
20 51
20 55
20 56
20 59
20 60
20 61
20 62
20 63
20 64
20 67
20 69
20 74
20 75
20 76
20 78
20 80
20 81
20 82
20 83
20 84
20 96
20 97
20 99
20 101
20 103
20 104
20 107
20 109
20 111
20 113
20 115
20 117
20 118
20 121
20 122
20 126
20 128
20 131
20 136
20 138
20 143
20 144
20 145
20 146
21 22
21 23
21 26
21 29
21 32
21 34
21 35
21 39
21 40
21 41
21 42
21 43
21 45
21 49
21 51
21 56
21 59
21 62
21 64
21 65
21 66
21 69
21 71
21 73
21 75
21 77
21 78
21 79
21 83
21 84
21 88
21 89
21 91
21 94
21 96
21 97
21 99
21 101
21 102
21 107
21 110
21 112
21 113
21 114
21 115
21 116
21 117
21 119
21 120
21 122
21 125
21 127
21 133
21 136
21 140
21 141
21 142
21 144
21 148
22 27
22 29
22 31
22 34
22 38
22 41
22 43
22 44
22 45
22 46
22 47
22 48
22 52
22 53
22 61
22 62
22 65
22 67
22 68
22 70
22 73
22 74
22 78
22 79
22 80
22 81
22 86
22 87
22 90
22 93
22 95
22 100
22 102
22 104
22 107
22 115
22 117
22 123
22 124
22 125
22 128
22 129
22 130
22 131
22 132
22 134
22 136
22 142
22 146
22 147
23 28
23 35
23 38
23 39
23 44
23 46
23 47
23 50
23 51
23 52
23 53
23 54
23 62
23 63
23 64
23 65
23 67
23 72
23 74
23 75
23 78
23 81
23 87
23 90
23 92
23 96
23 102
23 107
23 110
23 111
23 113
23 119
23 122
23 123
23 125
23 126
23 129
23 130
23 132
23 135
23 136
23 138
23 139
23 141
23 142
23 146
24 25
24 30
24 31
24 32
24 35
24 36
24 38
24 39
24 41
24 42
24 44
24 45
24 47
24 49
24 50
24 51
24 54
24 56
24 63
24 65
24 76
24 77
24 82
24 84
24 88
24 89
24 94
24 96
24 97
24 99
24 101
24 104
24 105
24 107
24 116
24 117
24 119
24 121
24 123
24 125
24 127
24 133
24 135
24 137
24 138
24 139
24 141
24 146
24 148
25 27
25 29
25 31
25 34
25 35
25 39
25 40
25 42
25 44
25 45
25 47
25 51
25 52
25 53
25 54
25 55
25 65
25 66
25 73
25 74
25 75
25 76
25 79
25 83
25 88
25 89
25 94
25 96
25 99
25 104
25 108
25 110
25 112
25 115
25 120
25 122
25 124
25 126
25 135
25 136
25 137
25 139
25 142
25 144
25 145
25 146
25 147
25 148
26 27
26 30
26 33
26 35
26 37
26 40
26 45
26 46
26 47
26 49
26 50
26 56
26 64
26 68
26 70
26 72
26 74
26 75
26 77
26 83
26 85
26 86
26 88
26 96
26 98
26 99
26 101
26 104
26 105
26 106
26 107
26 109
26 110
26 113
26 114
26 116
26 117
26 118
26 126
26 129
26 131
26 134
26 135
26 138
26 139
26 140
26 142
26 147
27 28
27 31
27 32
27 36
27 39
27 40
27 41
27 45
27 51
27 54
27 58
27 59
27 60
27 63
27 68
27 73
27 74
27 76
27 78
27 80
27 86
27 91
27 92
27 93
27 95
27 96
27 98
27 100
27 103
27 105
27 106
27 109
27 112
27 114
27 119
27 122
27 129
27 130
27 132
27 136
27 137
27 140
27 143
27 145
27 149
28 33
28 35
28 39
28 40
28 41
28 42
28 43
28 48
28 52
28 61
28 62
28 69
28 75
28 78
28 79
28 81
28 82
28 87
28 94
28 96
28 99
28 101
28 102
28 103
28 107
28 108
28 120
28 123
28 128
28 132
28 135
28 145
28 146
29 30
29 33
29 36
29 39
29 45
29 48
29 51
29 53
29 54
29 55
29 61
29 65
29 66
29 67
29 69
29 72
29 74
29 78
29 81
29 82
29 84
29 86
29 87
29 88
29 89
29 95
29 97
29 98
29 100
29 104
29 106
29 107
29 109
29 110
29 112
29 113
29 116
29 118
29 121
29 122
29 126
29 127
29 128
29 130
29 133
29 138
29 141
29 142
29 144
29 146
29 149
30 31
30 32
30 38
30 43
30 46
30 50
30 52
30 57
30 58
30 64
30 68
30 71
30 72
30 74
30 77
30 78
30 79
30 80
30 88
30 94
30 95
30 96
30 100
30 102
30 103
30 108
30 114
30 115
30 116
30 121
30 127
30 128
30 130
30 133
30 134
30 135
30 136
30 137
30 138
30 143
30 145
30 146
30 147
30 148
30 149
31 34
31 39
31 40
31 42
31 45
31 48
31 49
31 52
31 55
31 57
31 60
31 61
31 72
31 73
31 74
31 81
31 84
31 87
31 88
31 92
31 93
31 94
31 96
31 99
31 100
31 103
31 106
31 111
31 117
31 118
31 121
31 127
31 128
31 130
31 131
31 132
31 133
31 134
31 136
31 137
31 139
31 140
31 141
31 142
31 144
31 146
32 35
32 36
32 37
32 38
32 39
32 41
32 43
32 49
32 54
32 56
32 60
32 64
32 65
32 66
32 69
32 71
32 73
32 74
32 79
32 80
32 81
32 83
32 84
32 86
32 92
32 94
32 95
32 99
32 100
32 101
32 103
32 107
32 109
32 112
32 115
32 116
32 119
32 121
32 131
32 134
32 136
32 137
32 141
32 142
32 144
32 147
32 149
33 36
33 38
33 39
33 41
33 42
33 44
33 45
33 46
33 48
33 49
33 50
33 53
33 54
33 56
33 59
33 60
33 61
33 73
33 77
33 80
33 81
33 82
33 83
33 89
33 90
33 94
33 99
33 100
33 101
33 103
33 108
33 111
33 113
33 118
33 120
33 121
33 123
33 124
33 125
33 127
33 128
33 129
33 135
33 136
33 137
33 140
33 143
33 144
33 149
34 37
34 43
34 46
34 49
34 51
34 52
34 54
34 57
34 62
34 64
34 70
34 74
34 75
34 78
34 79
34 83
34 84
34 86
34 87
34 93
34 94
34 95
34 98
34 99
34 101
34 106
34 107
34 109
34 112
34 114
34 121
34 125
34 126
34 131
34 133
34 138
34 139
34 144
34 149
35 36
35 40
35 42
35 47
35 50
35 53
35 55
35 56
35 57
35 58
35 59
35 64
35 66
35 69
35 73
35 77
35 78
35 79
35 80
35 82
35 84
35 87
35 91
35 99
35 101
35 102
35 107
35 109
35 113
35 115
35 119
35 120
35 122
35 123
35 125
35 127
35 128
35 130
35 131
35 132
35 133
35 134
35 135
35 136
35 137
35 140
35 144
35 146
36 37
36 40
36 44
36 54
36 62
36 69
36 71
36 73
36 76
36 80
36 81
36 82
36 86
36 88
36 89
36 91
36 92
36 93
36 96
36 97
36 99
36 100
36 102
36 105
36 111
36 112
36 116
36 117
36 121
36 123
36 125
36 126
36 131
36 132
36 138
36 139
36 142
36 144
36 148
37 39
37 40
37 46
37 47
37 50
37 51
37 52
37 54
37 57
37 58
37 60
37 62
37 63
37 65
37 66
37 71
37 72
37 74
37 76
37 77
37 78
37 80
37 81
37 84
37 85
37 87
37 88
37 89
37 94
37 95
37 98
37 102
37 106
37 107
37 109
37 111
37 115
37 124
37 133
37 135
37 136
37 138
37 139
37 141
37 142
37 144
37 145
38 40
38 43
38 47
38 51
38 52
38 54
38 56
38 58
38 67
38 69
38 72
38 76
38 78
38 79
38 84
38 87
38 89
38 97
38 98
38 99
38 101
38 102
38 103
38 105
38 107
38 108
38 110
38 112
38 115
38 122
38 124
38 134
38 135
38 137
38 139
38 141
38 142
38 143
38 147
39 44
39 45
39 54
39 58
39 59
39 61
39 63
39 66
39 68
39 76
39 78
39 80
39 81
39 84
39 89
39 90
39 91
39 92
39 93
39 96
39 99
39 101
39 102
39 107
39 111
39 113
39 115
39 117
39 118
39 120
39 121
39 125
39 131
39 135
39 136
39 138
39 142
39 148
40 43
40 44
40 46
40 49
40 50
40 52
40 56
40 57
40 60
40 61
40 62
40 65
40 67
40 69
40 70
40 71
40 75
40 78
40 79
40 80
40 82
40 83
40 84
40 86
40 89
40 90
40 95
40 96
40 102
40 104
40 107
40 112
40 117
40 118
40 119
40 123
40 125
40 126
40 129
40 133
40 136
40 138
40 143
40 144
40 146
41 42
41 44
41 45
41 47
41 48
41 49
41 52
41 53
41 55
41 56
41 60
41 61
41 70
41 75
41 76
41 77
41 79
41 80
41 82
41 85
41 87
41 88
41 89
41 92
41 93
41 96
41 98
41 99
41 101
41 105
41 108
41 124
41 126
41 130
41 133
41 140
41 141
41 145
41 146
41 149
42 44
42 47
42 49
42 51
42 53
42 57
42 60
42 62
42 64
42 73
42 74
42 80
42 83
42 88
42 89
42 90
42 92
42 94
42 95
42 99
42 105
42 108
42 109
42 110
42 111
42 114
42 119
42 120
42 121
42 122
42 123
42 124
42 127
42 129
42 130
42 131
42 134
42 136
42 138
42 139
42 142
42 144
42 145
42 146
43 44
43 46
43 50
43 54
43 57
43 61
43 67
43 68
43 71
43 73
43 80
43 81
43 82
43 84
43 85
43 87
43 89
43 92
43 94
43 99
43 100
43 102
43 103
43 104
43 105
43 106
43 111
43 112
43 114
43 116
43 117
43 118
43 123
43 125
43 126
43 128
43 130
43 132
43 134
43 140
43 141
43 143
44 49
44 53
44 55
44 56
44 59
44 65
44 67
44 71
44 75
44 79
44 80
44 84
44 88
44 92
44 93
44 94
44 97
44 98
44 99
44 100
44 103
44 104
44 108
44 110
44 111
44 116
44 117
44 118
44 128
44 129
44 130
44 133
44 136
44 137
44 140
44 142
44 144
44 145
44 146
45 47
45 48
45 50
45 54
45 55
45 65
45 66
45 68
45 76
45 77
45 78
45 79
45 80
45 82
45 87
45 91
45 93
45 94
45 96
45 97
45 98
45 100
45 103
45 111
45 112
45 115
45 118
45 120
45 122
45 124
45 129
45 130
45 131
45 132
45 134
45 139
45 143
45 146
46 50
46 51
46 59
46 63
46 68
46 70
46 74
46 75
46 76
46 81
46 86
46 90
46 92
46 101
46 102
46 107
46 108
46 111
46 112
46 117
46 118
46 122
46 123
46 124
46 129
46 131
46 132
46 135
46 144
46 146
46 149
47 52
47 55
47 56
47 57
47 59
47 61
47 64
47 73
47 76
47 77
47 79
47 84
47 87
47 96
47 98
47 99
47 106
47 107
47 108
47 112
47 113
47 114
47 115
47 117
47 128
47 130
47 133
47 134
47 138
47 141
47 143
47 145
47 146
47 147
47 148
47 149
48 49
48 52
48 53
48 57
48 60
48 61
48 62
48 63
48 64
48 66
48 70
48 71
48 73
48 75
48 76
48 77
48 82
48 83
48 85
48 87
48 90
48 91
48 98
48 100
48 102
48 103
48 106
48 107
48 110
48 113
48 115
48 116
48 119
48 123
48 124
48 125
48 127
48 131
48 132
48 133
48 135
48 141
48 142
48 143
48 144
48 146
48 148
48 149
49 50
49 52
49 54
49 56
49 58
49 59
49 60
49 63
49 64
49 66
49 68
49 70
49 73
49 75
49 77
49 78
49 79
49 80
49 85
49 87
49 90
49 91
49 93
49 94
49 97
49 102
49 103
49 105
49 108
49 109
49 113
49 115
49 116
49 117
49 122
49 125
49 128
49 129
49 130
49 131
49 133
49 134
49 135
49 138
49 142
49 143
49 145
49 146
49 147
49 148
50 53
50 54
50 62
50 64
50 66
50 67
50 69
50 70
50 71
50 74
50 75
50 77
50 78
50 80
50 83
50 85
50 86
50 87
50 99
50 100
50 101
50 102
50 105
50 106
50 109
50 110
50 111
50 116
50 119
50 120
50 123
50 125
50 126
50 127
50 129
50 132
50 135
50 138
50 141
50 143
50 144
50 146
51 54
51 55
51 58
51 59
51 61
51 64
51 68
51 70
51 71
51 78
51 79
51 81
51 83
51 84
51 86
51 89
51 90
51 93
51 94
51 96
51 97
51 98
51 100
51 109
51 110
51 113
51 115
51 119
51 121
51 129
51 131
51 132
51 133
51 134
51 136
51 143
51 144
51 148
52 54
52 64
52 65
52 68
52 72
52 75
52 76
52 77
52 82
52 94
52 96
52 99
52 102
52 103
52 104
52 112
52 114
52 115
52 121
52 125
52 127
52 128
52 135
52 137
52 138
52 140
52 142
53 54
53 56
53 58
53 59
53 62
53 63
53 65
53 70
53 77
53 80
53 86
53 87
53 89
53 90
53 91
53 94
53 98
53 100
53 104
53 105
53 109
53 110
53 111
53 112
53 116
53 118
53 119
53 120
53 125
53 128
53 129
53 131
53 132
53 137
53 138
53 146
54 55
54 56
54 58
54 59
54 63
54 64
54 66
54 67
54 68
54 71
54 72
54 74
54 79
54 85
54 86
54 87
54 88
54 96
54 97
54 98
54 99
54 100
54 101
54 106
54 107
54 108
54 109
54 110
54 112
54 115
54 118
54 119
54 120
54 121
54 122
54 123
54 124
54 127
54 128
54 129
54 130
54 131
54 133
54 137
54 138
54 140
54 141
54 143
54 146
54 148
54 149
55 58
55 59
55 60
55 61
55 69
55 77
55 78
55 79
55 84
55 85
55 88
55 91
55 93
55 95
55 99
55 102
55 107
55 114
55 115
55 116
55 119
55 124
55 129
55 130
55 133
55 135
55 140
55 146
55 148
55 149
56 58
56 65
56 69
56 70
56 72
56 74
56 83
56 96
56 102
56 105
56 108
56 109
56 110
56 114
56 117
56 120
56 121
56 123
56 124
56 125
56 126
56 129
56 131
56 132
56 134
56 135
56 139
56 142
56 144
56 145
56 149
57 58
57 64
57 68
57 71
57 76
57 87
57 88
57 89
57 91
57 93
57 94
57 96
57 97
57 100
57 104
57 108
57 116
57 120
57 122
57 123
57 124
57 126
57 130
57 131
57 135
57 136
57 137
57 138
57 139
57 140
57 143
57 144
57 145
57 147
58 63
58 64
58 65
58 69
58 71
58 72
58 75
58 77
58 78
58 80
58 82
58 85
58 91
58 95
58 98
58 102
58 105
58 106
58 108
58 110
58 112
58 117
58 122
58 123
58 127
58 128
58 131
58 133
58 135
58 136
58 140
58 143
58 149
59 60
59 61
59 63
59 66
59 68
59 70
59 72
59 73
59 74
59 75
59 84
59 85
59 86
59 89
59 90
59 91
59 92
59 93
59 95
59 103
59 109
59 111
59 112
59 115
59 117
59 119
59 120
59 125
59 127
59 131
59 134
59 136
59 141
59 142
60 62
60 66
60 67
60 70
60 71
60 72
60 76
60 78
60 81
60 82
60 83
60 89
60 92
60 95
60 97
60 99
60 102
60 104
60 105
60 106
60 107
60 109
60 112
60 114
60 117
60 120
60 123
60 126
60 128
60 130
60 132
60 134
60 135
60 136
60 141
60 142
60 143
60 144
60 146
61 64
61 65
61 67
61 68
61 70
61 73
61 74
61 76
61 78
61 80
61 84
61 88
61 89
61 92
61 93
61 95
61 99
61 100
61 101
61 105
61 107
61 110
61 114
61 115
61 116
61 119
61 123
61 124
61 125
61 126
61 127
61 129
61 130
61 132
61 135
61 139
61 142
61 143
61 146
62 72
62 74
62 76
62 80
62 82
62 86
62 87
62 89
62 91
62 92
62 94
62 96
62 97
62 98
62 101
62 103
62 104
62 106
62 107
62 112
62 113
62 114
62 116
62 118
62 120
62 121
62 123
62 131
62 133
62 134
62 135
62 138
62 140
62 147
62 148
63 66
63 68
63 71
63 73
63 74
63 77
63 79
63 80
63 85
63 87
63 89
63 90
63 97
63 99
63 102
63 106
63 108
63 109
63 111
63 113
63 114
63 117
63 118
63 122
63 125
63 127
63 129
63 130
63 133
63 135
63 139
63 142
63 145
64 65
64 67
64 68
64 74
64 77
64 81
64 85
64 88
64 89
64 90
64 91
64 93
64 100
64 101
64 102
64 103
64 105
64 109
64 112
64 113
64 115
64 120
64 122
64 127
64 129
64 130
64 133
64 135
64 141
64 146
64 148
65 71
65 73
65 74
65 78
65 81
65 82
65 84
65 88
65 89
65 91
65 93
65 94
65 95
65 96
65 100
65 105
65 109
65 116
65 117
65 118
65 121
65 122
65 125
65 126
65 127
65 128
65 129
65 131
65 134
65 136
65 143
65 144
65 149
66 70
66 75
66 77
66 81
66 82
66 83
66 85
66 86
66 87
66 88
66 90
66 91
66 94
66 98
66 100
66 101
66 102
66 107
66 108
66 111
66 112
66 114
66 117
66 121
66 122
66 125
66 126
66 128
66 131
66 133
66 136
66 137
66 138
66 140
66 146
66 147
67 79
67 82
67 86
67 87
67 88
67 90
67 92
67 95
67 100
67 102
67 103
67 104
67 107
67 108
67 110
67 112
67 114
67 117
67 121
67 124
67 129
67 132
67 133
67 136
67 145
67 146
67 148
67 149
68 70
68 72
68 79
68 82
68 84
68 86
68 89
68 91
68 94
68 96
68 97
68 99
68 100
68 101
68 102
68 103
68 105
68 107
68 108
68 109
68 111
68 113
68 114
68 122
68 124
68 126
68 127
68 128
68 131
68 133
68 135
68 138
68 140
68 141
68 143
68 145
68 146
68 149
69 74
69 75
69 81
69 86
69 87
69 88
69 91
69 93
69 94
69 95
69 99
69 100
69 101
69 102
69 103
69 104
69 105
69 106
69 107
69 108
69 109
69 110
69 114
69 115
69 118
69 119
69 121
69 123
69 125
69 128
69 129
69 130
69 131
69 132
69 134
69 135
69 139
69 140
69 142
69 144
69 147
70 72
70 74
70 80
70 81
70 83
70 84
70 86
70 88
70 90
70 92
70 93
70 95
70 96
70 99
70 104
70 108
70 109
70 110
70 114
70 115
70 117
70 120
70 121
70 124
70 126
70 128
70 129
70 130
70 132
70 133
70 136
70 139
70 143
70 144
70 146
70 148
71 72
71 75
71 76
71 79
71 82
71 83
71 84
71 86
71 91
71 92
71 93
71 96
71 99
71 100
71 101
71 102
71 105
71 106
71 108
71 110
71 111
71 113
71 115
71 120
71 126
71 136
71 137
71 146
72 82
72 85
72 86
72 91
72 92
72 93
72 96
72 100
72 103
72 104
72 108
72 112
72 113
72 114
72 117
72 118
72 120
72 121
72 123
72 124
72 125
72 127
72 131
72 132
72 134
72 138
72 142
72 146
72 148
73 79
73 82
73 84
73 86
73 89
73 94
73 95
73 97
73 98
73 100
73 102
73 103
73 104
73 106
73 107
73 108
73 116
73 119
73 121
73 129
73 131
73 136
73 137
73 139
73 146
73 148
73 149
74 75
74 76
74 77
74 80
74 84
74 86
74 91
74 94
74 95
74 100
74 101
74 102
74 103
74 104
74 108
74 115
74 116
74 124
74 125
74 126
74 131
74 132
74 133
74 134
74 136
74 138
74 139
74 140
74 141
74 142
74 143
74 145
74 148
74 149
75 77
75 78
75 80
75 81
75 90
75 93
75 94
75 99
75 100
75 103
75 104
75 105
75 107
75 108
75 111
75 112
75 115
75 117
75 122
75 126
75 132
75 138
75 141
75 144
75 148
76 77
76 79
76 81
76 89
76 95
76 96
76 98
76 99
76 103
76 104
76 105
76 109
76 118
76 119
76 123
76 127
76 143
76 144
76 146
77 78
77 79
77 81
77 83
77 84
77 85
77 88
77 90
77 94
77 97
77 98
77 99
77 102
77 105
77 107
77 109
77 111
77 115
77 118
77 119
77 120
77 121
77 124
77 125
77 126
77 128
77 129
77 131
77 133
77 134
77 136
77 137
77 141
77 143
77 147
77 148
78 81
78 83
78 87
78 88
78 93
78 94
78 97
78 98
78 101
78 103
78 109
78 112
78 113
78 114
78 117
78 118
78 119
78 120
78 130
78 134
78 135
78 137
78 138
78 139
78 140
78 143
78 149
79 82
79 83
79 86
79 87
79 88
79 90
79 92
79 97
79 101
79 107
79 108
79 110
79 112
79 115
79 118
79 124
79 128
79 129
79 130
79 131
79 135
79 136
79 138
79 139
79 140
79 147
79 148
80 82
80 84
80 86
80 87
80 90
80 92
80 97
80 99
80 100
80 103
80 104
80 105
80 107
80 111
80 112
80 115
80 117
80 118
80 119
80 124
80 125
80 126
80 127
80 128
80 130
80 131
80 132
80 138
80 142
80 143
80 144
80 145
80 149
81 82
81 83
81 85
81 88
81 89
81 92
81 94
81 98
81 99
81 101
81 102
81 103
81 104
81 114
81 119
81 123
81 128
81 130
81 132
81 133
81 138
81 141
81 145
81 146
81 147
82 83
82 84
82 85
82 86
82 91
82 93
82 94
82 99
82 100
82 102
82 103
82 105
82 107
82 108
82 109
82 113
82 114
82 120
82 122
82 124
82 125
82 130
82 141
82 142
82 143
82 147
82 149
83 101
83 103
83 105
83 107
83 108
83 109
83 110
83 114
83 115
83 117
83 119
83 123
83 124
83 126
83 130
83 131
83 133
83 134
83 136
83 137
83 142
83 148
84 87
84 90
84 92
84 94
84 96
84 100
84 102
84 103
84 104
84 110
84 116
84 120
84 127
84 129
84 130
84 131
84 132
84 136
84 137
84 138
84 140
84 141
84 143
84 145
84 146
84 147
84 148
85 92
85 95
85 97
85 98
85 100
85 101
85 102
85 105
85 108
85 116
85 117
85 118
85 120
85 121
85 128
85 130
85 131
85 136
85 137
85 144
85 145
86 87
86 90
86 91
86 101
86 104
86 105
86 108
86 110
86 113
86 114
86 119
86 126
86 133
86 134
86 135
86 136
86 140
86 143
86 144
86 145
86 148
87 89
87 91
87 93
87 95
87 96
87 98
87 99
87 104
87 105
87 106
87 108
87 109
87 111
87 113
87 116
87 119
87 120
87 122
87 123
87 128
87 132
87 134
87 137
87 138
87 143
87 144
87 145
88 89
88 92
88 93
88 94
88 97
88 99
88 102
88 104
88 105
88 109
88 110
88 111
88 113
88 114
88 123
88 125
88 127
88 128
88 131
88 132
88 133
88 138
88 139
88 140
88 143
88 145
88 147
88 148
89 92
89 95
89 96
89 109
89 113
89 114
89 115
89 116
89 118
89 119
89 121
89 124
89 126
89 130
89 135
89 138
89 139
89 141
89 142
89 144
89 145
89 147
89 148
90 91
90 92
90 94
90 102
90 104
90 109
90 110
90 111
90 114
90 115
90 116
90 119
90 121
90 122
90 124
90 131
90 133
90 134
90 137
90 141
90 142
91 93
91 95
91 99
91 100
91 107
91 109
91 113
91 114
91 115
91 116
91 117
91 118
91 120
91 121
91 129
91 132
91 135
91 138
91 144
91 148
92 93
92 97
92 99
92 100
92 101
92 105
92 108
92 109
92 110
92 116
92 118
92 119
92 122
92 123
92 125
92 127
92 128
92 132
92 136
92 138
92 140
92 142
92 144
92 145
92 148
92 149
93 100
93 101
93 103
93 106
93 107
93 114
93 115
93 118
93 127
93 130
93 132
93 140
93 142
93 143
93 144
93 146
94 96
94 102
94 104
94 106
94 108
94 112
94 114
94 117
94 120
94 124
94 125
94 128
94 129
94 131
94 132
94 133
94 134
94 136
94 137
94 138
94 140
94 144
94 149
95 96
95 98
95 99
95 100
95 102
95 106
95 107
95 110
95 111
95 112
95 113
95 114
95 119
95 120
95 121
95 122
95 125
95 131
95 134
95 135
95 139
95 141
95 142
95 145
95 147
96 97
96 101
96 102
96 105
96 116
96 119
96 121
96 124
96 127
96 135
96 136
96 138
96 140
96 142
96 144
96 145
96 146
96 148
97 99
97 101
97 103
97 104
97 106
97 114
97 116
97 118
97 120
97 121
97 123
97 127
97 128
97 131
97 136
97 137
97 138
97 143
97 146
97 149
98 99
98 100
98 102
98 103
98 104
98 106
98 108
98 109
98 110
98 111
98 114
98 116
98 119
98 123
98 126
98 128
98 135
98 136
98 137
98 138
98 139
98 141
98 144
98 146
98 147
98 149
99 101
99 105
99 106
99 111
99 113
99 115
99 116
99 118
99 123
99 128
99 131
99 135
99 142
99 143
99 144
99 145
99 148
100 103
100 104
100 108
100 112
100 117
100 118
100 119
100 120
100 122
100 128
100 129
100 131
100 133
100 136
100 137
100 138
100 141
100 142
101 104
101 107
101 110
101 112
101 115
101 120
101 127
101 130
101 131
101 134
101 139
101 141
101 144
101 147
102 103
102 104
102 105
102 108
102 112
102 113
102 116
102 121
102 122
102 123
102 124
102 127
102 128
102 129
102 131
102 133
102 134
102 137
102 139
102 145
102 146
102 149
103 109
103 110
103 111
103 112
103 116
103 117
103 118
103 119
103 122
103 123
103 124
103 129
103 133
103 135
103 139
103 142
103 143
103 144
103 146
103 149
104 107
104 109
104 111
104 113
104 117
104 118
104 122
104 126
104 132
104 133
104 136
104 140
104 145
104 147
105 112
105 113
105 114
105 116
105 117
105 119
105 123
105 128
105 129
105 132
105 135
105 136
105 140
105 142
105 143
105 144
106 113
106 114
106 116
106 121
106 122
106 129
106 131
106 132
106 133
106 136
106 140
106 142
106 148
107 108
107 112
107 113
107 115
107 118
107 119
107 122
107 126
107 127
107 130
107 142
107 144
107 146
107 148
108 109
108 111
108 118
108 119
108 123
108 126
108 138
108 140
108 141
108 146
109 114
109 115
109 116
109 121
109 122
109 124
109 126
109 127
109 129
109 131
109 132
109 133
109 135
109 138
109 143
109 145
110 111
110 113
110 114
110 115
110 117
110 118
110 121
110 125
110 129
110 136
110 137
110 141
110 144
110 149
111 112
111 114
111 122
111 125
111 126
111 127
111 141
111 143
111 147
112 114
112 117
112 118
112 120
112 121
112 122
112 125
112 127
112 128
112 129
112 136
112 137
112 138
112 139
112 141
112 143
112 144
112 145
112 146
113 114
113 116
113 119
113 121
113 122
113 125
113 127
113 129
113 131
113 133
113 138
113 139
113 140
113 141
113 142
113 143
113 147
114 116
114 118
114 119
114 122
114 123
114 125
114 128
114 129
114 132
114 134
114 136
114 137
114 139
114 140
114 141
114 144
114 146
114 147
114 148
115 118
115 119
115 121
115 123
115 125
115 130
115 132
115 141
115 142
115 146
115 149
116 120
116 121
116 122
116 123
116 124
116 125
116 129
116 130
116 132
116 136
116 139
116 140
116 143
116 144
116 145
116 147
116 148
117 118
117 121
117 125
117 129
117 131
117 132
117 138
117 140
117 142
117 143
117 144
117 146
118 120
118 124
118 130
118 138
118 140
118 141
118 142
118 143
118 146
119 122
119 123
119 126
119 128
119 129
119 130
119 133
119 134
119 135
119 136
119 138
119 140
119 144
119 147
119 148
120 121
120 122
120 123
120 125
120 126
120 131
120 134
120 136
120 138
120 140
120 143
121 123
121 125
121 126
121 127
121 129
121 131
121 132
121 133
121 134
121 135
121 136
121 139
121 140
121 143
121 145
121 146
121 148
121 149
122 126
122 127
122 128
122 131
122 132
122 134
122 136
122 142
122 146
123 125
123 127
123 131
123 133
123 134
123 137
123 138
123 139
123 140
123 141
123 142
123 143
123 144
123 145
124 125
124 128
124 129
124 132
124 134
124 135
124 140
124 142
124 148
125 126
125 128
125 129
125 132
125 133
125 134
125 139
125 146
125 147
125 149
126 129
126 133
126 134
126 138
126 141
126 147
126 149
127 129
127 131
127 132
127 134
127 135
127 136
127 137
127 138
127 139
127 143
127 144
127 149
128 133
128 141
128 143
128 144
128 145
128 147
129 131
129 133
129 134
129 141
129 145
129 146
130 133
130 134
130 136
130 139
130 140
130 146
131 136
131 137
131 139
131 140
131 141
131 146
131 148
132 135
132 136
132 137
132 140
132 143
132 144
132 147
132 148
133 134
133 138
133 139
133 147
134 136
134 137
134 138
134 140
134 143
135 141
135 143
135 144
135 145
135 146
135 147
136 141
136 142
136 143
136 144
136 145
136 148
136 149
137 138
137 139
137 140
137 141
137 144
137 147
137 149
138 144
138 149
139 140
139 141
139 142
139 143
139 149
140 141
140 142
140 149
141 142
141 144
141 146
141 148
142 146
143 145
143 147
143 148
144 145
144 146
145 146
146 147
146 148
147 149
148 149
