200 5487
61 61
34 40
20 76
86 93
46 51
87 33
56 15
28 76
29 10
69 27
90 23
97 45
49 65
53 10
57 46
38 72
84 63
30 87
76 78
35 11
50 73
80 72
32 64
74 32
76 61
35 90
36 99
59 40
60 46
76 53
78 20
32 66
17 24
85 22
18 59
45 36
65 34
59 30
14 95
91 93
87 54
35 48
19 24
80 14
68 99
24 88
80 37
41 63
58 55
25 71
28 35
27 10
34 94
57 75
95 100
20 82
92 19
17 77
68 50
77 100
61 25
53 69
51 82
73 37
86 41
30 60
97 65
23 88
53 60
56 52
10 91
65 72
84 96
82 85
55 30
46 57
26 87
27 29
34 92
69 59
41 87
60 88
67 74
64 21
44 83
71 98
95 28
61 40
46 62
45 35
75 16
32 78
47 48
54 70
20 18
29 79
25 60
14 27
79 43
61 72
44 46
61 36
18 55
17 20
96 80
27 76
82 99
99 90
13 35
46 36
38 36
33 25
17 45
51 57
71 46
67 95
57 83
48 65
93 81
70 28
14 65
94 51
80 59
66 92
86 65
66 15
20 19
40 69
28 17
37 22
57 50
62 67
23 32
57 35
20 86
12 38
60 72
30 87
24 32
34 73
69 50
94 57
38 28
73 90
57 15
80 59
45 20
71 65
30 80
26 58
31 66
74 78
20 31
74 43
61 44
100 34
11 28
70 98
25 18
96 68
30 26
18 39
89 72
36 75
82 80
41 93
56 60
97 49
70 78
60 89
62 18
24 84
63 76
61 17
17 29
32 41
60 50
44 42
28 31
56 54
19 12
34 22
73 63
26 11
40 39
83 80
48 54
50 25
58 61
39 56
43 38
81 93
72 30
60 98
72 30
82 38
63 21
87 59
71 60
68 82
12066
0 2
0 3
0 5
0 10
0 11
0 12
0 14
0 15
0 16
0 19
0 21
0 24
0 26
0 27
0 28
0 39
0 41
0 42
0 43
0 46
0 47
0 48
0 49
0 53
0 54
0 55
0 56
0 57
0 58
0 60
0 61
0 64
0 67
0 68
0 70
0 71
0 73
0 74
0 76
0 77
0 80
0 81
0 84
0 86
0 88
0 89
0 90
0 91
0 93
0 94
0 96
0 98
0 100
0 105
0 107
0 108
0 111
0 112
0 113
0 115
0 118
0 119
0 120
0 121
0 123
0 125
0 126
0 128
0 129
0 131
0 133
0 135
0 136
0 138
0 140
0 141
0 142
0 146
0 147
0 149
0 150
0 151
0 152
0 153
0 157
0 159
0 160
0 161
0 162
0 164
0 165
0 166
0 167
0 168
0 170
0 172
0 173
0 175
0 177
0 178
0 179
0 180
0 181
0 183
0 185
0 186
0 188
0 189
0 190
0 193
0 195
0 196
0 197
0 198
1 2
1 4
1 9
1 10
1 13
1 16
1 18
1 19
1 20
1 21
1 22
1 26
1 27
1 28
1 29
1 31
1 33
1 34
1 39
1 40
1 41
1 43
1 45
1 48
1 49
1 50
1 54
1 56
1 60
1 61
1 62
1 64
1 66
1 68
1 69
1 70
1 71
1 72
1 73
1 74
1 75
1 76
1 78
1 80
1 81
1 82
1 83
1 84
1 85
1 87
1 88
1 89
1 92
1 93
1 94
1 97
1 98
1 101
1 102
1 103
1 104
1 106
1 107
1 108
1 109
1 112
1 113
1 114
1 115
1 116
1 117
1 118
1 119
1 120
1 121
1 122
1 123
1 126
1 127
1 128
1 130
1 131
1 132
1 133
1 135
1 137
1 138
1 139
1 140
1 141
1 142
1 143
1 144
1 146
1 148
1 149
1 155
1 158
1 159
1 161
1 162
1 165
1 171
1 173
1 174
1 175
1 176
1 178
1 180
1 182
1 183
1 184
1 185
1 186
1 187
1 188
1 189
1 190
1 192
1 194
1 196
1 197
1 198
2 4
2 6
2 7
2 8
2 9
2 10
2 11
2 12
2 13
2 14
2 15
2 16
2 18
2 19
2 20
2 23
2 25
2 30
2 32
2 33
2 34
2 36
2 38
2 39
2 41
2 42
2 43
2 44
2 45
2 46
2 47
2 50
2 51
2 52
2 53
2 54
2 57
2 58
2 59
2 61
2 62
2 70
2 71
2 74
2 75
2 76
2 77
2 82
2 83
2 85
2 87
2 88
2 89
2 90
2 93
2 95
2 97
2 98
2 101
2 103
2 104
2 105
2 106
2 107
2 108
2 111
2 112
2 113
2 115
2 116
2 117
2 121
2 123
2 126
2 127
2 128
2 129
2 130
2 131
2 132
2 133
2 134
2 135
2 136
2 137
2 138
2 139
2 141
2 143
2 144
2 145
2 146
2 147
2 148
2 152
2 154
2 155
2 157
2 158
2 160
2 161
2 162
2 163
2 164
2 165
2 167
2 168
2 169
2 170
2 172
2 175
2 178
2 179
2 181
2 182
2 183
2 184
2 185
2 187
2 189
2 191
2 192
2 193
2 196
2 197
2 198
2 199
3 4
3 5
3 6
3 9
3 12
3 14
3 15
3 16
3 17
3 18
3 23
3 25
3 27
3 30
3 31
3 32
3 33
3 34
3 36
3 38
3 40
3 41
3 43
3 44
3 45
3 46
3 47
3 49
3 50
3 52
3 55
3 56
3 59
3 60
3 61
3 63
3 66
3 67
3 68
3 70
3 72
3 73
3 74
3 75
3 76
3 77
3 78
3 85
3 86
3 87
3 88
3 89
3 91
3 93
3 94
3 97
3 100
3 101
3 103
3 104
3 105
3 107
3 108
3 109
3 111
3 113
3 115
3 116
3 118
3 119
3 120
3 121
3 122
3 123
3 127
3 128
3 130
3 131
3 132
3 133
3 135
3 136
3 137
3 138
3 139
3 140
3 141
3 143
3 145
3 147
3 148
3 150
3 152
3 153
3 157
3 158
3 160
3 161
3 163
3 165
3 166
3 168
3 169
3 171
3 172
3 173
3 175
3 176
3 177
3 178
3 179
3 180
3 181
3 182
3 184
3 186
3 187
3 189
3 190
3 191
3 192
3 193
3 194
3 195
3 196
3 197
3 199
4 5
4 7
4 9
4 11
4 12
4 13
4 14
4 15
4 17
4 19
4 20
4 21
4 23
4 24
4 26
4 27
4 28
4 29
4 30
4 31
4 32
4 33
4 34
4 35
4 36
4 37
4 39
4 40
4 41
4 43
4 46
4 49
4 50
4 51
4 52
4 53
4 54
4 55
4 56
4 57
4 59
4 60
4 61
4 62
4 65
4 67
4 68
4 70
4 71
4 73
4 76
4 77
4 78
4 80
4 83
4 84
4 85
4 88
4 90
4 92
4 93
4 95
4 101
4 104
4 105
4 106
4 109
4 111
4 112
4 113
4 114
4 116
4 117
4 118
4 120
4 121
4 123
4 124
4 127
4 128
4 130
4 131
4 132
4 133
4 134
4 136
4 137
4 139
4 140
4 141
4 143
4 145
4 146
4 149
4 150
4 152
4 156
4 157
4 158
4 159
4 160
4 163
4 164
4 165
4 166
4 167
4 171
4 172
4 173
4 174
4 176
4 177
4 178
4 179
4 183
4 184
4 185
4 186
4 187
4 188
4 189
4 190
4 192
4 193
4 197
4 199
5 6
5 7
5 8
5 9
5 10
5 12
5 18
5 20
5 23
5 24
5 26
5 27
5 28
5 29
5 34
5 36
5 38
5 39
5 40
5 41
5 42
5 44
5 45
5 47
5 48
5 50
5 51
5 52
5 53
5 56
5 57
5 58
5 59
5 60
5 62
5 66
5 67
5 68
5 70
5 71
5 72
5 73
5 74
5 78
5 79
5 81
5 83
5 86
5 87
5 88
5 93
5 96
5 98
5 100
5 101
5 102
5 103
5 104
5 105
5 106
5 108
5 109
5 112
5 113
5 114
5 115
5 116
5 117
5 118
5 119
5 121
5 123
5 124
5 126
5 128
5 130
5 132
5 133
5 134
5 136
5 139
5 140
5 142
5 143
5 145
5 148
5 149
5 153
5 154
5 155
5 157
5 159
5 162
5 163
5 164
5 165
5 166
5 167
5 168
5 169
5 171
5 172
5 173
5 174
5 175
5 176
5 178
5 179
5 182
5 186
5 187
5 188
5 190
5 192
5 197
5 198
5 199
6 7
6 8
6 9
6 10
6 11
6 13
6 14
6 15
6 16
6 18
6 19
6 23
6 27
6 29
6 31
6 36
6 40
6 41
6 44
6 46
6 47
6 48
6 49
6 51
6 53
6 54
6 55
6 56
6 57
6 59
6 60
6 61
6 63
6 66
6 68
6 69
6 70
6 71
6 72
6 75
6 77
6 78
6 80
6 81
6 82
6 84
6 85
6 86
6 90
6 91
6 93
6 94
6 95
6 97
6 98
6 101
6 102
6 104
6 105
6 106
6 107
6 110
6 113
6 114
6 115
6 116
6 118
6 120
6 122
6 123
6 126
6 127
6 131
6 135
6 136
6 139
6 142
6 143
6 144
6 145
6 147
6 148
6 151
6 154
6 155
6 157
6 158
6 161
6 163
6 164
6 165
6 166
6 167
6 169
6 170
6 171
6 172
6 173
6 174
6 175
6 176
6 179
6 180
6 185
6 186
6 189
6 191
6 192
6 193
6 194
6 195
6 196
6 197
6 198
7 8
7 9
7 10
7 13
7 14
7 16
7 18
7 20
7 22
7 23
7 27
7 30
7 32
7 34
7 36
7 37
7 39
7 40
7 41
7 43
7 44
7 45
7 46
7 50
7 51
7 54
7 56
7 57
7 58
7 59
7 60
7 62
7 66
7 68
7 69
7 74
7 76
7 77
7 78
7 79
7 80
7 81
7 83
7 84
7 85
7 86
7 87
7 88
7 90
7 93
7 95
7 97
7 98
7 99
7 100
7 101
7 105
7 107
7 110
7 116
7 117
7 119
7 121
7 123
7 132
7 134
7 135
7 136
7 137
7 138
7 140
7 144
7 146
7 147
7 149
7 150
7 154
7 155
7 156
7 159
7 160
7 161
7 162
7 164
7 166
7 172
7 173
7 174
7 176
7 177
7 178
7 183
7 184
7 186
7 187
7 190
7 191
7 194
7 195
7 196
7 197
7 198
7 199
8 10
8 13
8 14
8 15
8 17
8 18
8 19
8 20
8 21
8 23
8 25
8 26
8 27
8 28
8 30
8 31
8 33
8 34
8 35
8 36
8 39
8 40
8 42
8 45
8 46
8 47
8 48
8 49
8 50
8 51
8 53
8 56
8 57
8 58
8 59
8 60
8 62
8 63
8 64
8 67
8 70
8 73
8 74
8 77
8 78
8 80
8 82
8 85
8 86
8 87
8 88
8 89
8 90
8 91
8 92
8 93
8 94
8 97
8 98
8 99
8 101
8 102
8 103
8 104
8 105
8 108
8 110
8 112
8 113
8 115
8 116
8 117
8 122
8 124
8 125
8 127
8 131
8 132
8 137
8 139
8 142
8 144
8 145
8 146
8 147
8 148
8 150
8 154
8 156
8 159
8 160
8 161
8 162
8 164
8 165
8 166
8 170
8 171
8 172
8 173
8 174
8 176
8 177
8 178
8 179
8 180
8 182
8 183
8 184
8 185
8 186
8 188
8 189
8 191
8 194
8 195
8 196
8 197
8 198
8 199
9 10
9 11
9 12
9 14
9 16
9 18
9 20
9 23
9 24
9 25
9 27
9 28
9 30
9 31
9 33
9 34
9 35
9 36
9 40
9 41
9 42
9 43
9 44
9 45
9 46
9 47
9 49
9 51
9 56
9 59
9 60
9 61
9 62
9 63
9 64
9 65
9 69
9 70
9 71
9 74
9 75
9 76
9 79
9 80
9 81
9 82
9 83
9 84
9 85
9 87
9 88
9 89
9 90
9 91
9 93
9 97
9 98
9 101
9 105
9 106
9 107
9 109
9 111
9 113
9 115
9 117
9 119
9 121
9 123
9 124
9 125
9 126
9 127
9 128
9 130
9 132
9 133
9 137
9 139
9 140
9 141
9 142
9 143
9 147
9 148
9 149
9 151
9 152
9 153
9 156
9 158
9 162
9 164
9 166
9 167
9 170
9 172
9 173
9 174
9 176
9 177
9 181
9 182
9 184
9 185
9 186
9 188
9 189
9 190
9 192
9 196
9 197
9 198
10 11
10 14
10 15
10 16
10 17
10 19
10 22
10 23
10 24
10 25
10 28
10 29
10 30
10 38
10 39
10 40
10 41
10 42
10 45
10 46
10 47
10 49
10 50
10 52
10 53
10 54
10 55
10 56
10 60
10 61
10 62
10 63
10 65
10 67
10 71
10 72
10 73
10 74
10 75
10 76
10 77
10 78
10 79
10 80
10 81
10 82
10 83
10 85
10 86
10 87
10 88
10 89
10 90
10 91
10 93
10 94
10 95
10 97
10 98
10 99
10 101
10 104
10 105
10 106
10 110
10 111
10 114
10 115
10 116
10 117
10 118
10 119
10 120
10 123
10 124
10 126
10 127
10 128
10 129
10 130
10 131
10 133
10 135
10 138
10 139
10 140
10 142
10 143
10 144
10 146
10 148
10 149
10 150
10 151
10 152
10 153
10 154
10 156
10 157
10 158
10 160
10 161
10 162
10 164
10 165
10 168
10 169
10 171
10 172
10 173
10 175
10 176
10 177
10 179
10 180
10 183
10 184
10 185
10 186
10 188
10 189
10 190
10 191
10 193
10 197
10 199
11 12
11 14
11 19
11 20
11 21
11 26
11 27
11 32
11 34
11 35
11 36
11 37
11 38
11 40
11 41
11 42
11 43
11 44
11 46
11 47
11 49
11 50
11 51
11 52
11 53
11 54
11 55
11 56
11 57
11 60
11 61
11 62
11 63
11 64
11 66
11 67
11 68
11 69
11 70
11 71
11 73
11 75
11 78
11 79
11 80
11 81
11 82
11 83
11 84
11 85
11 89
11 90
11 91
11 92
11 94
11 96
11 97
11 98
11 99
11 100
11 101
11 102
11 103
11 106
11 107
11 109
11 112
11 113
11 115
11 116
11 117
11 118
11 119
11 120
11 121
11 122
11 123
11 125
11 126
11 127
11 128
11 131
11 133
11 134
11 136
11 137
11 138
11 139
11 142
11 143
11 144
11 145
11 147
11 152
11 153
11 156
11 158
11 159
11 160
11 161
11 163
11 164
11 166
11 167
11 168
11 172
11 174
11 175
11 176
11 177
11 180
11 182
11 183
11 184
11 186
11 187
11 189
11 190
11 191
11 193
11 194
11 195
11 196
11 197
11 198
11 199
12 13
12 16
12 17
12 20
12 21
12 23
12 26
12 29
12 30
12 31
12 35
12 36
12 37
12 38
12 40
12 42
12 43
12 44
12 46
12 48
12 49
12 50
12 51
12 53
12 59
12 60
12 61
12 62
12 65
12 68
12 69
12 71
12 74
12 77
12 79
12 80
12 81
12 82
12 83
12 84
12 86
12 87
12 88
12 90
12 91
12 92
12 93
12 94
12 95
12 97
12 98
12 101
12 102
12 103
12 104
12 105
12 106
12 108
12 113
12 114
12 115
12 117
12 118
12 121
12 122
12 123
12 125
12 126
12 129
12 130
12 132
12 133
12 134
12 138
12 139
12 141
12 142
12 143
12 144
12 147
12 148
12 150
12 151
12 152
12 154
12 156
12 157
12 159
12 160
12 161
12 162
12 165
12 166
12 167
12 168
12 173
12 175
12 177
12 178
12 179
12 180
12 181
12 182
12 186
12 187
12 189
12 190
12 191
12 193
12 194
12 195
12 196
12 197
12 198
12 199
13 14
13 16
13 18
13 19
13 20
13 21
13 23
13 24
13 26
13 27
13 28
13 29
13 30
13 35
13 36
13 37
13 38
13 40
13 41
13 42
13 43
13 45
13 46
13 47
13 48
13 50
13 51
13 52
13 53
13 55
13 56
13 57
13 58
13 60
13 62
13 63
13 64
13 65
13 69
13 70
13 72
13 74
13 75
13 76
13 77
13 78
13 79
13 82
13 83
13 85
13 90
13 91
13 94
13 95
13 96
13 97
13 99
13 103
13 104
13 105
13 106
13 108
13 110
13 114
13 115
13 117
13 118
13 119
13 120
13 123
13 124
13 125
13 128
13 130
13 131
13 133
13 135
13 137
13 138
13 139
13 140
13 141
13 143
13 144
13 147
13 150
13 151
13 152
13 154
13 158
13 159
13 160
13 161
13 163
13 164
13 166
13 167
13 169
13 170
13 171
13 172
13 174
13 175
13 179
13 180
13 181
13 183
13 185
13 187
13 189
13 190
13 191
13 193
13 194
13 196
13 197
13 198
14 16
14 17
14 19
14 20
14 21
14 22
14 24
14 25
14 27
14 31
14 32
14 34
14 36
14 37
14 40
14 44
14 48
14 49
14 51
14 53
14 54
14 55
14 59
14 60
14 61
14 63
14 65
14 68
14 72
14 74
14 75
14 76
14 77
14 78
14 79
14 80
14 83
14 84
14 85
14 86
14 87
14 90
14 94
14 98
14 99
14 100
14 101
14 104
14 107
14 108
14 110
14 111
14 112
14 113
14 118
14 120
14 121
14 122
14 123
14 125
14 126
14 128
14 129
14 130
14 131
14 132
14 134
14 135
14 138
14 139
14 141
14 142
14 143
14 146
14 147
14 148
14 149
14 150
14 153
14 154
14 157
14 158
14 160
14 162
14 163
14 166
14 169
14 171
14 172
14 174
14 175
14 176
14 177
14 179
14 181
14 183
14 185
14 186
14 187
14 189
14 190
14 191
14 192
14 194
14 195
14 196
14 197
14 198
14 199
15 17
15 18
15 20
15 21
15 22
15 23
15 24
15 26
15 30
15 32
15 33
15 34
15 37
15 42
15 44
15 45
15 51
15 52
15 53
15 54
15 55
15 57
15 58
15 59
15 60
15 61
15 64
15 65
15 68
15 69
15 72
15 73
15 77
15 79
15 80
15 81
15 83
15 84
15 85
15 88
15 89
15 90
15 92
15 93
15 94
15 95
15 97
15 98
15 101
15 102
15 103
15 104
15 105
15 106
15 108
15 109
15 110
15 112
15 115
15 116
15 117
15 120
15 121
15 122
15 123
15 126
15 127
15 128
15 129
15 131
15 133
15 134
15 135
15 136
15 137
15 140
15 141
15 142
15 143
15 144
15 145
15 149
15 150
15 152
15 156
15 158
15 159
15 165
15 167
15 169
15 170
15 175
15 177
15 181
15 183
15 184
15 186
15 188
15 189
15 190
15 191
15 192
15 193
15 194
15 196
15 198
15 199
16 19
16 20
16 22
16 24
16 25
16 27
16 30
16 31
16 32
16 35
16 37
16 38
16 39
16 40
16 41
16 42
16 43
16 44
16 45
16 46
16 48
16 49
16 52
16 55
16 59
16 60
16 61
16 62
16 64
16 66
16 67
16 70
16 71
16 74
16 77
16 78
16 81
16 82
16 83
16 84
16 85
16 89
16 90
16 91
16 92
16 93
16 94
16 95
16 96
16 97
16 99
16 103
16 104
16 105
16 106
16 109
16 110
16 111
16 112
16 113
16 114
16 116
16 119
16 120
16 121
16 123
16 124
16 125
16 127
16 128
16 129
16 130
16 131
16 132
16 133
16 134
16 136
16 137
16 138
16 139
16 141
16 143
16 146
16 148
16 149
16 154
16 157
16 158
16 164
16 165
16 166
16 170
16 171
16 174
16 175
16 176
16 177
16 178
16 180
16 181
16 183
16 184
16 185
16 186
16 188
16 191
16 192
16 194
16 195
16 196
16 198
16 199
17 18
17 19
17 21
17 22
17 25
17 26
17 27
17 28
17 29
17 30
17 33
17 35
17 36
17 37
17 39
17 40
17 41
17 42
17 43
17 44
17 45
17 47
17 49
17 50
17 51
17 52
17 55
17 58
17 59
17 60
17 61
17 64
17 65
17 66
17 68
17 69
17 71
17 73
17 76
17 77
17 78
17 80
17 82
17 86
17 88
17 90
17 91
17 93
17 94
17 95
17 96
17 97
17 99
17 102
17 104
17 106
17 107
17 108
17 111
17 112
17 113
17 114
17 115
17 120
17 121
17 122
17 123
17 124
17 125
17 126
17 127
17 128
17 130
17 131
17 132
17 133
17 135
17 136
17 137
17 138
17 139
17 141
17 143
17 146
17 149
17 150
17 151
17 152
17 155
17 156
17 157
17 158
17 160
17 162
17 163
17 164
17 166
17 169
17 170
17 173
17 175
17 177
17 182
17 184
17 186
17 187
17 188
17 192
17 196
17 197
17 198
17 199
18 19
18 20
18 23
18 25
18 28
18 30
18 31
18 32
18 33
18 34
18 36
18 37
18 40
18 42
18 44
18 45
18 51
18 52
18 53
18 55
18 56
18 58
18 59
18 60
18 61
18 65
18 67
18 69
18 71
18 72
18 73
18 76
18 83
18 84
18 87
18 88
18 90
18 91
18 95
18 96
18 97
18 100
18 101
18 103
18 104
18 105
18 107
18 111
18 113
18 115
18 116
18 117
18 118
18 119
18 120
18 121
18 123
18 124
18 125
18 127
18 128
18 129
18 130
18 132
18 133
18 134
18 135
18 136
18 138
18 139
18 140
18 141
18 142
18 144
18 145
18 148
18 150
18 151
18 154
18 155
18 156
18 157
18 158
18 159
18 160
18 161
18 162
18 163
18 164
18 165
18 166
18 167
18 172
18 174
18 175
18 176
18 180
18 181
18 184
18 185
18 186
18 192
18 193
18 195
18 196
18 198
18 199
19 20
19 21
19 22
19 23
19 25
19 28
19 33
19 34
19 35
19 40
19 41
19 42
19 45
19 46
19 47
19 48
19 50
19 52
19 53
19 54
19 57
19 59
19 60
19 64
19 65
19 66
19 68
19 69
19 70
19 72
19 73
19 76
19 77
19 78
19 79
19 80
19 81
19 82
19 83
19 84
19 85
19 87
19 88
19 90
19 91
19 92
19 93
19 95
19 97
19 98
19 100
19 103
19 104
19 105
19 108
19 112
19 113
19 115
19 116
19 117
19 118
19 120
19 122
19 123
19 125
19 126
19 127
19 128
19 129
19 131
19 132
19 133
19 134
19 136
19 137
19 138
19 140
19 144
19 145
19 146
19 147
19 148
19 149
19 151
19 153
19 154
19 156
19 157
19 158
19 160
19 161
19 163
19 165
19 166
19 167
19 168
19 169
19 173
19 176
19 178
19 179
19 180
19 181
19 183
19 185
19 186
19 187
19 188
19 189
19 190
19 193
19 194
19 195
19 196
19 197
20 21
20 24
20 26
20 27
20 28
20 29
20 30
20 31
20 33
20 35
20 38
20 39
20 40
20 41
20 44
20 45
20 47
20 49
20 50
20 53
20 56
20 57
20 58
20 61
20 63
20 65
20 67
20 68
20 69
20 70
20 72
20 75
20 77
20 78
20 81
20 83
20 84
20 86
20 88
20 89
20 90
20 92
20 93
20 94
20 95
20 97
20 98
20 99
20 100
20 104
20 105
20 106
20 107
20 109
20 110
20 111
20 113
20 115
20 118
20 119
20 120
20 122
20 126
20 127
20 128
20 132
20 133
20 134
20 138
20 140
20 141
20 142
20 144
20 146
20 147
20 150
20 152
20 154
20 155
20 156
20 157
20 158
20 161
20 162
20 163
20 166
20 167
20 168
20 171
20 173
20 176
20 177
20 178
20 179
20 180
20 181
20 182
20 186
20 188
20 190
20 191
20 192
20 193
20 195
20 197
20 199
21 22
21 25
21 26
21 27
21 29
21 32
21 33
21 38
21 39
21 40
21 41
21 42
21 43
21 44
21 45
21 47
21 48
21 51
21 52
21 54
21 55
21 56
21 59
21 60
21 61
21 62
21 64
21 66
21 67
21 68
21 73
21 75
21 76
21 78
21 79
21 82
21 83
21 84
21 85
21 89
21 90
21 92
21 94
21 97
21 99
21 100
21 101
21 102
21 103
21 104
21 105
21 106
21 107
21 108
21 111
21 113
21 115
21 119
21 121
21 123
21 124
21 125
21 128
21 130
21 134
21 136
21 137
21 138
21 141
21 143
21 144
21 145
21 146
21 149
21 150
21 153
21 154
21 160
21 161
21 162
21 165
21 167
21 168
21 169
21 170
21 172
21 174
21 175
21 178
21 181
21 182
21 187
21 188
21 189
21 190
21 192
21 193
21 194
21 196
21 197
22 25
22 26
22 29
22 30
22 31
22 33
22 34
22 35
22 36
22 37
22 38
22 39
22 40
22 41
22 42
22 44
22 46
22 48
22 49
22 50
22 54
22 55
22 56
22 59
22 60
22 62
22 63
22 64
22 65
22 66
22 67
22 68
22 70
22 74
22 75
22 76
22 77
22 79
22 80
22 83
22 84
22 85
22 86
22 87
22 89
22 90
22 91
22 92
22 93
22 95
22 96
22 97
22 99
22 100
22 101
22 102
22 103
22 104
22 107
22 109
22 111
22 112
22 115
22 119
22 121
22 122
22 123
22 125
22 126
22 128
22 130
22 131
22 132
22 133
22 134
22 135
22 139
22 141
22 143
22 145
22 146
22 149
22 153
22 156
22 158
22 159
22 160
22 162
22 163
22 164
22 166
22 167
22 170
22 171
22 172
22 175
22 176
22 177
22 179
22 180
22 181
22 182
22 183
22 184
22 185
22 187
22 188
22 189
22 193
22 194
22 195
22 197
22 199
23 24
23 27
23 28
23 31
23 32
23 33
23 34
23 36
23 40
23 41
23 42
23 43
23 48
23 49
23 50
23 56
23 57
23 59
23 61
23 62
23 63
23 64
23 65
23 66
23 67
23 68
23 69
23 70
23 71
23 72
23 75
23 76
23 78
23 79
23 80
23 81
23 86
23 87
23 88
23 89
23 93
23 96
23 97
23 98
23 99
23 100
23 101
23 102
23 105
23 106
23 107
23 108
23 110
23 111
23 113
23 114
23 115
23 116
23 117
23 119
23 120
23 121
23 124
23 125
23 126
23 128
23 129
23 130
23 131
23 133
23 137
23 138
23 140
23 141
23 142
23 144
23 145
23 147
23 149
23 150
23 152
23 155
23 157
23 158
23 164
23 166
23 167
23 168
23 170
23 171
23 173
23 175
23 176
23 180
23 181
23 182
23 183
23 188
23 191
23 193
23 195
23 196
23 197
23 198
23 199
24 26
24 29
24 30
24 31
24 32
24 33
24 34
24 35
24 40
24 41
24 42
24 45
24 46
24 47
24 49
24 50
24 51
24 52
24 53
24 54
24 58
24 59
24 60
24 61
24 62
24 64
24 65
24 66
24 68
24 69
24 71
24 74
24 77
24 80
24 84
24 85
24 86
24 87
24 88
24 89
24 93
24 94
24 96
24 97
24 99
24 101
24 104
24 107
24 108
24 109
24 110
24 111
24 112
24 113
24 114
24 115
24 116
24 117
24 118
24 119
24 120
24 121
24 122
24 123
24 124
24 125
24 129
24 131
24 132
24 134
24 137
24 139
24 140
24 141
24 143
24 145
24 151
24 154
24 155
24 157
24 159
24 160
24 161
24 162
24 166
24 168
24 169
24 172
24 175
24 176
24 177
24 178
24 179
24 181
24 182
24 184
24 185
24 187
24 189
24 191
24 192
24 195
24 196
24 199
25 28
25 29
25 30
25 31
25 32
25 34
25 36
25 37
25 39
25 42
25 43
25 44
25 46
25 51
25 52
25 53
25 55
25 56
25 57
25 58
25 59
25 60
25 61
25 62
25 63
25 65
25 66
25 67
25 70
25 71
25 72
25 74
25 76
25 79
25 84
25 85
25 86
25 90
25 92
25 93
25 94
25 95
25 97
25 98
25 99
25 100
25 101
25 102
25 103
25 109
25 110
25 113
25 114
25 116
25 119
25 120
25 121
25 123
25 127
25 129
25 132
25 133
25 134
25 137
25 138
25 140
25 141
25 142
25 144
25 147
25 148
25 149
25 150
25 152
25 155
25 157
25 158
25 159
25 161
25 162
25 164
25 166
25 167
25 169
25 170
25 171
25 172
25 174
25 175
25 176
25 177
25 178
25 179
25 180
25 181
25 182
25 183
25 184
25 185
25 188
25 190
25 192
25 193
25 194
25 195
25 197
26 29
26 33
26 35
26 37
26 38
26 40
26 41
26 42
26 44
26 47
26 52
26 54
26 55
26 56
26 57
26 60
26 62
26 63
26 65
26 66
26 68
26 70
26 71
26 74
26 81
26 82
26 83
26 85
26 87
26 91
26 92
26 94
26 96
26 97
26 98
26 100
26 101
26 102
26 105
26 106
26 107
26 108
26 109
26 110
26 111
26 112
26 114
26 115
26 116
26 117
26 124
26 125
26 126
26 127
26 130
26 131
26 133
26 135
26 136
26 137
26 139
26 140
26 142
26 143
26 145
26 147
26 149
26 151
26 152
26 153
26 154
26 156
26 160
26 164
26 165
26 166
26 168
26 169
26 170
26 171
26 174
26 175
26 176
26 179
26 180
26 181
26 182
26 183
26 184
26 185
26 186
26 187
26 188
26 189
26 190
26 192
26 193
26 194
26 195
26 196
26 198
26 199
27 30
27 31
27 32
27 38
27 39
27 40
27 41
27 42
27 43
27 44
27 45
27 47
27 49
27 52
27 53
27 54
27 55
27 56
27 57
27 58
27 59
27 61
27 64
27 65
27 67
27 68
27 70
27 71
27 73
27 74
27 75
27 77
27 79
27 82
27 84
27 85
27 86
27 87
27 88
27 89
27 90
27 91
27 92
27 93
27 94
27 97
27 98
27 99
27 100
27 101
27 102
27 104
27 105
27 106
27 107
27 108
27 109
27 110
27 112
27 113
27 114
27 115
27 116
27 119
27 123
27 124
27 125
27 126
27 127
27 129
27 130
27 132
27 136
27 137
27 139
27 140
27 143
27 144
27 146
27 149
27 151
27 152
27 153
27 154
27 155
27 156
27 158
27 159
27 160
27 161
27 163
27 166
27 168
27 169
27 171
27 173
27 177
27 178
27 179
27 180
27 181
27 182
27 183
27 184
27 185
27 188
27 189
27 190
27 191
27 192
27 195
27 196
27 198
27 199
28 29
28 30
28 31
28 32
28 34
28 35
28 40
28 41
28 45
28 46
28 47
28 48
28 53
28 57
28 59
28 62
28 63
28 65
28 66
28 68
28 69
28 70
28 74
28 75
28 76
28 78
28 80
28 83
28 90
28 92
28 95
28 96
28 97
28 99
28 100
28 101
28 103
28 104
28 105
28 106
28 110
28 112
28 113
28 114
28 116
28 121
28 122
28 123
28 124
28 126
28 130
28 131
28 132
28 137
28 139
28 140
28 142
28 143
28 144
28 146
28 147
28 148
28 150
28 155
28 156
28 160
28 164
28 166
28 170
28 171
28 172
28 173
28 175
28 177
28 180
28 181
28 184
28 185
28 186
28 187
28 189
28 190
28 191
28 192
28 193
28 196
28 197
28 198
29 31
29 32
29 33
29 34
29 35
29 36
29 37
29 39
29 42
29 44
29 47
29 49
29 50
29 57
29 58
29 59
29 60
29 61
29 62
29 64
29 66
29 67
29 68
29 70
29 72
29 73
29 74
29 75
29 78
29 79
29 80
29 81
29 82
29 83
29 84
29 86
29 87
29 90
29 91
29 92
29 94
29 95
29 101
29 102
29 103
29 104
29 105
29 107
29 108
29 110
29 111
29 113
29 114
29 116
29 117
29 120
29 122
29 123
29 129
29 130
29 132
29 134
29 136
29 137
29 138
29 139
29 140
29 141
29 142
29 143
29 144
29 145
29 146
29 147
29 148
29 150
29 151
29 152
29 153
29 154
29 155
29 158
29 161
29 164
29 165
29 166
29 167
29 168
29 170
29 171
29 172
29 173
29 175
29 176
29 177
29 179
29 181
29 183
29 184
29 187
29 188
29 190
29 196
30 32
30 33
30 35
30 36
30 40
30 41
30 43
30 44
30 46
30 47
30 48
30 49
30 50
30 52
30 55
30 57
30 58
30 59
30 62
30 63
30 64
30 65
30 69
30 70
30 71
30 74
30 75
30 79
30 80
30 81
30 84
30 86
30 87
30 88
30 89
30 90
30 91
30 93
30 96
30 97
30 98
30 99
30 100
30 101
30 102
30 104
30 105
30 106
30 107
30 112
30 117
30 118
30 119
30 120
30 122
30 123
30 124
30 125
30 126
30 128
30 131
30 133
30 134
30 135
30 140
30 142
30 143
30 144
30 145
30 146
30 148
30 149
30 150
30 151
30 153
30 154
30 155
30 157
30 160
30 165
30 169
30 170
30 173
30 174
30 175
30 176
30 178
30 179
30 182
30 185
30 189
30 193
30 195
30 198
30 199
31 34
31 36
31 37
31 38
31 40
31 41
31 43
31 46
31 47
31 48
31 50
31 51
31 52
31 54
31 56
31 59
31 60
31 61
31 64
31 66
31 67
31 68
31 70
31 72
31 73
31 74
31 76
31 79
31 81
31 89
31 90
31 93
31 94
31 95
31 96
31 99
31 100
31 101
31 103
31 104
31 106
31 107
31 109
31 111
31 112
31 113
31 114
31 117
31 118
31 120
31 121
31 122
31 127
31 128
31 129
31 132
31 135
31 136
31 137
31 138
31 140
31 141
31 152
31 154
31 156
31 158
31 159
31 161
31 163
31 165
31 167
31 170
31 173
31 175
31 176
31 177
31 179
31 180
31 181
31 185
31 187
31 188
31 189
31 191
31 192
31 193
31 194
31 195
31 196
31 197
32 34
32 37
32 39
32 40
32 41
32 42
32 44
32 46
32 47
32 50
32 51
32 52
32 53
32 54
32 55
32 56
32 57
32 58
32 60
32 61
32 63
32 65
32 67
32 69
32 72
32 76
32 78
32 79
32 80
32 81
32 82
32 83
32 84
32 85
32 86
32 87
32 88
32 89
32 90
32 91
32 94
32 95
32 96
32 97
32 98
32 99
32 100
32 104
32 105
32 106
32 107
32 109
32 111
32 112
32 113
32 116
32 117
32 120
32 121
32 122
32 123
32 127
32 128
32 129
32 130
32 131
32 133
32 134
32 136
32 137
32 138
32 139
32 140
32 141
32 142
32 143
32 144
32 146
32 148
32 152
32 153
32 154
32 155
32 156
32 157
32 159
32 160
32 166
32 170
32 171
32 172
32 173
32 174
32 175
32 176
32 182
32 184
32 185
32 187
32 189
32 191
32 194
32 195
32 196
32 197
32 198
32 199
33 36
33 37
33 38
33 39
33 40
33 43
33 44
33 45
33 46
33 47
33 48
33 49
33 50
33 53
33 54
33 55
33 56
33 58
33 59
33 61
33 62
33 63
33 70
33 71
33 73
33 76
33 82
33 83
33 85
33 86
33 87
33 88
33 90
33 92
33 93
33 94
33 95
33 96
33 98
33 103
33 104
33 105
33 107
33 109
33 111
33 114
33 115
33 116
33 118
33 119
33 120
33 122
33 124
33 128
33 130
33 131
33 133
33 135
33 138
33 139
33 140
33 142
33 145
33 146
33 150
33 152
33 156
33 159
33 161
33 162
33 163
33 164
33 165
33 166
33 167
33 170
33 171
33 172
33 173
33 175
33 178
33 180
33 181
33 184
33 188
33 189
33 192
33 193
33 194
33 195
33 199
34 36
34 38
34 39
34 40
34 42
34 43
34 44
34 45
34 47
34 48
34 50
34 51
34 52
34 53
34 54
34 55
34 56
34 58
34 59
34 60
34 61
34 62
34 65
34 66
34 67
34 69
34 71
34 74
34 76
34 78
34 79
34 80
34 82
34 83
34 84
34 85
34 86
34 87
34 88
34 91
34 92
34 94
34 95
34 96
34 98
34 99
34 101
34 102
34 103
34 105
34 107
34 108
34 110
34 111
34 112
34 113
34 116
34 118
34 121
34 123
34 124
34 125
34 126
34 128
34 129
34 130
34 138
34 139
34 142
34 144
34 145
34 147
34 149
34 151
34 152
34 157
34 158
34 159
34 161
34 162
34 163
34 164
34 169
34 170
34 171
34 172
34 173
34 175
34 176
34 177
34 178
34 179
34 181
34 182
34 183
34 186
34 189
34 190
34 192
34 193
34 194
34 196
34 197
34 199
35 37
35 38
35 41
35 42
35 47
35 48
35 49
35 50
35 52
35 57
35 58
35 59
35 60
35 61
35 64
35 65
35 66
35 67
35 70
35 71
35 75
35 76
35 77
35 84
35 85
35 86
35 87
35 90
35 92
35 93
35 94
35 96
35 97
35 98
35 99
35 103
35 105
35 106
35 108
35 110
35 111
35 112
35 113
35 114
35 115
35 116
35 117
35 118
35 120
35 121
35 122
35 124
35 125
35 126
35 129
35 130
35 131
35 132
35 133
35 134
35 136
35 139
35 141
35 143
35 145
35 146
35 147
35 148
35 149
35 150
35 151
35 155
35 157
35 158
35 162
35 164
35 165
35 166
35 167
35 170
35 173
35 174
35 175
35 177
35 178
35 180
35 182
35 184
35 185
35 186
35 190
35 194
35 195
35 196
35 198
36 37
36 41
36 43
36 44
36 45
36 47
36 48
36 49
36 50
36 52
36 53
36 54
36 56
36 57
36 59
36 61
36 62
36 64
36 65
36 66
36 68
36 70
36 71
36 72
36 73
36 74
36 75
36 76
36 77
36 79
36 82
36 84
36 87
36 88
36 89
36 90
36 93
36 97
36 98
36 99
36 103
36 104
36 106
36 107
36 108
36 109
36 111
36 112
36 114
36 115
36 116
36 118
36 120
36 122
36 123
36 124
36 128
36 130
36 132
36 134
36 135
36 138
36 143
36 144
36 145
36 146
36 147
36 148
36 151
36 153
36 155
36 159
36 160
36 164
36 165
36 167
36 169
36 171
36 172
36 173
36 175
36 176
36 179
36 180
36 181
36 182
36 184
36 186
36 187
36 190
36 194
36 195
36 197
36 199
37 38
37 39
37 40
37 41
37 42
37 43
37 45
37 47
37 49
37 50
37 51
37 53
37 60
37 61
37 63
37 64
37 65
37 67
37 68
37 69
37 74
37 75
37 81
37 82
37 85
37 86
37 87
37 88
37 89
37 90
37 91
37 93
37 95
37 96
37 97
37 98
37 99
37 100
37 101
37 103
37 104
37 108
37 109
37 110
37 111
37 112
37 113
37 114
37 116
37 119
37 121
37 123
37 124
37 125
37 126
37 127
37 128
37 129
37 130
37 133
37 135
37 137
37 138
37 139
37 140
37 141
37 145
37 148
37 149
37 151
37 152
37 155
37 156
37 158
37 159
37 160
37 161
37 162
37 163
37 165
37 166
37 167
37 170
37 172
37 176
37 177
37 178
37 182
37 183
37 186
37 188
37 189
37 191
37 192
37 193
37 195
37 197
38 42
38 44
38 45
38 48
38 49
38 52
38 53
38 54
38 55
38 58
38 59
38 60
38 63
38 64
38 66
38 67
38 70
38 75
38 76
38 77
38 78
38 79
38 80
38 82
38 84
38 86
38 89
38 90
38 93
38 94
38 96
38 99
38 100
38 101
38 102
38 103
38 107
38 108
38 109
38 112
38 114
38 115
38 116
38 118
38 119
38 120
38 122
38 123
38 125
38 126
38 130
38 131
38 133
38 136
38 137
38 139
38 140
38 141
38 142
38 143
38 145
38 146
38 148
38 150
38 151
38 152
38 153
38 155
38 156
38 157
38 158
38 159
38 160
38 161
38 162
38 164
38 167
38 169
38 170
38 171
38 173
38 174
38 177
38 178
38 181
38 187
38 188
38 190
38 191
38 193
38 194
38 195
38 196
38 197
38 198
39 40
39 41
39 44
39 48
39 49
39 53
39 54
39 55
39 56
39 58
39 60
39 61
39 62
39 65
39 66
39 67
39 68
39 69
39 70
39 74
39 75
39 76
39 78
39 79
39 80
39 81
39 83
39 90
39 92
39 94
39 96
39 100
39 101
39 102
39 103
39 107
39 114
39 115
39 117
39 118
39 119
39 120
39 121
39 123
39 127
39 129
39 132
39 134
39 136
39 138
39 139
39 140
39 141
39 142
39 144
39 146
39 149
39 150
39 151
39 152
39 154
39 155
39 159
39 162
39 163
39 166
39 167
39 169
39 170
39 171
39 173
39 174
39 176
39 177
39 180
39 181
39 182
39 184
39 185
39 187
39 189
39 190
39 192
39 193
39 195
39 196
39 197
39 198
39 199
40 41
40 44
40 47
40 48
40 49
40 51
40 52
40 53
40 56
40 57
40 61
40 65
40 66
40 67
40 68
40 69
40 72
40 74
40 75
40 76
40 78
40 81
40 82
40 83
40 90
40 91
40 92
40 96
40 99
40 100
40 101
40 102
40 103
40 104
40 106
40 108
40 109
40 111
40 113
40 114
40 115
40 116
40 117
40 118
40 119
40 120
40 122
40 125
40 126
40 128
40 130
40 133
40 134
40 135
40 136
40 138
40 139
40 140
40 141
40 143
40 151
40 152
40 153
40 154
40 157
40 162
40 163
40 164
40 166
40 168
40 169
40 170
40 172
40 173
40 176
40 177
40 178
40 179
40 180
40 184
40 185
40 188
40 189
40 190
40 194
40 196
40 197
40 199
41 42
41 43
41 45
41 47
41 49
41 51
41 54
41 55
41 56
41 57
41 59
41 60
41 61
41 62
41 63
41 65
41 70
41 74
41 75
41 78
41 82
41 84
41 86
41 87
41 89
41 92
41 93
41 95
41 96
41 97
41 98
41 99
41 100
41 101
41 105
41 106
41 109
41 111
41 113
41 114
41 115
41 118
41 119
41 120
41 121
41 123
41 126
41 127
41 129
41 131
41 133
41 134
41 135
41 136
41 137
41 138
41 141
41 143
41 144
41 146
41 149
41 150
41 151
41 153
41 154
41 157
41 158
41 161
41 163
41 165
41 167
41 168
41 169
41 172
41 179
41 180
41 182
41 184
41 185
41 186
41 189
41 190
41 191
41 194
41 199
42 44
42 46
42 47
42 48
42 52
42 54
42 56
42 57
42 58
42 59
42 62
42 65
42 66
42 68
42 70
42 71
42 72
42 74
42 75
42 77
42 78
42 81
42 84
42 88
42 89
42 90
42 92
42 93
42 94
42 97
42 99
42 103
42 105
42 106
42 107
42 108
42 109
42 112
42 114
42 118
42 119
42 120
42 122
42 123
42 126
42 127
42 130
42 131
42 132
42 134
42 136
42 137
42 139
42 140
42 142
42 144
42 146
42 147
42 148
42 149
42 153
42 154
42 158
42 159
42 161
42 165
42 167
42 169
42 170
42 171
42 174
42 178
42 179
42 180
42 181
42 183
42 184
42 185
42 188
42 189
42 191
42 192
42 194
42 195
42 197
42 199
43 48
43 49
43 50
43 52
43 53
43 54
43 55
43 56
43 57
43 59
43 62
43 64
43 67
43 69
43 70
43 71
43 72
43 74
43 76
43 77
43 78
43 81
43 82
43 85
43 86
43 87
43 88
43 90
43 91
43 92
43 95
43 98
43 99
43 100
43 103
43 105
43 106
43 107
43 108
43 110
43 111
43 114
43 116
43 117
43 121
43 123
43 126
43 127
43 129
43 130
43 131
43 132
43 133
43 134
43 136
43 137
43 138
43 139
43 140
43 141
43 142
43 143
43 148
43 149
43 151
43 152
43 153
43 154
43 155
43 156
43 157
43 159
43 163
43 164
43 167
43 168
43 169
43 170
43 171
43 172
43 173
43 174
43 175
43 176
43 177
43 178
43 179
43 181
43 183
43 185
43 187
43 189
43 192
43 193
43 195
43 196
43 199
44 45
44 46
44 48
44 49
44 51
44 53
44 54
44 55
44 57
44 58
44 59
44 60
44 61
44 62
44 64
44 66
44 67
44 68
44 70
44 71
44 72
44 74
44 76
44 77
44 78
44 79
44 81
44 83
44 84
44 85
44 86
44 88
44 92
44 96
44 98
44 99
44 100
44 101
44 103
44 106
44 108
44 109
44 111
44 113
44 114
44 116
44 118
44 120
44 121
44 122
44 124
44 125
44 126
44 128
44 129
44 130
44 131
44 132
44 134
44 135
44 136
44 137
44 138
44 140
44 142
44 144
44 145
44 146
44 148
44 152
44 154
44 155
44 159
44 160
44 161
44 162
44 163
44 164
44 165
44 171
44 172
44 174
44 175
44 177
44 178
44 179
44 180
44 181
44 182
44 185
44 190
44 191
44 193
44 194
44 199
45 53
45 54
45 55
45 57
45 59
45 64
45 66
45 69
45 71
45 72
45 73
45 76
45 78
45 79
45 80
45 81
45 82
45 84
45 85
45 88
45 91
45 92
45 94
45 96
45 97
45 98
45 99
45 100
45 101
45 103
45 104
45 105
45 107
45 108
45 112
45 114
45 116
45 117
45 120
45 121
45 122
45 123
45 125
45 127
45 129
45 130
45 132
45 134
45 135
45 136
45 137
45 138
45 140
45 142
45 145
45 146
45 148
45 149
45 155
45 156
45 157
45 158
45 159
45 163
45 165
45 167
45 169
45 170
45 171
45 172
45 173
45 174
45 175
45 177
45 183
45 184
45 185
45 186
45 187
45 188
45 192
45 193
45 194
45 196
45 197
46 47
46 48
46 54
46 55
46 56
46 58
46 59
46 61
46 63
46 64
46 65
46 66
46 67
46 69
46 72
46 73
46 75
46 78
46 80
46 82
46 83
46 84
46 89
46 90
46 91
46 92
46 95
46 96
46 97
46 98
46 99
46 100
46 101
46 103
46 104
46 106
46 107
46 109
46 113
46 116
46 117
46 118
46 119
46 120
46 121
46 122
46 127
46 129
46 130
46 132
46 133
46 134
46 136
46 137
46 138
46 139
46 142
46 143
46 144
46 145
46 146
46 151
46 152
46 155
46 156
46 157
46 158
46 162
46 163
46 164
46 165
46 167
46 169
46 171
46 172
46 173
46 174
46 177
46 178
46 179
46 182
46 183
46 184
46 185
46 186
46 191
46 193
46 194
46 195
46 196
46 197
46 198
47 48
47 50
47 51
47 53
47 55
47 56
47 60
47 62
47 63
47 65
47 66
47 67
47 70
47 73
47 74
47 75
47 77
47 79
47 80
47 81
47 82
47 83
47 84
47 85
47 86
47 87
47 88
47 91
47 92
47 93
47 94
47 96
47 98
47 101
47 103
47 105
47 106
47 107
47 110
47 111
47 114
47 115
47 116
47 117
47 121
47 123
47 125
47 126
47 127
47 128
47 130
47 131
47 132
47 133
47 135
47 136
47 138
47 141
47 144
47 146
47 147
47 148
47 150
47 151
47 152
47 153
47 154
47 155
47 156
47 157
47 158
47 160
47 162
47 164
47 165
47 167
47 169
47 170
47 172
47 173
47 175
47 176
47 178
47 180
47 181
47 183
47 184
47 185
47 186
47 189
47 191
47 194
47 196
47 197
47 198
48 49
48 51
48 52
48 53
48 55
48 56
48 57
48 58
48 60
48 62
48 64
48 66
48 67
48 68
48 69
48 71
48 72
48 73
48 78
48 79
48 80
48 83
48 86
48 87
48 88
48 90
48 91
48 93
48 94
48 95
48 98
48 102
48 105
48 107
48 109
48 110
48 111
48 113
48 115
48 116
48 117
48 118
48 119
48 120
48 122
48 128
48 129
48 130
48 133
48 136
48 138
48 140
48 142
48 143
48 145
48 149
48 151
48 152
48 153
48 154
48 158
48 159
48 160
48 161
48 163
48 164
48 165
48 167
48 169
48 172
48 173
48 174
48 175
48 178
48 180
48 181
48 182
48 183
48 184
48 185
48 187
48 190
48 191
48 193
48 194
48 195
48 196
48 197
48 198
48 199
49 52
49 53
49 58
49 59
49 60
49 62
49 63
49 64
49 65
49 66
49 68
49 69
49 70
49 72
49 73
49 74
49 75
49 76
49 78
49 80
49 81
49 91
49 93
49 94
49 96
49 97
49 99
49 100
49 102
49 104
49 107
49 109
49 110
49 111
49 112
49 114
49 115
49 116
49 119
49 120
49 123
49 124
49 125
49 127
49 128
49 130
49 131
49 133
49 135
49 138
49 139
49 140
49 141
49 142
49 143
49 144
49 145
49 147
49 148
49 149
49 152
49 154
49 156
49 157
49 159
49 161
49 162
49 163
49 164
49 165
49 167
49 169
49 170
49 171
49 172
49 174
49 175
49 176
49 177
49 178
49 180
49 185
49 187
49 188
49 189
49 190
49 191
49 193
49 196
50 51
50 53
50 54
50 56
50 58
50 60
50 61
50 63
50 64
50 65
50 66
50 69
50 70
50 71
50 73
50 74
50 75
50 77
50 79
50 81
50 84
50 85
50 86
50 87
50 89
50 90
50 91
50 95
50 98
50 100
50 103
50 104
50 106
50 108
50 109
50 112
50 116
50 117
50 118
50 119
50 123
50 125
50 126
50 129
50 130
50 131
50 132
50 134
50 138
50 139
50 141
50 142
50 144
50 147
50 148
50 150
50 151
50 152
50 153
50 155
50 156
50 157
50 166
50 168
50 169
50 170
50 173
50 174
50 175
50 177
50 179
50 180
50 181
50 182
50 184
50 185
50 186
50 187
50 188
50 190
50 193
50 194
50 195
50 198
50 199
51 52
51 53
51 55
51 57
51 60
51 62
51 63
51 65
51 66
51 67
51 68
51 69
51 70
51 73
51 74
51 75
51 76
51 77
51 78
51 82
51 84
51 87
51 88
51 89
51 90
51 91
51 97
51 100
51 101
51 103
51 105
51 106
51 110
51 113
51 117
51 118
51 119
51 121
51 122
51 124
51 125
51 126
51 127
51 128
51 130
51 131
51 132
51 135
51 139
51 140
51 141
51 143
51 144
51 146
51 147
51 148
51 149
51 151
51 152
51 153
51 154
51 156
51 157
51 158
51 159
51 161
51 162
51 163
51 164
51 165
51 166
51 170
51 171
51 172
51 173
51 174
51 176
51 178
51 179
51 180
51 181
51 182
51 183
51 184
51 185
51 188
51 190
51 191
51 192
51 193
51 194
51 198
51 199
52 57
52 59
52 60
52 61
52 64
52 66
52 68
52 69
52 71
52 72
52 73
52 75
52 78
52 79
52 80
52 82
52 83
52 84
52 86
52 88
52 90
52 91
52 93
52 94
52 95
52 97
52 98
52 99
52 102
52 103
52 104
52 105
52 106
52 112
52 114
52 117
52 118
52 120
52 121
52 122
52 125
52 127
52 129
52 130
52 131
52 132
52 133
52 136
52 137
52 139
52 140
52 142
52 143
52 146
52 148
52 150
52 153
52 154
52 156
52 157
52 159
52 160
52 161
52 163
52 165
52 166
52 167
52 169
52 170
52 171
52 172
52 173
52 175
52 176
52 177
52 179
52 180
52 181
52 183
52 185
52 186
52 188
52 192
52 194
52 195
52 196
52 197
52 198
53 54
53 55
53 56
53 57
53 58
53 59
53 61
53 62
53 63
53 64
53 67
53 68
53 70
53 71
53 73
53 74
53 75
53 76
53 77
53 78
53 80
53 81
53 85
53 87
53 88
53 89
53 90
53 91
53 92
53 93
53 94
53 95
53 97
53 98
53 99
53 101
53 104
53 105
53 106
53 107
53 108
53 109
53 110
53 111
53 112
53 115
53 116
53 118
53 120
53 124
53 126
53 131
53 133
53 134
53 135
53 136
53 139
53 141
53 143
53 145
53 149
53 151
53 152
53 153
53 156
53 157
53 158
53 161
53 162
53 163
53 164
53 168
53 170
53 172
53 173
53 176
53 180
53 181
53 182
53 184
53 185
53 186
53 187
53 188
53 189
53 191
53 193
53 194
53 196
54 56
54 58
54 60
54 64
54 65
54 66
54 68
54 70
54 71
54 72
54 74
54 76
54 77
54 79
54 81
54 82
54 85
54 86
54 87
54 88
54 91
54 92
54 94
54 95
54 98
54 100
54 102
54 103
54 104
54 105
54 107
54 108
54 109
54 110
54 111
54 112
54 114
54 115
54 120
54 122
54 123
54 124
54 125
54 126
54 127
54 129
54 130
54 132
54 133
54 135
54 139
54 141
54 142
54 144
54 145
54 146
54 147
54 150
54 151
54 153
54 154
54 155
54 156
54 157
54 158
54 160
54 161
54 162
54 163
54 165
54 166
54 168
54 169
54 172
54 173
54 174
54 175
54 176
54 177
54 179
54 180
54 182
54 184
54 186
54 189
54 190
54 191
54 192
54 193
54 194
54 195
54 196
54 197
54 198
54 199
55 56
55 59
55 65
55 66
55 72
55 75
55 80
55 82
55 83
55 85
55 87
55 90
55 93
55 94
55 96
55 99
55 100
55 101
55 104
55 105
55 106
55 107
55 108
55 109
55 111
55 114
55 115
55 116
55 119
55 120
55 121
55 124
55 125
55 127
55 128
55 129
55 130
55 133
55 135
55 137
55 138
55 139
55 140
55 146
55 147
55 148
55 151
55 154
55 157
55 158
55 159
55 160
55 161
55 162
55 163
55 165
55 166
55 168
55 169
55 170
55 171
55 172
55 173
55 174
55 176
55 177
55 178
55 179
55 180
55 181
55 182
55 184
55 185
55 187
55 188
55 189
55 190
55 191
55 192
55 193
55 194
55 195
55 196
55 197
56 59
56 60
56 61
56 62
56 64
56 66
56 69
56 71
56 72
56 73
56 76
56 77
56 78
56 80
56 81
56 83
56 85
56 86
56 87
56 90
56 91
56 94
56 95
56 96
56 97
56 98
56 100
56 103
56 104
56 105
56 107
56 108
56 110
56 112
56 113
56 115
56 116
56 118
56 120
56 121
56 122
56 123
56 124
56 125
56 126
56 127
56 129
56 131
56 132
56 133
56 135
56 136
56 137
56 138
56 141
56 143
56 145
56 146
56 148
56 149
56 151
56 153
56 155
56 156
56 157
56 158
56 159
56 161
56 162
56 165
56 170
56 172
56 175
56 185
56 186
56 192
56 195
56 196
56 197
56 198
57 59
57 60
57 61
57 65
57 67
57 68
57 69
57 70
57 73
57 75
57 76
57 77
57 80
57 82
57 83
57 84
57 85
57 90
57 93
57 94
57 95
57 96
57 97
57 98
57 99
57 100
57 101
57 103
57 105
57 106
57 107
57 108
57 109
57 112
57 113
57 114
57 116
57 117
57 118
57 122
57 124
57 125
57 126
57 127
57 128
57 129
57 130
57 131
57 134
57 136
57 137
57 144
57 145
57 146
57 152
57 153
57 154
57 159
57 163
57 164
57 165
57 167
57 171
57 172
57 174
57 175
57 176
57 177
57 180
57 183
57 184
57 187
57 188
57 190
57 191
57 192
57 194
57 195
57 197
57 198
58 59
58 61
58 62
58 63
58 64
58 65
58 66
58 69
58 70
58 71
58 72
58 73
58 74
58 75
58 77
58 78
58 79
58 80
58 82
58 86
58 88
58 89
58 90
58 91
58 94
58 95
58 97
58 98
58 99
58 102
58 104
58 105
58 106
58 107
58 108
58 109
58 113
58 117
58 119
58 120
58 122
58 123
58 124
58 126
58 129
58 130
58 131
58 136
58 137
58 138
58 140
58 142
58 143
58 146
58 149
58 151
58 156
58 157
58 159
58 160
58 161
58 163
58 164
58 165
58 166
58 167
58 169
58 172
58 173
58 175
58 176
58 177
58 178
58 179
58 180
58 182
58 183
58 185
58 187
58 188
58 189
58 190
58 191
58 192
58 193
58 194
58 197
58 199
59 62
59 63
59 64
59 65
59 67
59 68
59 70
59 71
59 75
59 76
59 77
59 79
59 80
59 81
59 82
59 84
59 85
59 86
59 88
59 89
59 90
59 91
59 94
59 96
59 97
59 100
59 101
59 102
59 103
59 104
59 105
59 106
59 107
59 108
59 110
59 112
59 113
59 115
59 117
59 118
59 119
59 120
59 126
59 127
59 129
59 130
59 131
59 132
59 133
59 134
59 137
59 138
59 139
59 140
59 141
59 142
59 143
59 146
59 147
59 149
59 150
59 153
59 154
59 156
59 157
59 160
59 163
59 164
59 165
59 168
59 170
59 172
59 175
59 176
59 177
59 178
59 179
59 180
59 181
59 182
59 183
59 185
59 186
59 187
59 188
59 189
59 192
59 193
59 199
60 61
60 63
60 64
60 65
60 67
60 68
60 70
60 73
60 79
60 81
60 82
60 83
60 84
60 88
60 89
60 90
60 91
60 92
60 93
60 94
60 95
60 96
60 97
60 100
60 101
60 102
60 103
60 106
60 108
60 112
60 116
60 117
60 118
60 119
60 120
60 121
60 122
60 124
60 126
60 128
60 130
60 131
60 134
60 135
60 136
60 139
60 140
60 142
60 144
60 147
60 148
60 151
60 152
60 154
60 155
60 156
60 157
60 159
60 160
60 161
60 162
60 165
60 166
60 168
60 169
60 172
60 173
60 175
60 177
60 178
60 181
60 183
60 184
60 186
60 188
60 190
60 191
60 192
60 193
60 194
60 196
60 197
60 198
60 199
61 62
61 64
61 65
61 68
61 69
61 70
61 72
61 73
61 75
61 78
61 79
61 80
61 81
61 84
61 85
61 88
61 89
61 91
61 93
61 94
61 95
61 97
61 98
61 102
61 104
61 109
61 110
61 113
61 114
61 116
61 117
61 118
61 119
61 121
61 123
61 124
61 126
61 132
61 134
61 135
61 136
61 137
61 138
61 139
61 143
61 144
61 146
61 149
61 150
61 151
61 152
61 154
61 155
61 156
61 157
61 158
61 159
61 161
61 162
61 164
61 165
61 166
61 167
61 168
61 169
61 171
61 172
61 173
61 174
61 175
61 176
61 177
61 179
61 180
61 181
61 182
61 184
61 185
61 186
61 189
61 190
61 191
61 193
61 194
61 195
61 196
61 197
61 198
61 199
62 63
62 64
62 65
62 66
62 67
62 68
62 70
62 71
62 72
62 73
62 74
62 75
62 76
62 82
62 83
62 84
62 85
62 87
62 88
62 91
62 93
62 97
62 98
62 99
62 100
62 102
62 104
62 108
62 110
62 111
62 112
62 113
62 116
62 117
62 121
62 123
62 124
62 127
62 128
62 129
62 130
62 135
62 136
62 137
62 138
62 140
62 142
62 143
62 144
62 147
62 150
62 152
62 154
62 157
62 158
62 160
62 165
62 167
62 168
62 169
62 170
62 171
62 174
62 176
62 177
62 178
62 180
62 185
62 188
62 190
62 191
62 192
62 193
62 197
62 199
63 64
63 65
63 68
63 69
63 71
63 73
63 74
63 76
63 78
63 79
63 80
63 81
63 82
63 83
63 85
63 86
63 88
63 89
63 92
63 93
63 97
63 98
63 99
63 100
63 101
63 102
63 103
63 105
63 108
63 109
63 112
63 113
63 114
63 115
63 116
63 121
63 122
63 123
63 124
63 125
63 127
63 129
63 130
63 131
63 132
63 133
63 134
63 135
63 138
63 140
63 141
63 142
63 143
63 144
63 147
63 148
63 152
63 154
63 155
63 160
63 161
63 162
63 163
63 165
63 166
63 167
63 168
63 169
63 171
63 172
63 173
63 174
63 175
63 177
63 178
63 179
63 182
63 183
63 184
63 188
63 190
63 191
63 192
63 193
63 194
63 198
63 199
64 67
64 68
64 69
64 71
64 72
64 74
64 75
64 76
64 77
64 82
64 83
64 87
64 88
64 90
64 91
64 92
64 93
64 94
64 95
64 96
64 97
64 98
64 101
64 102
64 104
64 105
64 106
64 107
64 108
64 110
64 111
64 113
64 114
64 115
64 116
64 117
64 125
64 126
64 128
64 130
64 132
64 134
64 136
64 137
64 139
64 140
64 143
64 144
64 145
64 146
64 147
64 151
64 153
64 155
64 156
64 157
64 158
64 159
64 162
64 165
64 167
64 168
64 172
64 173
64 174
64 176
64 177
64 178
64 180
64 181
64 182
64 184
64 185
64 186
64 187
64 188
64 190
64 191
64 192
64 195
64 196
64 198
64 199
65 66
65 67
65 68
65 69
65 70
65 71
65 72
65 73
65 74
65 75
65 79
65 80
65 81
65 82
65 84
65 85
65 87
65 88
65 89
65 92
65 93
65 95
65 97
65 100
65 101
65 102
65 104
65 105
65 106
65 107
65 108
65 109
65 110
65 112
65 113
65 114
65 115
65 116
65 117
65 118
65 119
65 124
65 126
65 130
65 131
65 134
65 135
65 137
65 138
65 142
65 143
65 147
65 149
65 150
65 152
65 153
65 160
65 163
65 164
65 167
65 168
65 169
65 170
65 171
65 173
65 174
65 177
65 178
65 179
65 180
65 181
65 186
65 187
65 188
65 191
65 192
65 193
65 194
65 195
65 196
65 197
65 199
66 67
66 70
66 71
66 73
66 75
66 76
66 78
66 79
66 81
66 83
66 84
66 85
66 89
66 90
66 92
66 93
66 95
66 97
66 101
66 102
66 103
66 104
66 105
66 106
66 107
66 110
66 111
66 112
66 113
66 114
66 115
66 117
66 118
66 119
66 120
66 122
66 123
66 124
66 128
66 130
66 131
66 134
66 135
66 136
66 137
66 138
66 139
66 140
66 141
66 142
66 145
66 148
66 149
66 150
66 151
66 153
66 156
66 157
66 161
66 163
66 164
66 167
66 169
66 170
66 171
66 173
66 174
66 175
66 176
66 178
66 180
66 182
66 184
66 186
66 187
66 188
66 189
66 190
66 192
66 193
66 194
66 198
67 71
67 72
67 73
67 75
67 76
67 77
67 78
67 79
67 80
67 81
67 82
67 85
67 87
67 91
67 93
67 95
67 97
67 98
67 99
67 100
67 101
67 103
67 104
67 105
67 107
67 113
67 114
67 115
67 116
67 117
67 120
67 121
67 122
67 125
67 127
67 129
67 130
67 131
67 132
67 133
67 137
67 139
67 141
67 142
67 143
67 144
67 147
67 148
67 149
67 150
67 151
67 153
67 158
67 160
67 161
67 162
67 163
67 164
67 165
67 168
67 170
67 171
67 172
67 175
67 176
67 177
67 178
67 180
67 182
67 183
67 185
67 188
67 189
67 190
67 191
67 196
67 197
67 198
67 199
68 69
68 73
68 74
68 76
68 77
68 78
68 79
68 80
68 81
68 83
68 85
68 86
68 87
68 88
68 89
68 90
68 91
68 92
68 93
68 94
68 95
68 96
68 101
68 103
68 104
68 105
68 107
68 108
68 110
68 112
68 113
68 115
68 116
68 117
68 119
68 121
68 124
68 125
68 127
68 128
68 129
68 130
68 131
68 132
68 134
68 135
68 136
68 137
68 139
68 140
68 142
68 143
68 147
68 148
68 149
68 150
68 151
68 154
68 155
68 156
68 158
68 159
68 160
68 161
68 162
68 163
68 164
68 168
68 170
68 171
68 173
68 177
68 180
68 181
68 186
68 187
68 189
68 190
68 191
68 193
68 197
68 198
69 70
69 74
69 75
69 79
69 80
69 81
69 82
69 84
69 85
69 87
69 88
69 89
69 91
69 93
69 94
69 96
69 98
69 100
69 101
69 104
69 105
69 112
69 113
69 115
69 116
69 117
69 120
69 121
69 123
69 124
69 126
69 129
69 130
69 131
69 132
69 134
69 135
69 137
69 139
69 141
69 144
69 145
69 146
69 148
69 150
69 151
69 152
69 153
69 154
69 155
69 156
69 158
69 159
69 160
69 162
69 163
69 166
69 167
69 170
69 171
69 172
69 174
69 176
69 177
69 178
69 180
69 182
69 185
69 187
69 188
69 191
69 192
69 193
69 195
70 71
70 72
70 73
70 74
70 75
70 78
70 79
70 80
70 81
70 82
70 83
70 85
70 86
70 87
70 89
70 92
70 93
70 94
70 96
70 98
70 100
70 101
70 102
70 103
70 106
70 108
70 109
70 110
70 113
70 114
70 115
70 116
70 117
70 119
70 123
70 127
70 130
70 131
70 132
70 134
70 136
70 139
70 145
70 146
70 147
70 149
70 153
70 154
70 155
70 157
70 158
70 160
70 162
70 163
70 165
70 166
70 167
70 169
70 172
70 174
70 179
70 180
70 181
70 182
70 183
70 184
70 189
70 191
70 192
70 193
70 194
70 195
70 197
70 199
71 72
71 73
71 74
71 76
71 77
71 78
71 79
71 80
71 81
71 85
71 87
71 88
71 89
71 93
71 95
71 96
71 98
71 99
71 101
71 102
71 104
71 105
71 107
71 108
71 111
71 112
71 113
71 114
71 115
71 117
71 119
71 122
71 123
71 124
71 125
71 126
71 127
71 128
71 129
71 130
71 131
71 134
71 135
71 138
71 141
71 143
71 144
71 146
71 148
71 149
71 150
71 151
71 152
71 154
71 156
71 157
71 159
71 160
71 162
71 163
71 164
71 165
71 167
71 168
71 170
71 171
71 172
71 173
71 174
71 176
71 177
71 178
71 179
71 180
71 183
71 184
71 185
71 186
71 187
71 189
71 192
71 193
71 195
71 196
71 198
72 76
72 77
72 78
72 79
72 80
72 81
72 82
72 83
72 84
72 85
72 88
72 89
72 90
72 92
72 93
72 94
72 95
72 96
72 99
72 100
72 101
72 103
72 105
72 106
72 107
72 108
72 112
72 116
72 117
72 118
72 119
72 120
72 121
72 122
72 124
72 125
72 127
72 130
72 132
72 133
72 134
72 135
72 137
72 138
72 141
72 142
72 145
72 146
72 148
72 150
72 153
72 154
72 155
72 157
72 159
72 161
72 162
72 167
72 168
72 170
72 173
72 174
72 177
72 178
72 179
72 180
72 182
72 186
72 189
72 190
72 191
72 194
72 196
72 197
72 198
72 199
73 75
73 76
73 77
73 79
73 80
73 83
73 87
73 91
73 93
73 96
73 97
73 98
73 100
73 101
73 102
73 104
73 106
73 107
73 109
73 112
73 113
73 114
73 115
73 117
73 118
73 119
73 120
73 122
73 123
73 124
73 127
73 128
73 129
73 130
73 131
73 133
73 134
73 135
73 136
73 137
73 139
73 140
73 141
73 145
73 146
73 149
73 150
73 151
73 152
73 153
73 154
73 155
73 156
73 157
73 161
73 162
73 163
73 164
73 165
73 167
73 169
73 174
73 175
73 178
73 181
73 182
73 184
73 185
73 186
73 188
73 191
73 192
73 194
73 195
73 198
74 75
74 77
74 80
74 81
74 82
74 83
74 84
74 85
74 86
74 87
74 89
74 91
74 92
74 93
74 94
74 95
74 96
74 98
74 99
74 101
74 102
74 104
74 106
74 107
74 111
74 112
74 115
74 117
74 119
74 120
74 121
74 122
74 125
74 126
74 127
74 128
74 130
74 131
74 133
74 135
74 136
74 137
74 138
74 141
74 143
74 145
74 146
74 148
74 150
74 151
74 152
74 155
74 156
74 158
74 159
74 161
74 162
74 164
74 165
74 166
74 168
74 169
74 174
74 177
74 180
74 182
74 183
74 184
74 185
74 187
74 188
74 190
74 193
74 194
74 196
74 197
75 76
75 78
75 80
75 81
75 83
75 85
75 86
75 88
75 91
75 95
75 96
75 98
75 99
75 100
75 106
75 107
75 108
75 111
75 112
75 113
75 114
75 116
75 117
75 120
75 121
75 123
75 124
75 125
75 127
75 128
75 130
75 131
75 133
75 134
75 136
75 137
75 141
75 142
75 143
75 146
75 147
75 150
75 151
75 153
75 155
75 156
75 161
75 162
75 164
75 165
75 167
75 168
75 169
75 170
75 171
75 172
75 173
75 177
75 178
75 179
75 180
75 182
75 185
75 186
75 188
75 189
75 194
75 197
75 199
76 78
76 80
76 81
76 82
76 83
76 86
76 87
76 88
76 90
76 91
76 96
76 99
76 100
76 103
76 104
76 105
76 107
76 110
76 116
76 117
76 118
76 120
76 121
76 123
76 124
76 126
76 127
76 128
76 130
76 131
76 132
76 134
76 136
76 137
76 138
76 139
76 140
76 141
76 142
76 144
76 145
76 146
76 147
76 148
76 149
76 150
76 151
76 154
76 155
76 156
76 159
76 160
76 161
76 162
76 163
76 166
76 167
76 168
76 172
76 177
76 178
76 180
76 181
76 182
76 184
76 185
76 186
76 187
76 188
76 191
76 192
76 193
76 194
76 196
76 197
76 198
76 199
77 78
77 79
77 80
77 81
77 83
77 84
77 85
77 86
77 87
77 88
77 89
77 90
77 92
77 95
77 96
77 98
77 100
77 102
77 103
77 104
77 105
77 106
77 107
77 108
77 110
77 113
77 115
77 119
77 120
77 121
77 123
77 126
77 127
77 130
77 131
77 132
77 135
77 139
77 140
77 142
77 145
77 147
77 152
77 153
77 154
77 156
77 157
77 159
77 160
77 161
77 165
77 167
77 169
77 170
77 174
77 175
77 176
77 177
77 179
77 180
77 181
77 183
77 184
77 185
77 186
77 187
77 188
77 194
77 195
77 196
77 199
78 81
78 82
78 83
78 85
78 86
78 89
78 90
78 93
78 94
78 96
78 97
78 98
78 100
78 101
78 103
78 104
78 105
78 106
78 107
78 111
78 112
78 114
78 115
78 116
78 117
78 118
78 120
78 121
78 122
78 123
78 125
78 126
78 127
78 128
78 130
78 131
78 134
78 135
78 138
78 142
78 146
78 148
78 149
78 150
78 151
78 152
78 153
78 154
78 156
78 160
78 161
78 162
78 163
78 166
78 167
78 168
78 169
78 170
78 172
78 173
78 174
78 175
78 178
78 180
78 181
78 185
78 186
78 187
78 188
78 189
78 190
78 192
78 194
78 195
78 197
78 198
78 199
79 80
79 81
79 84
79 86
79 88
79 89
79 90
79 91
79 93
79 94
79 97
79 98
79 99
79 102
79 105
79 106
79 107
79 108
79 112
79 113
79 114
79 116
79 118
79 119
79 120
79 121
79 122
79 124
79 125
79 126
79 127
79 129
79 130
79 131
79 132
79 135
79 136
79 137
79 139
79 140
79 141
79 142
79 143
79 144
79 145
79 146
79 147
79 150
79 152
79 153
79 154
79 160
79 161
79 165
79 171
79 172
79 173
79 174
79 176
79 177
79 178
79 179
79 181
79 183
79 184
79 185
79 187
79 188
79 190
79 192
79 193
79 194
79 198
79 199
80 82
80 84
80 85
80 86
80 87
80 89
80 90
80 91
80 92
80 93
80 94
80 95
80 96
80 98
80 100
80 101
80 102
80 104
80 106
80 110
80 111
80 112
80 113
80 114
80 115
80 116
80 117
80 120
80 121
80 125
80 127
80 131
80 132
80 133
80 134
80 135
80 136
80 138
80 139
80 140
80 141
80 142
80 143
80 145
80 146
80 148
80 150
80 152
80 156
80 158
80 159
80 161
80 164
80 166
80 167
80 168
80 169
80 171
80 172
80 173
80 175
80 177
80 180
80 181
80 184
80 187
80 188
80 190
80 191
80 193
80 195
80 197
80 198
80 199
81 82
81 83
81 84
81 87
81 88
81 90
81 91
81 93
81 94
81 95
81 97
81 101
81 103
81 105
81 106
81 109
81 112
81 113
81 115
81 117
81 118
81 119
81 120
81 123
81 124
81 125
81 126
81 128
81 134
81 136
81 137
81 138
81 139
81 142
81 144
81 146
81 147
81 149
81 150
81 151
81 153
81 154
81 155
81 157
81 162
81 163
81 164
81 165
81 166
81 167
81 168
81 169
81 170
81 171
81 172
81 173
81 175
81 177
81 180
81 181
81 183
81 185
81 189
81 190
81 191
81 192
81 193
81 195
81 196
81 197
81 198
82 84
82 85
82 88
82 89
82 90
82 91
82 93
82 94
82 96
82 99
82 100
82 106
82 107
82 108
82 109
82 110
82 111
82 113
82 114
82 116
82 117
82 118
82 119
82 120
82 121
82 125
82 126
82 127
82 128
82 130
82 135
82 136
82 137
82 139
82 141
82 143
82 144
82 146
82 147
82 149
82 150
82 151
82 152
82 154
82 155
82 156
82 157
82 158
82 161
82 162
82 163
82 164
82 168
82 170
82 171
82 174
82 176
82 178
82 180
82 183
82 185
82 186
82 187
82 188
82 189
82 190
82 191
82 192
82 194
82 196
82 197
82 198
82 199
83 84
83 86
83 87
83 88
83 89
83 90
83 92
83 93
83 94
83 95
83 96
83 97
83 98
83 99
83 100
83 101
83 102
83 103
83 104
83 105
83 106
83 110
83 114
83 115
83 116
83 117
83 118
83 119
83 120
83 121
83 122
83 124
83 125
83 127
83 128
83 130
83 131
83 134
83 135
83 136
83 137
83 139
83 140
83 141
83 142
83 144
83 145
83 146
83 147
83 148
83 149
83 150
83 152
83 153
83 154
83 155
83 156
83 158
83 159
83 160
83 162
83 164
83 166
83 167
83 169
83 170
83 171
83 177
83 178
83 179
83 180
83 181
83 183
83 184
83 185
83 188
83 189
83 194
83 195
83 196
83 197
84 85
84 87
84 93
84 96
84 97
84 99
84 102
84 103
84 104
84 105
84 106
84 107
84 108
84 110
84 111
84 113
84 114
84 117
84 118
84 119
84 120
84 123
84 125
84 126
84 127
84 129
84 130
84 131
84 132
84 133
84 135
84 138
84 141
84 142
84 143
84 144
84 146
84 147
84 149
84 151
84 154
84 155
84 157
84 158
84 159
84 161
84 162
84 164
84 166
84 167
84 168
84 169
84 170
84 171
84 173
84 175
84 176
84 177
84 178
84 179
84 182
84 183
84 184
84 185
84 186
84 187
84 189
84 191
84 192
84 193
84 194
84 198
84 199
85 87
85 88
85 90
85 93
85 94
85 98
85 103
85 104
85 107
85 109
85 113
85 116
85 119
85 121
85 125
85 127
85 129
85 131
85 132
85 134
85 135
85 136
85 138
85 139
85 140
85 143
85 145
85 146
85 149
85 150
85 151
85 152
85 153
85 154
85 155
85 156
85 157
85 158
85 159
85 160
85 161
85 162
85 164
85 165
85 166
85 168
85 171
85 173
85 175
85 176
85 177
85 181
85 183
85 184
85 186
85 187
85 191
85 193
85 195
85 197
85 198
86 87
86 90
86 91
86 92
86 94
86 98
86 100
86 102
86 105
86 108
86 110
86 111
86 112
86 113
86 114
86 115
86 116
86 124
86 125
86 127
86 128
86 129
86 130
86 131
86 132
86 135
86 136
86 138
86 139
86 140
86 141
86 142
86 145
86 147
86 149
86 150
86 151
86 152
86 154
86 156
86 157
86 159
86 160
86 161
86 162
86 163
86 164
86 165
86 166
86 167
86 169
86 171
86 173
86 175
86 177
86 178
86 179
86 181
86 182
86 183
86 186
86 188
86 190
86 191
86 192
86 193
86 197
87 88
87 89
87 90
87 92
87 94
87 95
87 97
87 99
87 100
87 101
87 102
87 104
87 105
87 106
87 108
87 109
87 111
87 113
87 115
87 116
87 117
87 118
87 119
87 123
87 124
87 126
87 127
87 128
87 130
87 131
87 132
87 133
87 135
87 136
87 137
87 138
87 140
87 141
87 142
87 143
87 145
87 147
87 151
87 152
87 153
87 155
87 160
87 161
87 164
87 165
87 166
87 167
87 168
87 170
87 171
87 172
87 174
87 176
87 178
87 181
87 183
87 186
87 187
87 188
87 189
87 191
87 195
87 197
87 199
88 89
88 90
88 91
88 92
88 93
88 94
88 98
88 100
88 101
88 104
88 105
88 106
88 110
88 112
88 113
88 114
88 117
88 120
88 123
88 126
88 129
88 130
88 131
88 132
88 133
88 135
88 137
88 139
88 140
88 142
88 144
88 145
88 150
88 152
88 153
88 155
88 162
88 165
88 167
88 168
88 170
88 172
88 174
88 176
88 178
88 180
88 181
88 182
88 185
88 188
88 189
88 190
88 193
88 194
88 195
88 196
88 198
89 90
89 91
89 93
89 94
89 95
89 99
89 100
89 102
89 103
89 104
89 105
89 107
89 108
89 110
89 112
89 115
89 116
89 119
89 120
89 121
89 123
89 125
89 127
89 128
89 129
89 130
89 131
89 132
89 133
89 134
89 138
89 140
89 141
89 142
89 146
89 147
89 150
89 151
89 152
89 153
89 155
89 156
89 157
89 158
89 162
89 166
89 169
89 171
89 173
89 174
89 175
89 176
89 178
89 179
89 180
89 183
89 184
89 185
89 186
89 188
89 190
89 192
89 195
89 196
89 197
89 198
89 199
90 95
90 96
90 98
90 100
90 101
90 102
90 103
90 105
90 106
90 107
90 108
90 109
90 110
90 111
90 112
90 115
90 116
90 117
90 118
90 120
90 122
90 123
90 125
90 126
90 128
90 129
90 130
90 132
90 134
90 135
90 136
90 137
90 139
90 141
90 144
90 145
90 146
90 148
90 149
90 150
90 151
90 152
90 154
90 155
90 158
90 159
90 160
90 162
90 163
90 165
90 166
90 169
90 170
90 173
90 174
90 176
90 177
90 179
90 180
90 182
90 183
90 186
90 187
90 191
90 194
90 195
90 197
90 199
91 92
91 93
91 95
91 96
91 97
91 100
91 104
91 105
91 106
91 107
91 109
91 112
91 113
91 115
91 116
91 117
91 118
91 119
91 121
91 122
91 123
91 124
91 125
91 128
91 129
91 131
91 133
91 139
91 140
91 141
91 142
91 143
91 145
91 147
91 151
91 154
91 156
91 157
91 158
91 160
91 161
91 162
91 165
91 167
91 168
91 169
91 170
91 171
91 175
91 176
91 182
91 183
91 184
91 185
91 186
91 188
91 191
91 194
91 195
91 196
91 197
91 199
92 93
92 95
92 96
92 97
92 99
92 102
92 104
92 105
92 106
92 107
92 108
92 109
92 110
92 111
92 113
92 114
92 116
92 117
92 120
92 121
92 123
92 124
92 125
92 126
92 131
92 132
92 133
92 134
92 135
92 138
92 139
92 141
92 142
92 145
92 148
92 151
92 152
92 153
92 155
92 156
92 157
92 158
92 159
92 161
92 162
92 165
92 166
92 167
92 168
92 169
92 170
92 172
92 173
92 174
92 176
92 179
92 180
92 183
92 184
92 186
92 187
92 188
92 191
92 192
92 194
92 195
92 196
92 197
92 198
92 199
93 94
93 97
93 101
93 102
93 103
93 105
93 106
93 112
93 114
93 115
93 119
93 121
93 122
93 125
93 126
93 127
93 128
93 129
93 130
93 132
93 134
93 135
93 137
93 138
93 139
93 140
93 141
93 144
93 146
93 147
93 148
93 149
93 152
93 154
93 155
93 156
93 157
93 158
93 160
93 161
93 162
93 163
93 165
93 166
93 168
93 170
93 173
93 175
93 176
93 178
93 180
93 184
93 185
93 190
93 192
93 193
93 194
93 196
93 197
93 198
93 199
94 97
94 98
94 100
94 101
94 102
94 103
94 105
94 107
94 108
94 109
94 110
94 112
94 113
94 115
94 116
94 118
94 119
94 121
94 123
94 125
94 127
94 128
94 129
94 130
94 133
94 136
94 138
94 139
94 140
94 141
94 143
94 144
94 145
94 147
94 148
94 149
94 150
94 151
94 156
94 157
94 158
94 160
94 161
94 165
94 166
94 167
94 168
94 170
94 171
94 174
94 176
94 179
94 181
94 183
94 184
94 185
94 186
94 187
94 188
94 189
94 190
94 192
94 193
94 194
94 195
94 196
94 198
94 199
95 97
95 98
95 99
95 101
95 103
95 106
95 107
95 108
95 111
95 114
95 115
95 119
95 120
95 121
95 122
95 125
95 126
95 127
95 135
95 136
95 137
95 139
95 141
95 142
95 146
95 147
95 148
95 150
95 151
95 154
95 155
95 157
95 158
95 160
95 163
95 165
95 166
95 171
95 172
95 174
95 178
95 183
95 184
95 185
95 186
95 187
95 188
95 190
95 192
95 195
95 196
95 199
96 97
96 98
96 99
96 101
96 102
96 104
96 105
96 108
96 109
96 110
96 111
96 112
96 113
96 114
96 115
96 116
96 117
96 118
96 119
96 120
96 124
96 125
96 127
96 128
96 131
96 132
96 134
96 136
96 138
96 140
96 142
96 143
96 146
96 147
96 149
96 151
96 153
96 154
96 156
96 157
96 158
96 159
96 161
96 162
96 165
96 166
96 167
96 168
96 169
96 170
96 172
96 173
96 174
96 175
96 176
96 177
96 178
96 179
96 180
96 181
96 182
96 185
96 186
96 187
96 189
96 190
96 191
96 193
96 194
96 196
96 197
96 198
97 98
97 100
97 101
97 102
97 103
97 104
97 106
97 107
97 108
97 109
97 111
97 112
97 113
97 115
97 116
97 117
97 121
97 122
97 123
97 124
97 125
97 126
97 131
97 132
97 136
97 137
97 138
97 139
97 140
97 141
97 143
97 144
97 146
97 147
97 148
97 149
97 150
97 153
97 154
97 155
97 158
97 160
97 162
97 163
97 164
97 165
97 167
97 168
97 169
97 170
97 177
97 179
97 180
97 181
97 182
97 184
97 187
97 188
97 189
97 190
97 191
97 192
97 193
97 196
97 197
97 199
98 99
98 100
98 102
98 107
98 110
98 111
98 112
98 113
98 114
98 115
98 116
98 118
98 121
98 124
98 128
98 129
98 131
98 132
98 133
98 134
98 135
98 136
98 138
98 139
98 140
98 143
98 144
98 146
98 149
98 150
98 152
98 154
98 157
98 159
98 164
98 167
98 168
98 169
98 171
98 173
98 174
98 178
98 179
98 181
98 182
98 183
98 184
98 185
98 186
98 187
98 188
98 189
98 190
98 193
98 195
98 196
98 197
98 199
99 100
99 102
99 105
99 107
99 110
99 111
99 112
99 113
99 114
99 115
99 116
99 117
99 118
99 119
99 120
99 121
99 122
99 124
99 125
99 126
99 128
99 129
99 130
99 132
99 136
99 140
99 143
99 144
99 146
99 147
99 148
99 149
99 150
99 151
99 153
99 154
99 155
99 156
99 158
99 160
99 162
99 163
99 166
99 168
99 169
99 171
99 172
99 173
99 174
99 176
99 177
99 180
99 183
99 184
99 185
99 188
99 189
99 191
99 192
99 193
99 194
99 195
99 196
99 198
100 101
100 102
100 104
100 105
100 106
100 107
100 108
100 111
100 112
100 113
100 114
100 115
100 117
100 119
100 121
100 124
100 125
100 126
100 127
100 128
100 129
100 130
100 131
100 132
100 135
100 137
100 139
100 140
100 143
100 144
100 146
100 147
100 148
100 150
100 151
100 152
100 153
100 155
100 156
100 157
100 158
100 161
100 163
100 164
100 165
100 166
100 168
100 169
100 170
100 171
100 172
100 175
100 176
100 177
100 178
100 179
100 181
100 183
100 184
100 185
100 187
100 190
100 191
100 193
100 194
100 195
100 196
100 197
101 102
101 105
101 110
101 111
101 113
101 114
101 120
101 121
101 122
101 123
101 125
101 130
101 132
101 134
101 135
101 136
101 137
101 138
101 140
101 141
101 145
101 146
101 148
101 152
101 155
101 157
101 159
101 163
101 165
101 166
101 167
101 168
101 171
101 172
101 173
101 175
101 176
101 177
101 185
101 186
101 189
101 190
101 193
101 195
101 197
101 198
101 199
102 106
102 108
102 110
102 111
102 112
102 115
102 117
102 118
102 119
102 121
102 122
102 123
102 124
102 125
102 127
102 128
102 129
102 131
102 132
102 134
102 135
102 136
102 138
102 139
102 140
102 142
102 143
102 144
102 146
102 149
102 150
102 152
102 153
102 154
102 156
102 158
102 159
102 160
102 161
102 163
102 165
102 166
102 167
102 168
102 171
102 172
102 174
102 176
102 177
102 178
102 180
102 182
102 183
102 185
102 186
102 188
102 189
102 190
102 192
102 193
102 195
102 196
102 199
103 106
103 108
103 110
103 113
103 115
103 116
103 117
103 119
103 121
103 122
103 123
103 124
103 126
103 131
103 132
103 134
103 135
103 136
103 137
103 138
103 139
103 140
103 141
103 143
103 144
103 149
103 153
103 154
103 157
103 158
103 159
103 161
103 162
103 165
103 166
103 167
103 171
103 173
103 176
103 178
103 179
103 183
103 184
103 186
103 188
103 189
103 190
103 193
103 194
103 195
103 196
103 197
103 198
103 199
104 105
104 107
104 111
104 112
104 115
104 116
104 119
104 120
104 121
104 123
104 124
104 128
104 129
104 130
104 132
104 133
104 135
104 138
104 139
104 140
104 141
104 142
104 143
104 145
104 146
104 148
104 150
104 152
104 154
104 155
104 156
104 158
104 159
104 160
104 161
104 162
104 163
104 165
104 166
104 167
104 169
104 170
104 171
104 172
104 174
104 178
104 180
104 181
104 182
104 183
104 184
104 185
104 187
104 188
104 189
104 190
104 191
104 192
104 194
104 196
104 198
105 106
105 108
105 112
105 113
105 114
105 115
105 116
105 117
105 120
105 121
105 124
105 126
105 127
105 129
105 130
105 133
105 134
105 136
105 138
105 140
105 141
105 142
105 147
105 149
105 150
105 151
105 152
105 154
105 156
105 157
105 158
105 160
105 161
105 162
105 164
105 166
105 168
105 169
105 172
105 173
105 175
105 176
105 177
105 179
105 180
105 181
105 182
105 183
105 184
105 185
105 186
105 187
105 188
105 190
105 191
105 194
105 197
105 198
106 107
106 109
106 111
106 112
106 113
106 114
106 119
106 120
106 121
106 123
106 127
106 129
106 133
106 136
106 138
106 139
106 140
106 141
106 143
106 144
106 145
106 146
106 147
106 148
106 149
106 150
106 152
106 153
106 155
106 156
106 157
106 158
106 159
106 160
106 162
106 163
106 164
106 166
106 167
106 170
106 171
106 172
106 173
106 174
106 175
106 176
106 177
106 178
106 179
106 180
106 182
106 184
106 185
106 187
106 188
106 189
106 190
106 192
106 194
106 197
106 198
106 199
107 110
107 111
107 112
107 117
107 119
107 120
107 121
107 122
107 123
107 124
107 127
107 128
107 130
107 131
107 133
107 134
107 135
107 137
107 138
107 139
107 140
107 141
107 142
107 143
107 145
107 146
107 148
107 149
107 150
107 151
107 153
107 154
107 155
107 156
107 158
107 159
107 160
107 163
107 166
107 171
107 174
107 176
107 179
107 180
107 181
107 182
107 183
107 184
107 185
107 189
107 191
107 194
107 197
107 198
108 109
108 110
108 111
108 112
108 113
108 114
108 115
108 116
108 117
108 119
108 120
108 121
108 122
108 123
108 124
108 125
108 126
108 127
108 128
108 129
108 132
108 134
108 135
108 136
108 137
108 138
108 143
108 144
108 145
108 146
108 149
108 152
108 154
108 155
108 156
108 157
108 159
108 160
108 162
108 163
108 164
108 166
108 167
108 168
108 169
108 171
108 172
108 173
108 174
108 175
108 176
108 179
108 180
108 181
108 182
108 184
108 186
108 187
108 188
108 190
108 192
108 193
108 196
108 198
108 199
109 111
109 113
109 114
109 116
109 117
109 118
109 120
109 123
109 124
109 125
109 126
109 127
109 128
109 129
109 132
109 134
109 135
109 137
109 138
109 139
109 142
109 144
109 145
109 148
109 149
109 150
109 151
109 154
109 155
109 156
109 158
109 162
109 164
109 165
109 166
109 172
109 173
109 175
109 176
109 178
109 180
109 181
109 182
109 183
109 184
109 185
109 187
109 188
109 190
109 193
109 194
109 196
109 197
109 198
109 199
110 112
110 114
110 115
110 116
110 117
110 119
110 121
110 122
110 123
110 125
110 126
110 127
110 129
110 131
110 133
110 134
110 135
110 136
110 137
110 140
110 141
110 142
110 143
110 145
110 149
110 152
110 154
110 156
110 158
110 160
110 161
110 163
110 166
110 171
110 172
110 176
110 177
110 178
110 179
110 181
110 182
110 187
110 189
110 190
110 191
110 195
110 196
110 197
110 198
110 199
111 112
111 115
111 116
111 117
111 119
111 120
111 122
111 123
111 124
111 126
111 127
111 128
111 129
111 131
111 133
111 134
111 137
111 138
111 140
111 142
111 143
111 144
111 145
111 146
111 147
111 151
111 153
111 155
111 156
111 159
111 160
111 162
111 165
111 166
111 168
111 171
111 172
111 176
111 177
111 178
111 180
111 181
111 182
111 183
111 184
111 186
111 187
111 188
111 189
111 190
111 191
111 192
111 193
111 194
111 195
111 196
111 198
112 114
112 115
112 116
112 117
112 118
112 122
112 124
112 125
112 126
112 130
112 131
112 132
112 134
112 142
112 144
112 145
112 147
112 150
112 151
112 152
112 153
112 156
112 157
112 158
112 159
112 160
112 162
112 163
112 164
112 167
112 168
112 169
112 170
112 171
112 172
112 173
112 182
112 183
112 184
112 186
112 187
112 188
112 190
112 191
112 192
112 194
112 195
112 197
112 198
113 114
113 115
113 117
113 119
113 120
113 121
113 122
113 124
113 125
113 126
113 127
113 128
113 129
113 131
113 132
113 133
113 134
113 135
113 136
113 138
113 139
113 140
113 144
113 145
113 146
113 147
113 149
113 150
113 151
113 152
113 154
113 156
113 157
113 159
113 160
113 161
113 165
113 166
113 167
113 168
113 169
113 170
113 172
113 174
113 175
113 176
113 177
113 183
113 184
113 185
113 186
113 187
113 189
113 190
113 191
113 192
113 193
113 194
113 195
113 197
113 199
114 116
114 118
114 120
114 121
114 123
114 124
114 125
114 126
114 129
114 130
114 131
114 132
114 133
114 134
114 137
114 138
114 139
114 140
114 141
114 142
114 143
114 145
114 146
114 147
114 148
114 149
114 150
114 151
114 154
114 155
114 156
114 159
114 160
114 161
114 162
114 163
114 164
114 165
114 167
114 170
114 171
114 174
114 175
114 176
114 180
114 182
114 184
114 185
114 186
114 187
114 188
114 190
114 191
114 192
114 193
114 196
114 197
114 199
115 117
115 118
115 119
115 120
115 122
115 123
115 124
115 125
115 126
115 127
115 128
115 129
115 130
115 131
115 133
115 135
115 137
115 138
115 139
115 140
115 141
115 145
115 146
115 147
115 148
115 149
115 150
115 151
115 152
115 153
115 154
115 155
115 157
115 161
115 162
115 163
115 164
115 165
115 166
115 169
115 170
115 174
115 175
115 176
115 177
115 178
115 180
115 181
115 185
115 186
115 188
115 190
115 193
115 194
115 196
115 199
116 121
116 124
116 125
116 128
116 130
116 131
116 132
116 133
116 134
116 135
116 136
116 137
116 138
116 140
116 141
116 142
116 145
116 146
116 148
116 149
116 150
116 152
116 153
116 154
116 156
116 157
116 158
116 159
116 160
116 163
116 165
116 166
116 171
116 176
116 179
116 181
116 185
116 186
116 187
116 188
116 190
116 191
116 192
116 193
116 194
116 195
116 198
117 119
117 126
117 127
117 128
117 129
117 130
117 131
117 135
117 137
117 140
117 141
117 142
117 145
117 146
117 148
117 149
117 150
117 151
117 158
117 159
117 160
117 161
117 163
117 165
117 167
117 168
117 169
117 170
117 172
117 173
117 174
117 176
117 177
117 178
117 180
117 181
117 183
117 184
117 186
117 187
117 188
117 191
117 192
117 194
117 196
117 197
117 198
118 120
118 121
118 122
118 125
118 126
118 127
118 128
118 130
118 131
118 132
118 133
118 134
118 135
118 137
118 138
118 139
118 140
118 141
118 143
118 144
118 145
118 147
118 148
118 149
118 151
118 154
118 155
118 158
118 159
118 160
118 163
118 164
118 165
118 166
118 167
118 168
118 170
118 174
118 178
118 180
118 185
118 186
118 188
118 192
118 193
118 195
118 196
118 197
118 198
118 199
119 120
119 121
119 122
119 123
119 124
119 125
119 126
119 127
119 128
119 130
119 131
119 135
119 136
119 138
119 139
119 142
119 143
119 145
119 146
119 147
119 149
119 150
119 153
119 154
119 155
119 156
119 158
119 159
119 161
119 162
119 163
119 165
119 166
119 167
119 168
119 169
119 170
119 174
119 175
119 176
119 177
119 179
119 181
119 183
119 186
119 187
119 189
119 190
119 191
119 193
119 197
119 198
119 199
120 121
120 123
120 126
120 127
120 128
120 129
120 130
120 131
120 135
120 137
120 138
120 139
120 141
120 142
120 144
120 145
120 146
120 148
120 149
120 150
120 152
120 153
120 154
120 155
120 157
120 159
120 160
120 162
120 163
120 164
120 165
120 166
120 168
120 169
120 172
120 173
120 174
120 175
120 176
120 178
120 179
120 180
120 181
120 182
120 183
120 185
120 186
120 187
120 188
120 189
120 190
120 191
120 192
120 194
120 197
120 198
120 199
121 125
121 127
121 129
121 130
121 131
121 133
121 134
121 136
121 138
121 140
121 141
121 142
121 143
121 144
121 145
121 146
121 147
121 149
121 150
121 152
121 157
121 158
121 159
121 161
121 163
121 164
121 165
121 166
121 167
121 171
121 172
121 173
121 175
121 176
121 177
121 178
121 179
121 183
121 184
121 185
121 187
121 189
121 192
121 193
121 194
121 197
121 198
122 124
122 125
122 126
122 128
122 129
122 131
122 132
122 134
122 135
122 137
122 139
122 141
122 142
122 144
122 145
122 146
122 147
122 149
122 151
122 152
122 153
122 154
122 156
122 158
122 159
122 161
122 162
122 163
122 164
122 165
122 166
122 168
122 169
122 170
122 172
122 174
122 176
122 177
122 178
122 179
122 180
122 181
122 185
122 186
122 187
122 188
122 189
122 191
122 192
122 193
122 194
122 197
123 125
123 126
123 127
123 129
123 131
123 133
123 134
123 137
123 139
123 140
123 141
123 142
123 146
123 152
123 154
123 155
123 156
123 157
123 161
123 162
123 163
123 165
123 166
123 167
123 168
123 169
123 173
123 175
123 176
123 177
123 178
123 179
123 180
123 181
123 183
123 184
123 185
123 187
123 189
123 192
123 195
123 196
123 197
123 199
124 125
124 128
124 129
124 130
124 132
124 133
124 135
124 139
124 140
124 141
124 144
124 147
124 148
124 149
124 150
124 151
124 153
124 154
124 156
124 157
124 158
124 161
124 163
124 164
124 165
124 166
124 168
124 169
124 170
124 171
124 172
124 175
124 176
124 177
124 178
124 180
124 181
124 182
124 184
124 185
124 189
124 190
124 191
124 192
124 193
124 194
124 197
124 198
124 199
125 128
125 129
125 130
125 133
125 135
125 136
125 137
125 139
125 140
125 141
125 142
125 145
125 146
125 149
125 153
125 157
125 159
125 160
125 161
125 162
125 165
125 166
125 167
125 168
125 169
125 171
125 176
125 177
125 178
125 179
125 180
125 183
125 184
125 186
125 188
125 189
125 190
125 191
125 193
125 194
125 195
125 196
125 198
125 199
126 127
126 128
126 129
126 130
126 131
126 132
126 135
126 136
126 138
126 139
126 142
126 143
126 144
126 145
126 146
126 149
126 151
126 152
126 153
126 160
126 161
126 163
126 165
126 168
126 170
126 171
126 172
126 173
126 175
126 176
126 177
126 178
126 180
126 181
126 182
126 187
126 188
126 190
126 192
126 193
126 194
126 195
126 198
126 199
127 128
127 129
127 130
127 133
127 135
127 140
127 142
127 143
127 144
127 145
127 146
127 147
127 148
127 150
127 151
127 153
127 154
127 156
127 157
127 158
127 159
127 164
127 165
127 166
127 168
127 169
127 172
127 173
127 174
127 176
127 178
127 180
127 181
127 182
127 184
127 187
127 188
127 192
127 193
127 195
127 196
127 197
127 198
128 129
128 130
128 134
128 135
128 136
128 137
128 141
128 142
128 143
128 145
128 146
128 150
128 151
128 152
128 153
128 155
128 157
128 159
128 161
128 162
128 163
128 166
128 170
128 171
128 173
128 175
128 177
128 178
128 179
128 182
128 183
128 187
128 188
128 189
128 191
128 192
128 193
128 194
128 195
128 197
128 199
129 130
129 133
129 137
129 138
129 140
129 141
129 142
129 144
129 145
129 147
129 148
129 155
129 156
129 159
129 160
129 161
129 163
129 165
129 166
129 167
129 168
129 169
129 173
129 175
129 176
129 177
129 180
129 181
129 183
129 187
129 188
129 189
129 191
129 192
129 193
129 195
130 131
130 132
130 133
130 134
130 137
130 140
130 141
130 142
130 143
130 144
130 146
130 147
130 149
130 150
130 151
130 152
130 153
130 154
130 158
130 159
130 161
130 162
130 163
130 165
130 166
130 167
130 168
130 169
130 170
130 173
130 175
130 176
130 177
130 178
130 181
130 183
130 185
130 188
130 189
130 191
130 192
130 195
130 197
130 198
131 132
131 133
131 134
131 135
131 137
131 141
131 142
131 143
131 145
131 148
131 149
131 150
131 154
131 155
131 156
131 157
131 158
131 160
131 161
131 162
131 164
131 165
131 167
131 168
131 169
131 170
131 171
131 173
131 174
131 175
131 176
131 177
131 178
131 181
131 182
131 183
131 184
131 185
131 186
131 188
131 191
131 192
131 193
131 194
131 196
131 197
131 198
132 134
132 135
132 136
132 137
132 138
132 139
132 141
132 142
132 143
132 144
132 145
132 146
132 149
132 150
132 151
132 153
132 154
132 155
132 157
132 158
132 162
132 163
132 164
132 165
132 166
132 167
132 171
132 172
132 175
132 176
132 177
132 178
132 179
132 181
132 182
132 184
132 185
132 186
132 187
132 189
132 190
132 191
132 194
132 195
133 135
133 136
133 140
133 141
133 142
133 144
133 145
133 147
133 150
133 152
133 153
133 154
133 155
133 157
133 158
133 160
133 161
133 162
133 163
133 164
133 165
133 169
133 170
133 171
133 172
133 178
133 179
133 181
133 184
133 185
133 186
133 187
133 188
133 189
133 190
133 191
133 192
133 194
133 195
133 196
133 199
134 135
134 137
134 139
134 141
134 142
134 144
134 146
134 147
134 148
134 149
134 150
134 151
134 152
134 154
134 155
134 158
134 159
134 162
134 163
134 164
134 165
134 166
134 168
134 169
134 170
134 171
134 172
134 173
134 174
134 175
134 177
134 178
134 180
134 182
134 183
134 184
134 187
134 188
134 190
134 191
134 192
134 194
134 195
134 197
134 198
134 199
135 136
135 137
135 138
135 141
135 143
135 144
135 146
135 151
135 153
135 154
135 155
135 156
135 157
135 160
135 161
135 165
135 167
135 169
135 170
135 171
135 173
135 178
135 181
135 182
135 183
135 184
135 185
135 186
135 187
135 190
135 191
135 196
135 198
135 199
136 140
136 141
136 142
136 143
136 144
136 145
136 146
136 151
136 152
136 153
136 154
136 155
136 157
136 158
136 159
136 161
136 162
136 163
136 164
136 166
136 167
136 168
136 169
136 170
136 171
136 173
136 174
136 175
136 176
136 178
136 181
136 182
136 183
136 184
136 185
136 186
136 187
136 192
136 193
136 194
136 198
136 199
137 138
137 140
137 141
137 143
137 146
137 147
137 148
137 149
137 151
137 153
137 155
137 156
137 161
137 162
137 163
137 166
137 167
137 169
137 170
137 171
137 173
137 175
137 179
137 181
137 182
137 185
137 186
137 187
137 188
137 191
137 192
137 196
137 199
138 139
138 140
138 141
138 142
138 143
138 144
138 145
138 146
138 147
138 148
138 150
138 151
138 152
138 153
138 154
138 155
138 156
138 157
138 158
138 161
138 163
138 164
138 165
138 168
138 170
138 172
138 173
138 174
138 175
138 176
138 178
138 179
138 181
138 182
138 184
138 185
138 187
138 188
138 191
138 192
138 193
138 196
138 197
138 199
139 141
139 144
139 145
139 146
139 148
139 149
139 151
139 152
139 155
139 156
139 157
139 158
139 160
139 161
139 164
139 165
139 166
139 167
139 169
139 171
139 174
139 175
139 177
139 181
139 182
139 185
139 186
139 190
139 192
139 194
139 196
139 197
139 198
139 199
140 145
140 146
140 147
140 150
140 153
140 156
140 157
140 158
140 159
140 161
140 162
140 163
140 164
140 165
140 167
140 168
140 169
140 170
140 171
140 173
140 174
140 175
140 176
140 177
140 178
140 179
140 180
140 182
140 183
140 184
140 185
140 187
140 188
140 189
140 190
140 191
140 192
140 193
140 194
140 195
140 196
141 142
141 144
141 145
141 146
141 147
141 149
141 150
141 151
141 152
141 153
141 154
141 156
141 157
141 158
141 159
141 161
141 162
141 163
141 164
141 165
141 166
141 167
141 171
141 172
141 173
141 174
141 175
141 176
141 178
141 185
141 186
141 188
141 189
141 190
141 191
141 194
141 195
141 196
141 197
141 198
141 199
142 143
142 144
142 147
142 149
142 150
142 151
142 152
142 154
142 155
142 156
142 157
142 158
142 159
142 160
142 162
142 165
142 166
142 168
142 170
142 173
142 174
142 175
142 177
142 178
142 183
142 184
142 186
142 187
142 188
142 189
142 192
142 193
142 194
142 195
142 198
142 199
143 144
143 146
143 147
143 148
143 150
143 151
143 152
143 155
143 158
143 160
143 162
143 163
143 164
143 165
143 168
143 169
143 170
143 171
143 174
143 176
143 181
143 183
143 184
143 185
143 192
143 193
143 194
143 196
143 199
144 145
144 147
144 149
144 150
144 152
144 153
144 155
144 156
144 157
144 158
144 159
144 160
144 161
144 163
144 164
144 167
144 168
144 171
144 173
144 175
144 176
144 178
144 179
144 180
144 182
144 184
144 185
144 186
144 188
144 191
144 193
144 194
144 195
144 196
144 198
144 199
145 147
145 148
145 150
145 156
145 157
145 158
145 159
145 160
145 162
145 163
145 164
145 165
145 168
145 169
145 170
145 171
145 173
145 175
145 176
145 178
145 179
145 180
145 181
145 183
145 186
145 190
145 192
145 193
145 197
145 199
146 148
146 149
146 151
146 152
146 153
146 158
146 160
146 164
146 165
146 166
146 167
146 168
146 170
146 171
146 172
146 175
146 177
146 179
146 180
146 182
146 183
146 184
146 186
146 187
146 188
146 189
146 190
146 192
146 196
146 197
146 198
146 199
147 148
147 150
147 151
147 153
147 154
147 156
147 158
147 163
147 164
147 165
147 167
147 169
147 171
147 172
147 175
147 177
147 178
147 181
147 182
147 183
147 186
147 191
147 195
147 197
147 198
148 149
148 150
148 151
148 154
148 156
148 158
148 160
148 161
148 162
148 163
148 164
148 167
148 168
148 169
148 170
148 171
148 172
148 174
148 175
148 176
148 177
148 178
148 179
148 180
148 181
148 182
148 184
148 185
148 186
148 189
148 190
148 191
148 192
148 193
148 194
148 195
148 196
148 198
148 199
149 150
149 153
149 154
149 155
149 157
149 158
149 159
149 161
149 162
149 163
149 165
149 166
149 168
149 169
149 170
149 171
149 172
149 173
149 174
149 176
149 177
149 178
149 180
149 182
149 183
149 185
149 187
149 189
149 191
149 197
149 198
149 199
150 152
150 153
150 154
150 155
150 158
150 159
150 160
150 161
150 162
150 166
150 167
150 171
150 173
150 175
150 177
150 178
150 179
150 181
150 183
150 184
150 186
150 187
150 190
150 192
150 194
150 196
150 198
151 155
151 159
151 160
151 163
151 164
151 166
151 167
151 168
151 171
151 174
151 175
151 176
151 179
151 180
151 182
151 184
151 185
151 186
151 187
151 188
151 189
151 190
151 195
151 196
151 197
152 154
152 156
152 157
152 159
152 161
152 162
152 163
152 164
152 167
152 170
152 172
152 173
152 175
152 177
152 178
152 180
152 182
152 184
152 189
152 190
152 193
152 198
153 154
153 155
153 158
153 159
153 160
153 163
153 164
153 165
153 168
153 169
153 171
153 173
153 175
153 177
153 178
153 179
153 180
153 181
153 184
153 186
153 187
153 191
153 193
153 194
153 198
153 199
154 155
154 157
154 158
154 159
154 161
154 162
154 163
154 166
154 172
154 173
154 175
154 176
154 177
154 179
154 185
154 186
154 187
154 188
154 189
154 190
154 191
154 192
154 193
154 196
154 197
154 198
154 199
155 156
155 160
155 161
155 162
155 165
155 168
155 169
155 171
155 174
155 177
155 179
155 181
155 183
155 184
155 185
155 186
155 188
155 189
155 190
155 191
155 192
155 194
155 196
155 197
155 199
156 159
156 161
156 162
156 164
156 165
156 166
156 168
156 169
156 170
156 171
156 173
156 174
156 175
156 176
156 178
156 179
156 180
156 186
156 188
156 191
156 193
156 194
156 196
157 159
157 162
157 163
157 164
157 165
157 166
157 167
157 168
157 169
157 171
157 172
157 174
157 176
157 177
157 178
157 179
157 180
157 181
157 183
157 184
157 186
157 187
157 188
157 189
157 191
157 192
157 194
157 196
157 199
158 159
158 160
158 161
158 162
158 163
158 164
158 165
158 166
158 168
158 169
158 171
158 173
158 174
158 175
158 176
158 179
158 181
158 182
158 183
158 184
158 188
158 190
158 191
158 192
158 193
158 195
159 161
159 164
159 165
159 166
159 167
159 168
159 170
159 171
159 172
159 173
159 175
159 177
159 178
159 179
159 181
159 185
159 186
159 189
159 191
159 192
159 195
159 198
160 163
160 164
160 165
160 166
160 168
160 170
160 172
160 173
160 176
160 179
160 180
160 181
160 182
160 184
160 188
160 189
160 191
160 192
160 193
160 194
160 195
160 196
160 197
160 198
160 199
161 163
161 166
161 169
161 170
161 172
161 174
161 175
161 177
161 178
161 179
161 180
161 181
161 184
161 187
161 188
161 190
161 192
161 193
161 194
161 196
161 197
161 198
161 199
162 166
162 167
162 168
162 169
162 170
162 171
162 173
162 174
162 175
162 177
162 179
162 180
162 181
162 184
162 185
162 189
162 191
162 192
162 193
162 194
162 195
162 197
162 198
162 199
163 165
163 167
163 169
163 170
163 172
163 173
163 175
163 178
163 179
163 181
163 182
163 183
163 184
163 187
163 189
163 190
163 192
163 194
163 196
163 198
163 199
164 166
164 167
164 168
164 171
164 172
164 173
164 176
164 177
164 178
164 179
164 180
164 181
164 183
164 184
164 185
164 187
164 188
164 191
164 192
164 193
164 194
164 195
164 196
164 197
164 199
165 169
165 173
165 174
165 175
165 176
165 177
165 178
165 179
165 180
165 183
165 184
165 185
165 186
165 187
165 191
165 193
165 194
165 195
165 196
165 197
165 198
166 167
166 170
166 171
166 172
166 173
166 174
166 176
166 177
166 179
166 180
166 181
166 182
166 185
166 186
166 187
166 188
166 189
166 191
166 192
166 193
166 194
166 195
166 197
167 168
167 170
167 172
167 173
167 178
167 180
167 182
167 183
167 186
167 188
167 189
167 190
167 193
167 194
167 196
167 197
167 198
168 171
168 172
168 173
168 174
168 175
168 177
168 178
168 179
168 181
168 182
168 183
168 185
168 186
168 188
168 189
168 190
168 194
168 195
168 197
168 198
169 171
169 172
169 173
169 174
169 177
169 179
169 180
169 182
169 183
169 185
169 186
169 187
169 188
169 189
169 192
169 193
169 194
169 195
169 196
169 199
170 172
170 176
170 177
170 179
170 181
170 182
170 183
170 185
170 186
170 187
170 188
170 190
170 191
170 192
170 197
170 198
170 199
171 172
171 173
171 174
171 175
171 176
171 178
171 179
171 181
171 182
171 184
171 185
171 188
171 190
171 191
171 192
171 193
171 197
171 199
172 173
172 175
172 176
172 179
172 182
172 186
172 188
172 189
172 190
172 191
172 193
172 197
172 198
172 199
173 175
173 180
173 182
173 183
173 185
173 186
173 190
173 191
173 192
173 193
173 194
173 195
173 196
173 198
173 199
174 175
174 176
174 177
174 179
174 180
174 181
174 184
174 189
174 192
174 194
174 196
174 197
175 176
175 179
175 181
175 182
175 185
175 187
175 188
175 190
175 191
175 192
175 193
175 194
175 197
175 198
175 199
176 177
176 179
176 180
176 181
176 183
176 184
176 186
176 187
176 188
176 190
176 191
176 192
176 193
176 194
176 196
176 197
176 198
177 181
177 182
177 184
177 185
177 186
177 187
177 188
177 189
177 191
177 192
177 193
177 194
177 198
177 199
178 179
178 180
178 182
178 183
178 184
178 185
178 186
178 187
178 188
178 189
178 190
178 193
178 194
178 199
179 180
179 181
179 182
179 184
179 185
179 187
179 189
179 190
179 192
179 193
179 194
179 195
179 196
179 197
179 199
180 182
180 183
180 184
180 185
180 187
180 190
180 191
180 192
180 193
180 195
180 196
180 198
181 182
181 183
181 184
181 185
181 186
181 187
181 188
181 189
181 190
181 191
181 192
181 193
181 194
181 197
181 198
181 199
182 183
182 184
182 185
182 186
182 188
182 189
182 191
182 192
182 193
182 195
182 196
182 197
182 198
183 185
183 186
183 189
183 190
183 191
183 192
183 193
183 198
183 199
184 185
184 186
184 189
184 190
184 191
184 194
184 195
184 197
184 199
185 186
185 187
185 188
185 189
185 190
185 192
185 195
185 196
185 197
186 187
186 188
186 189
186 193
186 194
186 195
186 196
186 199
187 188
187 190
187 191
187 194
187 195
187 197
187 199
188 189
188 191
188 192
188 193
188 194
188 198
188 199
189 191
189 192
189 194
189 196
190 191
190 195
190 196
190 197
190 199
191 192
191 193
191 194
191 196
191 198
191 199
192 198
193 195
193 196
193 197
193 198
193 199
194 198
194 199
195 199
196 197
196 198
