200 5110
87 73
27 20
41 10
29 34
22 28
29 53
69 91
31 18
26 39
76 55
44 93
98 42
11 45
68 87
56 11
97 48
22 95
67 42
10 14
36 91
63 99
40 85
23 12
55 48
95 13
33 47
47 97
61 29
25 36
97 59
58 34
84 35
50 36
47 62
38 90
76 47
14 46
89 99
84 68
84 49
74 35
94 56
39 17
18 67
45 78
51 49
86 96
61 22
87 99
16 22
64 68
96 90
27 61
60 59
79 16
31 69
34 11
78 44
35 47
78 43
68 44
77 62
49 43
52 83
25 78
89 46
99 13
32 83
95 69
47 31
78 32
71 44
61 33
60 12
65 42
38 70
84 89
95 85
32 47
58 33
72 48
27 79
64 50
48 61
41 93
90 24
12 74
53 14
36 52
11 41
91 100
23 44
69 26
33 84
33 59
15 23
57 37
68 80
49 97
36 36
89 79
31 74
85 21
26 16
86 79
57 25
82 20
72 43
91 19
93 31
53 38
32 76
28 48
14 49
48 58
25 69
77 46
59 54
99 43
32 66
45 13
58 21
33 42
34 25
15 13
55 52
16 98
18 36
79 59
35 41
24 90
84 97
70 12
84 22
31 66
78 42
38 23
49 18
20 37
61 53
79 86
54 59
39 79
67 22
18 37
100 40
65 76
55 89
39 60
69 72
92 14
66 37
94 50
80 55
19 89
50 72
56 90
12 37
15 17
37 24
43 49
75 61
89 81
14 25
34 58
18 15
82 70
12 19
32 37
49 81
64 34
95 61
61 25
36 24
28 43
98 35
67 19
13 17
55 36
72 84
34 79
81 66
89 79
45 89
27 34
41 20
62 57
19 19
69 43
93 58
18 78
19 99
12 15
23 32
51 92
54 91
49 77
91 10
95 15
18 85
4032
0 1
0 11
0 12
0 18
0 30
0 33
0 35
0 39
0 41
0 48
0 55
0 60
0 65
0 67
0 85
0 86
0 91
0 93
0 95
0 99
0 109
0 111
0 120
0 122
0 136
0 144
0 145
0 157
0 163
0 172
0 174
0 178
0 179
0 180
0 189
0 194
1 4
1 5
1 8
1 9
1 11
1 15
1 18
1 21
1 23
1 28
1 32
1 42
1 43
1 45
1 47
1 50
1 61
1 66
1 67
1 68
1 69
1 70
1 77
1 88
1 92
1 99
1 104
1 114
1 119
1 124
1 131
1 133
1 135
1 145
1 152
1 156
1 157
1 163
1 172
1 182
1 185
1 186
1 192
1 193
2 7
2 11
2 12
2 14
2 16
2 18
2 20
2 27
2 29
2 36
2 41
2 45
2 56
2 59
2 82
2 85
2 87
2 95
2 96
2 97
2 101
2 102
2 105
2 106
2 114
2 122
2 124
2 128
2 132
2 133
2 140
2 149
2 157
2 163
2 164
2 165
2 178
2 182
2 191
2 192
3 7
3 11
3 15
3 16
3 21
3 22
3 23
3 25
3 29
3 31
3 46
3 50
3 63
3 67
3 71
3 79
3 81
3 86
3 91
3 94
3 96
3 100
3 106
3 120
3 130
3 132
3 137
3 139
3 152
3 153
3 161
3 165
3 180
3 183
3 184
3 186
3 191
3 192
3 198
3 199
4 5
4 6
4 7
4 12
4 14
4 15
4 19
4 21
4 25
4 32
4 36
4 42
4 43
4 44
4 49
4 50
4 56
4 58
4 59
4 82
4 83
4 85
4 89
4 90
4 91
4 93
4 104
4 108
4 109
4 110
4 115
4 116
4 118
4 123
4 128
4 130
4 135
4 136
4 140
4 144
4 154
4 177
4 190
4 191
5 7
5 24
5 29
5 30
5 33
5 38
5 41
5 58
5 61
5 78
5 86
5 89
5 92
5 102
5 107
5 115
5 119
5 125
5 126
5 131
5 132
5 133
5 137
5 142
5 143
5 147
5 155
5 161
5 168
5 173
5 189
5 191
5 195
5 197
6 9
6 12
6 15
6 16
6 17
6 19
6 20
6 24
6 36
6 44
6 48
6 50
6 60
6 61
6 63
6 68
6 70
6 76
6 80
6 81
6 92
6 105
6 106
6 117
6 124
6 143
6 145
6 151
6 157
6 162
6 163
6 169
6 175
6 181
6 186
6 188
6 192
7 15
7 32
7 33
7 49
7 53
7 54
7 55
7 64
7 65
7 66
7 67
7 71
7 74
7 76
7 83
7 91
7 106
7 109
7 114
7 122
7 126
7 130
7 137
7 142
7 146
7 156
7 157
7 162
7 166
7 169
7 178
7 182
7 184
7 187
7 198
8 29
8 31
8 59
8 61
8 62
8 75
8 76
8 89
8 94
8 105
8 119
8 122
8 126
8 127
8 128
8 131
8 136
8 138
8 142
8 144
8 147
8 148
8 155
8 157
8 159
8 171
8 177
8 179
8 185
8 193
8 198
9 12
9 17
9 22
9 24
9 26
9 27
9 28
9 33
9 34
9 39
9 40
9 42
9 48
9 51
9 52
9 53
9 59
9 62
9 63
9 67
9 71
9 87
9 88
9 92
9 96
9 98
9 129
9 141
9 143
9 150
9 152
9 153
9 154
9 157
9 165
9 166
9 169
9 175
9 176
9 177
9 178
9 181
9 187
9 190
9 193
9 194
10 11
10 25
10 26
10 29
10 32
10 39
10 40
10 45
10 51
10 53
10 60
10 65
10 68
10 69
10 70
10 72
10 77
10 80
10 85
10 91
10 92
10 96
10 97
10 102
10 113
10 114
10 115
10 124
10 139
10 143
10 145
10 146
10 149
10 151
10 157
10 164
10 167
10 168
10 170
10 176
10 178
10 181
10 193
10 199
11 12
11 16
11 26
11 27
11 28
11 29
11 40
11 41
11 42
11 50
11 58
11 67
11 69
11 70
11 73
11 75
11 84
11 88
11 89
11 92
11 120
11 135
11 138
11 147
11 156
11 158
11 159
11 162
11 179
11 186
11 187
11 188
11 192
11 193
12 13
12 15
12 22
12 27
12 29
12 30
12 32
12 43
12 44
12 50
12 53
12 54
12 63
12 67
12 68
12 71
12 75
12 79
12 83
12 90
12 97
12 102
12 109
12 117
12 119
12 120
12 122
12 126
12 127
12 130
12 132
12 136
12 139
12 142
12 146
12 148
12 154
12 156
12 167
12 172
12 175
12 192
12 196
12 198
13 23
13 24
13 28
13 30
13 37
13 59
13 63
13 64
13 66
13 71
13 82
13 90
13 91
13 101
13 103
13 104
13 106
13 114
13 121
13 123
13 124
13 133
13 141
13 143
13 146
13 147
13 148
13 154
13 160
13 162
13 170
13 173
13 179
13 184
13 188
13 190
14 17
14 23
14 25
14 41
14 45
14 52
14 61
14 66
14 67
14 73
14 90
14 100
14 104
14 110
14 128
14 138
14 145
14 146
14 153
14 156
14 167
14 173
14 174
14 176
14 177
14 181
14 183
14 193
15 17
15 19
15 20
15 21
15 24
15 35
15 41
15 52
15 60
15 63
15 68
15 72
15 73
15 74
15 90
15 93
15 100
15 116
15 120
15 127
15 144
15 147
15 159
15 171
15 174
15 177
15 181
15 184
15 185
16 21
16 23
16 24
16 26
16 31
16 39
16 53
16 58
16 60
16 62
16 65
16 69
16 70
16 73
16 87
16 104
16 105
16 110
16 114
16 123
16 126
16 128
16 130
16 131
16 135
16 138
16 141
16 144
16 150
16 153
16 155
16 157
16 174
16 175
16 184
16 188
16 189
16 196
16 197
17 25
17 29
17 31
17 33
17 36
17 39
17 41
17 48
17 51
17 56
17 65
17 68
17 72
17 82
17 103
17 114
17 118
17 128
17 131
17 133
17 144
17 145
17 152
17 158
17 166
17 169
17 176
17 179
17 183
17 189
17 190
18 25
18 31
18 33
18 36
18 37
18 40
18 42
18 52
18 56
18 78
18 82
18 83
18 87
18 89
18 90
18 92
18 93
18 94
18 100
18 102
18 105
18 108
18 109
18 114
18 115
18 117
18 119
18 124
18 129
18 133
18 137
18 142
18 146
18 157
18 158
18 167
18 168
18 179
18 180
18 182
18 184
18 185
18 187
18 189
18 193
19 33
19 34
19 36
19 39
19 46
19 47
19 56
19 60
19 62
19 64
19 70
19 78
19 79
19 89
19 103
19 104
19 110
19 117
19 120
19 129
19 131
19 132
19 142
19 143
19 145
19 156
19 159
19 161
19 165
19 167
19 170
19 174
19 179
19 180
19 182
19 183
19 184
19 191
20 24
20 30
20 33
20 39
20 41
20 43
20 44
20 48
20 50
20 51
20 62
20 63
20 67
20 72
20 75
20 90
20 92
20 94
20 96
20 100
20 104
20 115
20 118
20 119
20 122
20 127
20 128
20 137
20 140
20 141
20 151
20 154
20 159
20 160
20 165
20 167
20 178
20 180
20 181
20 185
20 191
20 192
20 196
21 31
21 33
21 35
21 40
21 42
21 47
21 53
21 60
21 67
21 72
21 77
21 83
21 84
21 85
21 86
21 90
21 93
21 97
21 110
21 120
21 124
21 133
21 135
21 157
21 163
21 177
21 180
21 189
21 192
21 197
22 23
22 24
22 25
22 28
22 31
22 36
22 37
22 45
22 47
22 50
22 53
22 58
22 63
22 67
22 76
22 78
22 79
22 81
22 84
22 95
22 96
22 99
22 100
22 109
22 117
22 118
22 130
22 142
22 149
22 154
22 169
22 172
22 176
22 181
22 183
22 187
22 188
22 189
22 193
22 199
23 24
23 29
23 38
23 51
23 58
23 61
23 85
23 87
23 89
23 90
23 96
23 98
23 111
23 113
23 124
23 125
23 128
23 148
23 159
23 161
23 167
23 170
23 175
23 181
23 188
23 190
23 192
23 197
23 198
23 199
24 40
24 42
24 48
24 52
24 58
24 62
24 66
24 67
24 74
24 75
24 76
24 78
24 81
24 85
24 91
24 96
24 101
24 107
24 116
24 123
24 125
24 150
24 171
24 172
24 177
24 196
24 197
24 199
25 28
25 33
25 43
25 51
25 56
25 58
25 73
25 74
25 86
25 97
25 99
25 110
25 113
25 125
25 128
25 129
25 132
25 138
25 143
25 152
25 153
25 155
25 163
25 165
25 172
25 173
25 178
25 181
25 188
25 191
25 193
25 194
25 196
25 197
25 198
26 38
26 40
26 50
26 53
26 54
26 72
26 74
26 79
26 81
26 84
26 88
26 90
26 94
26 95
26 104
26 105
26 114
26 115
26 122
26 123
26 124
26 128
26 129
26 133
26 139
26 140
26 143
26 151
26 155
26 157
26 159
26 164
26 169
26 173
26 177
26 182
26 185
26 193
26 194
26 198
26 199
27 28
27 30
27 41
27 42
27 52
27 59
27 64
27 68
27 89
27 91
27 95
27 97
27 100
27 102
27 104
27 113
27 123
27 124
27 127
27 130
27 136
27 141
27 149
27 161
27 162
27 166
27 170
27 174
27 178
27 198
28 46
28 54
28 58
28 60
28 65
28 68
28 70
28 75
28 85
28 90
28 93
28 99
28 100
28 107
28 110
28 117
28 121
28 135
28 136
28 145
28 150
28 151
28 161
28 164
28 167
28 170
28 172
28 175
28 182
28 187
28 188
28 190
28 194
29 30
29 31
29 34
29 41
29 50
29 51
29 52
29 55
29 60
29 61
29 64
29 79
29 80
29 81
29 82
29 86
29 87
29 88
29 92
29 93
29 96
29 110
29 119
29 130
29 143
29 156
29 164
29 167
29 184
29 196
30 33
30 36
30 37
30 38
30 41
30 45
30 46
30 49
30 50
30 51
30 52
30 57
30 58
30 78
30 81
30 82
30 88
30 89
30 96
30 100
30 105
30 106
30 107
30 109
30 113
30 121
30 125
30 126
30 128
30 130
30 131
30 140
30 148
30 149
30 151
30 157
30 160
30 161
30 163
30 170
30 176
30 180
30 181
30 199
31 38
31 48
31 53
31 56
31 62
31 64
31 70
31 84
31 90
31 98
31 101
31 109
31 112
31 121
31 123
31 125
31 127
31 131
31 133
31 150
31 151
31 155
31 179
31 180
31 184
31 187
31 192
31 199
32 33
32 35
32 38
32 41
32 44
32 47
32 49
32 50
32 51
32 53
32 61
32 63
32 87
32 97
32 98
32 101
32 105
32 108
32 121
32 136
32 141
32 147
32 149
32 167
32 168
32 181
32 195
33 37
33 39
33 46
33 47
33 48
33 49
33 64
33 70
33 75
33 84
33 93
33 96
33 98
33 102
33 104
33 106
33 121
33 134
33 138
33 140
33 141
33 143
33 148
33 149
33 151
33 152
33 165
33 167
33 169
33 172
33 182
33 188
33 190
33 192
33 193
33 194
34 46
34 47
34 48
34 51
34 63
34 66
34 74
34 83
34 87
34 88
34 96
34 97
34 98
34 99
34 104
34 117
34 118
34 123
34 132
34 142
34 148
34 153
34 156
34 163
34 173
34 176
34 177
34 182
34 183
34 189
34 192
34 196
35 36
35 37
35 40
35 54
35 58
35 59
35 63
35 64
35 68
35 72
35 73
35 74
35 77
35 83
35 85
35 86
35 88
35 91
35 95
35 96
35 102
35 103
35 117
35 118
35 122
35 125
35 127
35 132
35 133
35 143
35 145
35 147
35 148
35 149
35 160
35 161
35 163
35 167
35 172
35 173
35 174
35 181
35 187
35 192
35 197
36 42
36 43
36 51
36 52
36 53
36 56
36 62
36 68
36 75
36 82
36 83
36 86
36 90
36 91
36 93
36 94
36 101
36 112
36 113
36 118
36 119
36 125
36 129
36 132
36 139
36 149
36 154
36 159
36 163
36 166
36 168
36 176
36 180
36 188
37 46
37 59
37 64
37 71
37 72
37 74
37 75
37 90
37 97
37 99
37 104
37 105
37 106
37 109
37 110
37 117
37 125
37 128
37 140
37 148
37 162
37 163
37 166
37 171
37 172
37 173
37 178
37 187
37 190
37 194
38 39
38 40
38 41
38 54
38 56
38 57
38 60
38 62
38 64
38 71
38 74
38 80
38 96
38 99
38 101
38 103
38 122
38 123
38 128
38 129
38 131
38 132
38 133
38 137
38 138
38 141
38 142
38 144
38 148
38 151
38 155
38 162
38 163
38 169
38 179
38 180
38 181
38 184
38 186
38 192
38 197
39 43
39 44
39 49
39 61
39 66
39 70
39 75
39 83
39 92
39 99
39 113
39 114
39 116
39 120
39 125
39 129
39 130
39 136
39 138
39 139
39 145
39 149
39 152
39 153
39 156
39 159
39 160
39 161
39 162
39 164
39 168
39 173
39 177
39 178
39 182
39 185
39 190
39 196
39 198
40 56
40 63
40 64
40 68
40 70
40 72
40 75
40 78
40 82
40 85
40 87
40 91
40 100
40 102
40 107
40 113
40 119
40 122
40 123
40 125
40 131
40 132
40 135
40 147
40 151
40 154
40 158
40 175
40 193
40 195
40 199
41 53
41 59
41 61
41 64
41 68
41 71
41 74
41 77
41 79
41 86
41 115
41 117
41 129
41 133
41 135
41 136
41 145
41 146
41 155
41 159
41 160
41 166
41 167
41 176
41 187
41 195
42 45
42 52
42 54
42 56
42 57
42 60
42 65
42 68
42 79
42 88
42 89
42 92
42 95
42 106
42 110
42 112
42 116
42 119
42 120
42 123
42 124
42 126
42 127
42 131
42 138
42 142
42 144
42 154
42 155
42 161
42 164
42 166
42 172
42 179
42 199
43 44
43 54
43 57
43 61
43 66
43 67
43 83
43 90
43 91
43 97
43 99
43 101
43 105
43 107
43 112
43 113
43 122
43 125
43 127
43 130
43 142
43 148
43 158
43 173
43 184
43 188
43 189
43 191
43 192
43 193
43 197
44 45
44 47
44 49
44 50
44 52
44 67
44 83
44 95
44 103
44 110
44 113
44 114
44 117
44 118
44 120
44 122
44 126
44 129
44 132
44 134
44 142
44 149
44 150
44 156
44 164
44 166
44 168
44 189
44 192
44 194
44 195
44 196
44 197
45 61
45 74
45 79
45 80
45 100
45 101
45 115
45 122
45 130
45 142
45 144
45 147
45 157
45 165
45 169
45 178
45 183
45 193
46 47
46 52
46 54
46 59
46 64
46 75
46 80
46 91
46 92
46 94
46 96
46 109
46 110
46 114
46 120
46 124
46 129
46 131
46 144
46 145
46 154
46 156
46 163
46 167
46 169
46 170
46 171
46 178
46 183
47 50
47 55
47 56
47 63
47 65
47 70
47 72
47 78
47 81
47 85
47 87
47 89
47 90
47 91
47 101
47 112
47 116
47 121
47 136
47 140
47 147
47 149
47 152
47 157
47 159
47 160
47 165
47 167
47 173
47 175
47 177
48 49
48 50
48 55
48 57
48 67
48 71
48 79
48 81
48 86
48 90
48 91
48 93
48 97
48 99
48 103
48 106
48 110
48 121
48 122
48 123
48 132
48 134
48 141
48 144
48 157
48 162
48 164
48 165
48 171
48 172
48 173
48 181
48 192
48 198
49 53
49 54
49 57
49 83
49 99
49 103
49 105
49 113
49 120
49 122
49 126
49 129
49 131
49 135
49 142
49 143
49 151
49 159
49 162
49 163
49 168
49 173
49 185
50 56
50 58
50 66
50 70
50 73
50 76
50 82
50 91
50 93
50 96
50 97
50 110
50 115
50 130
50 137
50 138
50 143
50 144
50 148
50 157
50 158
50 172
50 173
50 178
50 183
50 187
50 189
50 190
50 196
50 197
51 59
51 60
51 63
51 64
51 67
51 72
51 92
51 93
51 96
51 105
51 112
51 120
51 131
51 133
51 134
51 135
51 145
51 148
51 159
51 163
51 167
51 168
51 173
51 176
51 177
51 179
51 181
51 183
51 195
51 196
51 199
52 53
52 63
52 67
52 79
52 83
52 86
52 92
52 105
52 109
52 119
52 135
52 137
52 138
52 140
52 146
52 155
52 156
52 157
52 160
52 161
52 171
52 176
52 178
52 181
52 182
52 184
52 188
52 190
52 196
53 56
53 58
53 61
53 64
53 74
53 78
53 80
53 81
53 86
53 87
53 90
53 94
53 97
53 100
53 101
53 114
53 116
53 129
53 131
53 132
53 136
53 140
53 142
53 151
53 152
53 157
53 159
53 160
53 163
53 167
53 168
53 175
53 178
53 180
53 186
53 191
54 57
54 58
54 63
54 69
54 72
54 76
54 80
54 82
54 83
54 89
54 98
54 101
54 103
54 112
54 115
54 120
54 123
54 129
54 131
54 141
54 145
54 146
54 152
54 158
54 161
54 163
54 169
54 171
54 172
54 179
54 189
54 194
54 196
55 57
55 58
55 59
55 68
55 78
55 83
55 84
55 86
55 89
55 94
55 98
55 100
55 120
55 123
55 127
55 129
55 142
55 145
55 159
55 160
55 162
55 165
55 171
55 177
55 179
55 183
55 185
55 190
55 193
55 196
56 59
56 64
56 66
56 73
56 88
56 92
56 97
56 102
56 107
56 108
56 110
56 120
56 125
56 127
56 128
56 136
56 137
56 141
56 142
56 149
56 153
56 154
56 159
56 161
56 166
56 169
56 173
56 184
56 185
56 189
56 193
57 70
57 78
57 89
57 90
57 92
57 94
57 103
57 105
57 110
57 113
57 116
57 122
57 123
57 129
57 130
57 135
57 142
57 158
57 159
57 172
57 180
57 182
57 188
57 193
57 195
58 61
58 62
58 63
58 70
58 84
58 85
58 94
58 99
58 122
58 123
58 126
58 129
58 135
58 147
58 148
58 149
58 150
58 151
58 174
58 185
58 188
58 194
59 67
59 76
59 78
59 80
59 83
59 85
59 100
59 101
59 112
59 116
59 130
59 144
59 151
59 152
59 153
59 157
59 168
59 174
59 175
59 176
59 189
59 193
60 66
60 70
60 71
60 89
60 99
60 103
60 105
60 106
60 107
60 117
60 119
60 121
60 122
60 124
60 126
60 128
60 129
60 130
60 135
60 137
60 148
60 152
60 153
60 154
60 160
60 170
60 173
60 176
60 178
60 180
60 181
60 183
60 188
60 196
60 198
61 81
61 83
61 91
61 93
61 95
61 98
61 102
61 105
61 112
61 113
61 114
61 121
61 145
61 149
61 151
61 156
61 159
61 162
61 167
61 168
61 170
61 177
61 183
61 192
61 194
62 64
62 65
62 71
62 73
62 75
62 80
62 84
62 94
62 95
62 115
62 116
62 118
62 124
62 126
62 127
62 136
62 139
62 141
62 149
62 156
62 157
62 161
62 164
62 167
62 170
62 174
62 175
62 176
62 179
62 180
62 188
63 65
63 72
63 74
63 83
63 85
63 90
63 93
63 98
63 100
63 109
63 114
63 117
63 124
63 129
63 135
63 139
63 140
63 141
63 152
63 154
63 157
63 162
63 164
63 168
63 176
63 178
63 191
63 197
63 198
64 72
64 87
64 88
64 91
64 96
64 101
64 108
64 111
64 121
64 132
64 141
64 142
64 145
64 150
64 153
64 154
64 160
64 162
64 166
64 172
64 173
64 188
64 193
64 198
65 68
65 75
65 82
65 85
65 86
65 90
65 92
65 96
65 101
65 103
65 114
65 117
65 123
65 129
65 130
65 139
65 143
65 148
65 152
65 153
65 156
65 160
65 162
65 170
65 175
65 182
65 187
65 188
65 189
65 190
65 198
65 199
66 71
66 79
66 85
66 90
66 91
66 93
66 94
66 99
66 107
66 108
66 111
66 122
66 126
66 132
66 136
66 139
66 147
66 150
66 155
66 162
66 164
66 176
66 178
66 179
66 190
66 191
66 195
66 197
67 69
67 74
67 86
67 89
67 90
67 93
67 95
67 97
67 102
67 109
67 113
67 115
67 131
67 133
67 136
67 142
67 144
67 149
67 162
67 169
67 170
67 171
67 174
67 181
67 184
67 189
67 191
67 193
67 194
67 197
68 69
68 72
68 97
68 103
68 105
68 107
68 111
68 112
68 113
68 119
68 131
68 137
68 142
68 154
68 155
68 157
68 158
68 159
68 162
68 166
68 170
68 175
68 179
68 181
68 184
68 188
68 190
69 74
69 76
69 79
69 89
69 93
69 105
69 110
69 119
69 120
69 121
69 122
69 125
69 134
69 139
69 141
69 145
69 156
69 166
69 167
69 176
69 181
69 185
69 189
69 192
69 195
69 197
70 77
70 80
70 82
70 97
70 98
70 102
70 108
70 111
70 116
70 117
70 122
70 129
70 138
70 141
70 142
70 148
70 149
70 154
70 156
70 162
70 163
70 165
70 170
70 171
70 173
70 174
70 177
70 178
70 179
70 187
70 189
70 193
70 198
71 75
71 76
71 81
71 83
71 94
71 96
71 97
71 100
71 107
71 109
71 112
71 114
71 132
71 134
71 135
71 158
71 160
71 163
71 174
71 188
71 191
71 195
72 75
72 79
72 82
72 87
72 88
72 89
72 104
72 107
72 110
72 112
72 115
72 130
72 133
72 135
72 142
72 143
72 152
72 164
72 171
72 181
72 191
72 195
72 198
73 78
73 81
73 90
73 95
73 108
73 113
73 118
73 123
73 127
73 135
73 141
73 143
73 165
73 169
73 174
73 178
73 180
73 183
73 186
73 193
73 199
74 75
74 90
74 92
74 96
74 98
74 103
74 114
74 115
74 116
74 120
74 123
74 136
74 139
74 142
74 144
74 150
74 151
74 152
74 155
74 161
74 169
74 170
74 171
74 177
74 185
74 190
74 197
75 80
75 81
75 85
75 88
75 90
75 92
75 101
75 103
75 108
75 109
75 113
75 116
75 120
75 131
75 138
75 142
75 146
75 147
75 148
75 154
75 165
75 182
75 183
75 187
75 195
76 78
76 81
76 83
76 84
76 89
76 98
76 105
76 106
76 108
76 111
76 128
76 140
76 149
76 159
76 164
76 168
76 169
76 180
76 187
76 188
76 197
76 199
77 82
77 88
77 95
77 100
77 103
77 105
77 108
77 114
77 115
77 117
77 121
77 124
77 126
77 128
77 134
77 135
77 139
77 150
77 152
77 153
77 158
77 166
77 167
77 172
77 184
77 186
77 192
77 193
77 198
78 86
78 87
78 91
78 92
78 93
78 96
78 108
78 111
78 116
78 125
78 129
78 130
78 134
78 135
78 136
78 137
78 146
78 153
78 157
78 160
78 162
78 164
78 168
78 181
78 183
78 191
78 193
78 195
78 197
79 85
79 91
79 94
79 96
79 99
79 101
79 102
79 111
79 112
79 113
79 114
79 115
79 118
79 120
79 127
79 129
79 133
79 139
79 150
79 163
79 165
79 169
79 170
79 172
79 173
79 174
79 176
79 182
79 197
80 82
80 100
80 106
80 109
80 110
80 111
80 115
80 123
80 126
80 128
80 135
80 136
80 139
80 148
80 153
80 162
80 163
80 164
80 167
80 171
80 172
80 173
80 175
80 177
80 178
80 179
80 181
80 185
80 196
81 82
81 86
81 92
81 93
81 96
81 97
81 98
81 103
81 105
81 110
81 115
81 116
81 122
81 135
81 136
81 139
81 150
81 151
81 154
81 156
81 161
81 167
81 168
81 169
81 180
81 184
81 185
81 198
82 83
82 97
82 103
82 104
82 110
82 112
82 115
82 116
82 144
82 146
82 154
82 161
82 165
82 166
82 172
82 174
82 176
82 180
82 185
82 189
82 192
83 86
83 90
83 95
83 98
83 99
83 100
83 115
83 119
83 125
83 136
83 141
83 144
83 155
83 174
83 181
83 186
83 193
83 194
83 196
83 199
84 86
84 87
84 90
84 94
84 96
84 97
84 115
84 116
84 119
84 125
84 126
84 130
84 150
84 153
84 160
84 163
84 166
84 175
84 178
84 183
84 184
84 188
84 189
84 194
84 197
84 198
85 87
85 107
85 111
85 118
85 120
85 137
85 140
85 143
85 144
85 146
85 149
85 151
85 153
85 158
85 162
85 163
85 172
85 174
85 189
85 192
86 87
86 90
86 94
86 98
86 106
86 107
86 112
86 113
86 115
86 116
86 119
86 124
86 136
86 144
86 148
86 154
86 166
86 175
86 181
86 186
86 192
87 107
87 112
87 114
87 116
87 120
87 122
87 125
87 134
87 143
87 144
87 145
87 148
87 157
87 162
87 169
87 172
87 188
87 193
87 195
88 94
88 95
88 100
88 103
88 104
88 109
88 110
88 113
88 123
88 129
88 134
88 136
88 146
88 147
88 150
88 155
88 156
88 159
88 168
88 173
88 182
88 184
88 187
88 191
89 90
89 102
89 103
89 113
89 116
89 120
89 122
89 125
89 126
89 132
89 133
89 134
89 135
89 143
89 147
89 148
89 150
89 152
89 153
89 154
89 156
89 158
89 160
89 162
89 164
89 179
89 180
89 183
89 190
89 191
89 198
89 199
90 104
90 111
90 118
90 119
90 120
90 126
90 142
90 143
90 147
90 156
90 162
90 164
90 168
90 181
90 182
90 186
91 96
91 98
91 100
91 103
91 111
91 118
91 121
91 123
91 124
91 129
91 137
91 138
91 147
91 150
91 153
91 154
91 155
91 158
91 162
91 170
91 179
91 180
91 183
91 190
91 198
92 102
92 103
92 112
92 113
92 114
92 117
92 119
92 126
92 128
92 137
92 143
92 144
92 161
92 162
92 166
92 167
92 169
92 173
92 174
92 189
92 193
92 194
92 198
93 97
93 98
93 100
93 101
93 105
93 109
93 117
93 118
93 120
93 126
93 127
93 130
93 131
93 132
93 133
93 134
93 139
93 151
93 154
93 158
93 166
93 173
93 177
93 188
93 189
93 190
93 195
93 196
93 199
94 98
94 101
94 103
94 107
94 109
94 110
94 113
94 116
94 123
94 129
94 132
94 136
94 139
94 142
94 143
94 150
94 151
94 156
94 164
94 167
94 169
94 177
94 181
94 182
94 184
94 186
95 99
95 100
95 101
95 102
95 120
95 122
95 132
95 137
95 145
95 146
95 147
95 148
95 150
95 154
95 156
95 168
95 173
95 186
95 192
96 100
96 101
96 112
96 122
96 124
96 130
96 132
96 133
96 150
96 151
96 152
96 154
96 155
96 158
96 165
96 169
96 175
96 176
96 177
96 186
97 99
97 101
97 106
97 107
97 119
97 122
97 127
97 128
97 129
97 134
97 137
97 138
97 146
97 151
97 171
97 176
97 188
97 190
97 191
97 192
97 194
97 195
98 106
98 108
98 110
98 112
98 115
98 117
98 118
98 129
98 135
98 140
98 141
98 142
98 150
98 151
98 153
98 156
98 160
98 164
98 165
98 169
98 173
98 177
98 182
98 186
98 187
98 189
99 103
99 104
99 113
99 116
99 132
99 135
99 136
99 138
99 141
99 146
99 150
99 151
99 152
99 156
99 165
99 171
99 176
99 181
99 184
99 185
99 189
99 191
99 196
99 199
100 105
100 109
100 113
100 119
100 127
100 139
100 141
100 142
100 163
100 168
100 172
100 175
100 178
100 180
100 183
100 189
100 190
100 192
100 196
100 197
101 121
101 122
101 127
101 131
101 137
101 139
101 143
101 145
101 148
101 152
101 163
101 168
101 186
101 191
101 196
102 106
102 112
102 121
102 125
102 126
102 127
102 129
102 137
102 140
102 141
102 143
102 147
102 162
102 164
102 166
102 168
102 172
102 182
102 185
102 187
102 193
102 195
102 196
102 199
103 104
103 112
103 117
103 120
103 124
103 125
103 127
103 134
103 137
103 159
103 166
103 181
103 188
103 194
103 196
103 197
104 109
104 110
104 112
104 119
104 120
104 121
104 140
104 150
104 156
104 161
104 162
104 170
104 175
104 178
104 179
104 180
104 181
104 189
105 108
105 110
105 111
105 118
105 121
105 127
105 129
105 138
105 154
105 155
105 157
105 159
105 160
105 162
105 168
105 170
105 174
105 175
105 178
105 182
105 184
105 187
105 190
105 198
106 107
106 109
106 136
106 137
106 142
106 145
106 152
106 163
106 167
106 168
106 171
106 176
106 178
106 182
106 187
106 197
107 110
107 117
107 119
107 120
107 122
107 128
107 135
107 144
107 146
107 165
107 168
107 191
107 198
108 113
108 121
108 122
108 126
108 131
108 144
108 145
108 147
108 154
108 155
108 161
108 170
108 175
108 179
108 195
109 118
109 120
109 123
109 127
109 130
109 132
109 135
109 140
109 141
109 142
109 148
109 151
109 157
109 179
109 193
110 112
110 115
110 138
110 150
110 155
110 174
110 181
110 185
110 197
111 112
111 127
111 132
111 137
111 138
111 141
111 147
111 148
111 152
111 154
111 155
111 158
111 159
111 172
111 182
111 185
111 187
111 191
111 195
112 114
112 116
112 120
112 121
112 122
112 124
112 130
112 132
112 134
112 157
112 162
112 165
112 174
112 180
112 181
112 185
112 188
112 189
112 190
112 191
112 192
113 115
113 117
113 122
113 126
113 127
113 131
113 136
113 141
113 148
113 156
113 157
113 163
113 165
113 169
113 193
113 196
113 199
114 116
114 123
114 127
114 132
114 143
114 149
114 150
114 154
114 165
114 167
114 168
114 169
114 172
114 173
114 175
114 180
114 181
114 183
114 186
114 190
114 191
115 116
115 117
115 120
115 128
115 133
115 151
115 152
115 163
115 165
115 171
115 182
115 183
115 184
115 186
115 189
115 197
116 121
116 125
116 135
116 140
116 142
116 151
116 154
116 155
116 159
116 160
116 166
116 167
116 169
116 179
116 180
116 181
116 182
116 183
116 189
116 191
116 199
117 122
117 128
117 129
117 130
117 142
117 145
117 147
117 150
117 153
117 156
117 159
117 161
117 165
117 174
117 189
117 198
118 131
118 147
118 151
118 152
118 155
118 157
118 160
118 161
118 166
118 167
118 175
118 177
118 179
118 180
118 187
118 194
118 195
119 121
119 122
119 127
119 144
119 150
119 152
119 155
119 170
119 177
119 178
119 190
119 192
119 193
119 194
119 198
120 121
120 123
120 124
120 127
120 134
120 142
120 143
120 146
120 161
120 165
120 166
120 167
120 173
120 174
120 187
120 190
120 196
120 199
121 124
121 125
121 128
121 130
121 131
121 139
121 145
121 156
121 159
121 164
121 168
121 173
121 178
121 181
121 182
121 186
121 189
121 192
121 194
122 129
122 141
122 147
122 148
122 158
122 167
122 177
122 179
122 186
122 188
122 198
122 199
123 124
123 127
123 135
123 142
123 149
123 156
123 163
123 172
123 173
123 175
123 178
123 185
123 186
123 191
123 196
124 129
124 133
124 139
124 142
124 147
124 149
124 151
124 160
124 161
124 167
124 169
124 170
124 175
124 176
124 178
124 196
124 198
125 129
125 131
125 137
125 142
125 146
125 149
125 152
125 154
125 170
125 174
125 177
125 187
125 188
125 193
125 196
126 134
126 139
126 140
126 151
126 154
126 156
126 157
126 160
126 169
126 173
126 182
126 185
126 194
126 199
127 129
127 130
127 132
127 138
127 139
127 151
127 153
127 159
127 161
127 170
127 178
127 185
127 189
128 129
128 150
128 159
128 178
128 179
128 180
128 182
128 193
128 194
129 130
129 131
129 132
129 137
129 139
129 145
129 147
129 150
129 152
129 157
129 186
129 187
129 191
129 193
130 143
130 156
130 163
130 174
130 175
130 183
130 186
130 187
130 189
130 197
131 150
131 153
131 154
131 155
131 160
131 164
131 166
131 181
131 184
132 133
132 140
132 142
132 143
132 149
132 150
132 151
132 154
132 155
132 158
132 160
132 164
132 185
132 189
133 134
133 136
133 139
133 143
133 157
133 158
133 166
133 179
133 194
133 199
134 136
134 142
134 147
134 158
134 169
134 176
134 181
134 184
134 188
134 191
135 136
135 138
135 140
135 145
135 148
135 157
135 159
135 161
135 165
135 170
135 183
135 184
135 186
135 193
135 196
135 198
135 199
136 144
136 146
136 149
136 151
136 160
136 165
136 170
136 171
136 174
136 181
136 185
136 187
136 189
136 193
136 196
136 197
137 142
137 147
137 149
137 153
137 155
137 160
137 170
137 173
137 177
137 180
137 184
137 187
137 194
137 195
138 142
138 147
138 151
138 152
138 154
138 155
138 162
138 165
138 175
138 178
138 179
138 184
138 185
138 186
138 187
139 140
139 141
139 154
139 160
139 161
139 163
139 166
139 171
139 173
139 177
139 178
139 187
140 141
140 153
140 194
140 196
141 144
141 148
141 170
141 174
141 177
141 181
141 183
141 184
141 189
141 197
142 145
142 149
142 153
142 155
142 156
142 186
142 187
142 194
142 195
142 198
142 199
143 152
143 163
143 169
143 172
143 173
143 175
143 178
143 179
143 182
143 183
143 195
144 147
144 155
144 158
144 160
144 167
144 172
144 177
144 178
144 184
144 187
145 149
145 151
145 155
145 157
145 158
145 180
145 183
145 185
145 194
146 147
146 148
146 149
146 150
146 157
146 168
146 170
146 175
146 176
146 177
146 178
146 180
146 191
146 192
146 193
146 198
147 154
147 161
147 164
147 165
147 177
147 178
147 182
147 184
147 186
147 188
147 189
147 193
147 197
148 153
148 154
148 164
148 181
148 192
148 193
148 199
149 152
149 183
149 184
149 185
150 151
150 160
150 161
150 174
150 176
150 184
150 186
150 193
150 196
151 152
151 158
151 159
151 166
151 176
151 185
151 190
151 193
151 194
151 197
152 154
152 163
152 173
152 174
152 183
152 186
152 195
152 198
153 154
153 157
153 160
153 161
153 163
153 175
153 184
153 194
153 198
154 157
154 159
154 160
154 163
154 171
154 185
154 187
154 192
154 195
154 197
154 199
155 163
155 165
155 171
155 174
155 179
155 181
155 182
155 184
155 185
155 187
155 195
155 196
156 165
156 169
156 172
156 175
156 176
156 178
156 182
156 186
156 187
157 161
157 163
157 164
157 168
157 171
157 173
157 177
157 180
157 184
157 189
158 162
158 166
158 171
158 173
158 174
158 176
158 188
159 160
159 165
159 166
159 167
159 172
159 174
159 181
159 182
159 194
159 195
159 199
160 161
160 162
160 164
160 181
160 184
160 187
160 190
160 194
161 163
161 166
161 171
161 173
161 176
161 182
161 186
162 165
162 167
162 170
162 173
162 179
162 180
162 193
162 194
162 197
163 165
163 167
163 171
163 177
163 179
163 182
163 187
163 189
163 195
163 197
164 169
164 170
164 178
164 184
164 192
164 199
165 173
165 174
165 176
165 177
165 178
165 179
165 184
165 186
165 190
165 194
166 167
166 168
166 170
166 180
166 182
166 183
166 184
166 186
166 187
166 192
166 194
166 195
167 168
167 178
167 180
167 195
167 196
168 170
168 174
168 180
168 183
168 188
168 190
168 191
168 193
169 170
169 172
169 173
169 177
169 179
169 188
169 190
169 199
170 172
170 191
170 193
171 174
171 180
171 183
171 184
171 189
171 191
171 194
172 176
172 187
172 189
172 199
173 188
173 189
173 190
173 194
173 196
174 183
174 184
174 194
175 176
175 177
175 178
175 181
175 189
175 197
176 179
176 183
176 191
176 195
176 197
176 198
176 199
177 182
177 185
177 195
177 199
178 179
178 183
178 188
178 190
178 196
178 199
179 181
179 186
179 187
179 188
179 189
179 193
179 199
180 183
180 184
180 190
180 195
180 198
181 194
182 183
182 185
182 191
183 185
183 189
183 191
183 192
183 195
184 185
184 187
184 190
184 191
185 187
186 197
187 188
187 199
188 192
188 196
188 198
188 199
189 190
190 191
191 194
192 193
192 196
193 194
193 198
195 199
196 197
196 199
197 198
