50 1451
43 36
51 31
12 87
21 71
88 47
45 63
47 28
27 72
26 41
78 11
38 26
61 71
15 96
49 72
66 12
69 54
63 22
44 65
12 96
45 50
40 15
64 35
15 15
69 40
41 17
66 28
44 95
31 67
93 94
77 99
25 54
48 72
27 84
52 89
84 86
89 88
16 69
91 54
23 98
87 77
61 93
81 60
86 41
56 24
47 50
26 90
49 71
94 40
87 88
22 18
241
0 14
0 16
0 19
0 22
0 30
0 38
0 43
0 45
0 48
1 5
1 13
1 16
1 17
1 18
1 37
1 40
2 4
2 6
2 9
2 16
2 17
2 19
2 20
2 21
2 23
2 25
2 26
2 29
2 31
2 36
2 48
2 49
3 14
3 17
3 22
3 27
3 30
3 31
3 34
3 35
3 47
4 6
4 13
4 23
4 24
4 26
4 34
4 37
4 48
5 13
5 14
5 44
5 47
6 8
6 12
6 20
6 37
6 48
7 9
7 17
7 22
7 28
7 29
7 31
7 34
7 46
8 16
8 17
8 22
8 23
8 30
8 33
8 42
8 43
8 48
9 15
9 26
9 34
9 44
9 48
10 11
10 19
10 21
10 40
10 42
11 13
11 26
11 41
12 15
12 23
12 29
12 32
12 42
13 15
13 19
13 22
13 25
13 30
13 33
13 36
13 37
13 39
13 42
13 46
14 22
14 31
14 32
14 34
14 42
14 45
15 19
15 23
15 39
15 41
15 42
15 45
16 17
16 19
16 21
16 23
16 26
16 28
16 29
16 30
16 31
16 35
16 37
16 45
17 18
17 23
17 35
17 41
17 42
17 44
17 47
18 25
18 29
18 36
18 41
18 42
18 46
18 47
19 32
19 37
19 44
19 47
19 49
20 21
20 23
20 30
20 34
20 38
20 46
21 24
21 31
21 32
21 33
21 38
21 47
22 23
22 25
22 28
22 35
22 47
22 48
23 27
23 36
23 38
23 45
24 26
24 32
24 34
24 37
24 38
24 39
24 44
24 45
24 48
25 28
26 28
26 32
26 33
26 35
26 43
26 46
26 49
27 31
27 35
28 32
28 35
28 45
28 46
28 48
29 32
29 41
29 42
29 46
29 49
30 39
30 44
30 47
30 48
30 49
31 44
31 48
32 38
32 46
33 37
33 38
33 39
33 43
33 44
34 35
34 40
34 44
34 46
34 47
34 48
35 38
35 39
35 41
35 45
35 46
35 49
36 41
36 47
37 47
38 47
38 48
39 45
40 43
40 45
41 42
41 46
41 49
42 45
42 46
43 44
43 48
44 48
46 49
