200 5813
33 50
29 81
28 74
88 88
48 45
100 97
24 54
44 97
55 44
54 18
39 92
91 72
93 31
52 78
79 12
75 52
71 30
100 52
30 30
51 37
65 88
51 86
22 50
33 40
71 50
19 39
51 45
66 82
92 23
99 58
53 31
37 65
55 66
35 92
15 74
41 44
61 52
80 57
78 14
65 32
74 34
87 91
34 45
25 52
95 40
57 52
29 76
61 54
65 100
26 39
47 95
87 90
80 68
90 83
11 32
88 99
13 62
33 42
52 31
11 72
47 79
97 69
89 21
78 97
55 87
85 60
25 89
29 56
59 49
11 28
23 49
81 42
75 36
19 35
82 62
86 87
85 32
15 79
28 45
53 89
89 98
49 75
44 99
74 72
41 60
61 42
39 20
99 91
30 76
22 81
71 32
82 35
47 81
44 70
71 59
35 12
39 70
95 43
35 98
30 80
89 67
70 23
28 17
14 69
81 85
37 85
77 25
58 58
15 44
11 88
92 26
26 21
22 27
49 43
47 64
56 33
30 22
87 78
94 24
16 67
14 55
31 63
19 99
18 70
26 97
78 36
23 39
51 27
17 50
85 16
98 51
65 35
93 51
100 54
53 92
21 80
30 62
90 16
93 45
71 72
50 65
29 61
33 70
11 55
94 91
37 15
34 98
66 49
34 63
31 53
48 11
20 10
63 93
21 83
58 53
43 85
52 71
28 31
83 79
63 34
40 87
18 45
73 75
13 97
75 49
71 56
36 30
71 26
64 49
13 75
44 48
69 85
15 75
77 57
34 78
57 82
56 47
66 61
93 65
61 56
44 80
34 27
35 75
83 59
31 28
39 78
76 70
51 67
92 55
27 88
23 43
29 42
69 44
88 55
80 50
66 74
44 89
77 31
37 50
86 69
3907
0 11
0 14
0 15
0 26
0 30
0 34
0 44
0 47
0 48
0 49
0 50
0 52
0 68
0 69
0 74
0 75
0 89
0 92
0 109
0 111
0 133
0 143
0 146
0 151
0 152
0 167
0 171
0 186
0 189
1 14
1 15
1 20
1 25
1 26
1 35
1 43
1 45
1 48
1 55
1 61
1 64
1 65
1 67
1 80
1 82
1 93
1 97
1 101
1 104
1 105
1 131
1 132
1 135
1 148
1 149
1 155
1 162
1 163
1 176
1 177
1 186
1 194
2 4
2 5
2 14
2 25
2 26
2 28
2 29
2 31
2 33
2 34
2 39
2 51
2 56
2 68
2 84
2 85
2 86
2 89
2 94
2 102
2 105
2 107
2 112
2 113
2 120
2 124
2 132
2 137
2 149
2 154
2 161
2 162
2 165
2 167
2 171
2 176
2 186
2 189
3 7
3 8
3 9
3 14
3 18
3 27
3 36
3 38
3 41
3 43
3 45
3 55
3 62
3 67
3 72
3 75
3 76
3 77
3 80
3 82
3 86
3 87
3 89
3 90
3 99
3 102
3 105
3 108
3 113
3 117
3 118
3 121
3 123
3 125
3 143
3 158
3 159
3 160
3 162
3 163
3 168
3 169
3 171
3 178
3 183
3 186
3 187
3 188
3 189
3 192
3 198
4 8
4 16
4 27
4 35
4 37
4 48
4 49
4 52
4 56
4 59
4 64
4 76
4 107
4 110
4 116
4 117
4 118
4 119
4 121
4 122
4 138
4 142
4 143
4 146
4 149
4 151
4 160
4 164
4 169
4 175
4 176
4 180
4 188
4 190
4 193
4 197
5 9
5 11
5 13
5 15
5 18
5 24
5 28
5 43
5 44
5 48
5 51
5 54
5 55
5 57
5 63
5 67
5 68
5 71
5 75
5 78
5 81
5 84
5 85
5 86
5 88
5 98
5 104
5 113
5 115
5 124
5 131
5 139
5 149
5 156
5 158
5 169
5 176
5 179
5 183
5 192
6 7
6 10
6 11
6 18
6 29
6 31
6 33
6 34
6 39
6 57
6 59
6 63
6 66
6 80
6 86
6 87
6 89
6 90
6 106
6 107
6 137
6 146
6 151
6 157
6 165
6 166
6 176
6 179
6 183
6 194
7 12
7 25
7 27
7 33
7 35
7 36
7 42
7 46
7 50
7 60
7 61
7 63
7 65
7 71
7 77
7 79
7 85
7 87
7 101
7 104
7 106
7 111
7 118
7 126
7 130
7 147
7 153
7 161
7 163
7 176
7 179
7 183
7 189
7 194
7 195
8 9
8 14
8 22
8 27
8 30
8 34
8 38
8 39
8 56
8 58
8 67
8 70
8 72
8 74
8 85
8 93
8 108
8 112
8 113
8 114
8 116
8 117
8 123
8 132
8 140
8 141
8 144
8 145
8 147
8 169
8 173
8 183
8 184
8 189
8 190
8 191
8 193
9 20
9 22
9 23
9 24
9 27
9 30
9 31
9 37
9 52
9 53
9 57
9 70
9 82
9 89
9 91
9 95
9 96
9 97
9 98
9 99
9 106
9 115
9 117
9 130
9 133
9 134
9 136
9 138
9 143
9 147
9 151
9 154
9 156
9 157
9 171
9 172
9 173
9 177
9 183
9 184
9 188
9 193
9 199
10 16
10 17
10 18
10 21
10 28
10 37
10 52
10 60
10 62
10 66
10 69
10 75
10 76
10 80
10 100
10 107
10 108
10 111
10 112
10 115
10 118
10 120
10 122
10 130
10 142
10 154
10 157
10 158
10 161
10 164
10 166
10 171
10 173
10 175
10 179
10 186
10 190
10 191
11 17
11 26
11 34
11 39
11 47
11 49
11 51
11 53
11 57
11 61
11 68
11 70
11 71
11 83
11 84
11 89
11 90
11 94
11 96
11 101
11 104
11 108
11 110
11 116
11 117
11 120
11 124
11 126
11 127
11 131
11 132
11 138
11 139
11 142
11 147
11 152
11 160
11 177
11 180
11 196
12 17
12 18
12 26
12 32
12 38
12 40
12 48
12 49
12 50
12 52
12 56
12 70
12 76
12 79
12 89
12 93
12 94
12 95
12 97
12 98
12 101
12 107
12 110
12 115
12 120
12 124
12 125
12 130
12 131
12 135
12 136
12 140
12 141
12 146
12 149
12 161
12 164
12 166
12 167
12 171
12 177
12 178
12 179
12 180
12 185
12 186
12 194
13 14
13 37
13 38
13 39
13 40
13 56
13 58
13 61
13 64
13 73
13 74
13 75
13 76
13 77
13 79
13 82
13 83
13 90
13 91
13 92
13 95
13 103
13 107
13 112
13 115
13 116
13 122
13 127
13 130
13 136
13 137
13 143
13 153
13 156
13 165
13 173
13 179
13 190
14 20
14 26
14 36
14 56
14 73
14 76
14 85
14 89
14 99
14 100
14 111
14 112
14 116
14 121
14 122
14 136
14 137
14 143
14 149
14 152
14 153
14 155
14 156
14 161
14 167
14 180
14 181
14 185
14 188
14 192
14 193
14 196
14 199
15 19
15 21
15 23
15 31
15 33
15 34
15 37
15 40
15 45
15 51
15 56
15 58
15 71
15 72
15 80
15 81
15 84
15 85
15 88
15 89
15 100
15 105
15 107
15 108
15 109
15 114
15 126
15 128
15 132
15 134
15 135
15 145
15 150
15 155
15 156
15 162
15 168
15 172
15 177
15 184
15 187
15 189
15 190
15 192
15 196
16 17
16 19
16 22
16 23
16 26
16 28
16 34
16 36
16 45
16 57
16 58
16 62
16 68
16 71
16 77
16 86
16 89
16 90
16 93
16 94
16 95
16 103
16 105
16 108
16 119
16 132
16 133
16 134
16 139
16 140
16 146
16 148
16 158
16 159
16 168
16 169
16 182
16 186
16 192
16 194
17 33
17 34
17 37
17 44
17 49
17 65
17 66
17 69
17 76
17 80
17 81
17 88
17 95
17 100
17 102
17 105
17 108
17 110
17 114
17 118
17 122
17 128
17 136
17 143
17 149
17 154
17 158
17 159
17 160
17 164
17 167
17 172
17 179
17 192
17 195
17 199
18 22
18 25
18 30
18 35
18 37
18 42
18 46
18 50
18 51
18 52
18 54
18 57
18 60
18 61
18 69
18 71
18 82
18 89
18 91
18 101
18 104
18 108
18 112
18 113
18 114
18 121
18 122
18 123
18 136
18 139
18 140
18 147
18 150
18 153
18 157
18 161
18 164
18 183
18 184
18 195
18 198
19 22
19 25
19 29
19 34
19 39
19 42
19 50
19 51
19 57
19 59
19 60
19 61
19 63
19 69
19 71
19 81
19 84
19 85
19 87
19 92
19 97
19 101
19 102
19 103
19 111
19 113
19 122
19 137
19 138
19 140
19 141
19 147
19 148
19 156
19 165
19 171
19 187
19 198
20 25
20 29
20 30
20 31
20 33
20 42
20 52
20 53
20 61
20 66
20 69
20 70
20 78
20 83
20 86
20 88
20 90
20 92
20 96
20 105
20 106
20 108
20 114
20 125
20 131
20 137
20 138
20 141
20 147
20 156
20 160
20 173
20 186
20 189
20 193
21 26
21 36
21 38
21 45
21 50
21 63
21 65
21 73
21 82
21 83
21 84
21 90
21 111
21 114
21 118
21 120
21 123
21 124
21 128
21 134
21 138
21 139
21 145
21 148
21 159
21 171
21 172
21 176
21 180
21 183
21 186
21 189
21 193
21 199
22 30
22 37
22 40
22 44
22 53
22 54
22 58
22 59
22 68
22 76
22 79
22 81
22 83
22 84
22 86
22 90
22 91
22 94
22 99
22 100
22 102
22 103
22 105
22 106
22 115
22 117
22 124
22 128
22 130
22 133
22 134
22 135
22 142
22 144
22 146
22 154
22 156
22 163
22 175
22 178
22 185
22 187
22 190
23 26
23 27
23 31
23 32
23 33
23 37
23 40
23 42
23 47
23 50
23 59
23 65
23 70
23 71
23 72
23 73
23 78
23 85
23 89
23 95
23 96
23 99
23 101
23 106
23 108
23 110
23 116
23 117
23 118
23 127
23 129
23 130
23 157
23 159
23 161
23 163
23 166
23 170
23 173
23 176
23 181
23 182
23 184
23 193
24 26
24 27
24 31
24 37
24 42
24 44
24 45
24 53
24 62
24 63
24 69
24 70
24 76
24 83
24 86
24 89
24 91
24 94
24 97
24 98
24 106
24 109
24 111
24 114
24 139
24 144
24 146
24 160
24 163
24 167
24 172
24 181
24 182
24 193
24 198
25 37
25 51
25 53
25 59
25 69
25 72
25 83
25 86
25 88
25 95
25 103
25 104
25 121
25 123
25 125
25 133
25 139
25 142
25 143
25 146
25 154
25 157
25 160
25 164
25 166
25 169
25 172
25 180
25 183
25 188
25 191
25 195
25 197
26 27
26 34
26 41
26 42
26 47
26 48
26 49
26 50
26 82
26 84
26 99
26 103
26 104
26 112
26 122
26 125
26 132
26 139
26 147
26 151
26 152
26 153
26 154
26 164
26 167
26 170
26 174
26 178
26 180
26 183
26 184
26 186
26 194
26 199
27 31
27 32
27 33
27 34
27 43
27 46
27 49
27 54
27 59
27 63
27 65
27 67
27 68
27 79
27 81
27 83
27 86
27 87
27 96
27 103
27 104
27 109
27 110
27 114
27 117
27 119
27 122
27 124
27 126
27 132
27 134
27 147
27 160
27 178
27 179
27 181
27 183
27 185
27 189
27 190
27 191
27 192
27 193
27 196
27 199
28 42
28 48
28 52
28 56
28 62
28 65
28 72
28 91
28 98
28 100
28 102
28 112
28 132
28 137
28 138
28 139
28 140
28 147
28 148
28 151
28 153
28 154
28 155
28 156
28 166
28 169
28 177
28 178
28 181
28 182
28 184
28 188
28 190
28 192
28 194
28 197
29 30
29 33
29 40
29 48
29 50
29 54
29 62
29 64
29 69
29 70
29 76
29 77
29 78
29 81
29 83
29 86
29 91
29 95
29 102
29 105
29 115
29 124
29 129
29 130
29 131
29 134
29 135
29 136
29 139
29 156
29 163
29 165
29 168
29 171
29 173
29 175
29 183
29 187
29 194
29 199
30 32
30 36
30 61
30 63
30 77
30 85
30 97
30 99
30 109
30 110
30 112
30 114
30 124
30 129
30 138
30 143
30 156
30 157
30 164
30 176
30 178
30 179
30 182
30 183
30 192
30 195
31 32
31 40
31 52
31 53
31 55
31 57
31 65
31 66
31 70
31 73
31 81
31 83
31 87
31 93
31 105
31 106
31 111
31 118
31 119
31 127
31 139
31 147
31 149
31 156
31 161
31 175
31 180
31 190
31 193
31 196
31 198
31 199
32 39
32 40
32 43
32 44
32 48
32 55
32 56
32 60
32 67
32 71
32 82
32 91
32 102
32 103
32 106
32 110
32 121
32 125
32 127
32 143
32 150
32 155
32 161
32 172
32 178
32 182
32 184
32 187
32 193
32 197
32 199
33 36
33 40
33 41
33 44
33 50
33 53
33 56
33 57
33 60
33 61
33 78
33 79
33 80
33 81
33 90
33 103
33 107
33 108
33 120
33 121
33 129
33 135
33 138
33 145
33 148
33 153
33 155
33 160
33 164
33 170
33 185
33 188
33 191
33 194
33 197
33 199
34 35
34 41
34 60
34 63
34 70
34 76
34 81
34 86
34 87
34 97
34 99
34 100
34 103
34 113
34 118
34 127
34 132
34 152
34 159
34 161
34 165
34 172
34 175
34 177
34 182
34 183
34 191
34 192
34 194
35 36
35 38
35 41
35 43
35 45
35 47
35 50
35 59
35 75
35 76
35 78
35 82
35 92
35 93
35 95
35 96
35 98
35 109
35 118
35 119
35 137
35 140
35 142
35 154
35 156
35 163
35 169
35 180
35 184
35 190
35 191
36 40
36 43
36 52
36 61
36 62
36 64
36 66
36 69
36 71
36 76
36 82
36 85
36 86
36 91
36 93
36 99
36 106
36 107
36 121
36 124
36 126
36 130
36 131
36 134
36 135
36 142
36 143
36 147
36 148
36 151
36 153
36 161
36 163
36 166
36 168
36 169
36 182
37 38
37 40
37 42
37 51
37 53
37 54
37 55
37 65
37 67
37 69
37 75
37 98
37 99
37 113
37 116
37 117
37 126
37 134
37 137
37 148
37 150
37 152
37 154
37 160
37 161
37 162
37 164
37 165
37 169
37 171
37 172
37 174
38 39
38 42
38 45
38 46
38 66
38 71
38 73
38 83
38 84
38 89
38 90
38 101
38 111
38 116
38 123
38 130
38 133
38 135
38 138
38 139
38 141
38 144
38 146
38 155
38 158
38 160
38 161
38 163
38 164
38 173
38 179
38 184
38 191
39 41
39 50
39 53
39 56
39 58
39 59
39 60
39 74
39 82
39 90
39 94
39 96
39 97
39 104
39 113
39 115
39 117
39 131
39 132
39 136
39 139
39 140
39 141
39 145
39 147
39 153
39 162
39 164
39 171
39 173
39 183
39 184
39 187
39 188
39 193
39 194
39 195
39 197
40 41
40 51
40 53
40 55
40 62
40 72
40 73
40 76
40 81
40 83
40 89
40 94
40 100
40 101
40 102
40 108
40 110
40 115
40 116
40 126
40 127
40 135
40 140
40 143
40 146
40 149
40 151
40 153
40 157
40 158
40 166
40 182
40 183
40 186
41 46
41 48
41 50
41 57
41 68
41 75
41 81
41 82
41 85
41 90
41 98
41 100
41 104
41 110
41 118
41 119
41 120
41 121
41 122
41 124
41 140
41 142
41 143
41 145
41 148
41 152
41 161
41 163
41 166
41 170
41 192
41 194
42 43
42 54
42 60
42 74
42 76
42 81
42 86
42 87
42 96
42 97
42 99
42 105
42 111
42 115
42 117
42 118
42 122
42 129
42 130
42 152
42 157
42 158
42 166
42 169
42 171
42 181
42 191
42 193
42 197
42 199
43 54
43 57
43 66
43 70
43 85
43 115
43 117
43 119
43 124
43 125
43 128
43 137
43 145
43 151
43 158
43 160
43 164
43 167
43 168
43 169
43 172
43 175
43 188
43 189
43 190
43 194
43 197
43 199
44 47
44 50
44 53
44 55
44 57
44 70
44 73
44 78
44 84
44 97
44 117
44 118
44 122
44 127
44 128
44 132
44 141
44 144
44 153
44 156
44 158
44 162
44 165
44 166
44 169
44 183
44 185
44 190
44 191
44 193
45 46
45 48
45 49
45 51
45 54
45 58
45 68
45 70
45 72
45 92
45 100
45 102
45 105
45 106
45 115
45 116
45 120
45 123
45 130
45 139
45 167
45 168
45 175
45 177
45 183
45 192
45 196
46 54
46 55
46 56
46 69
46 79
46 83
46 85
46 88
46 104
46 106
46 115
46 119
46 125
46 126
46 127
46 133
46 136
46 142
46 145
46 146
46 152
46 154
46 158
46 159
46 167
46 169
46 171
46 181
46 182
46 195
46 198
47 49
47 50
47 52
47 57
47 58
47 59
47 60
47 61
47 67
47 75
47 101
47 114
47 118
47 119
47 122
47 135
47 142
47 143
47 150
47 160
47 165
47 170
47 172
47 175
47 187
47 193
47 195
47 198
48 52
48 55
48 68
48 76
48 79
48 94
48 106
48 111
48 124
48 126
48 127
48 129
48 131
48 135
48 138
48 153
48 160
48 162
48 166
48 180
48 181
48 184
49 53
49 55
49 58
49 59
49 61
49 65
49 66
49 68
49 69
49 78
49 82
49 88
49 94
49 95
49 103
49 105
49 113
49 117
49 121
49 122
49 134
49 138
49 139
49 142
49 147
49 150
49 159
49 160
49 161
49 164
49 166
49 172
49 173
49 179
49 181
49 186
49 188
49 191
49 196
50 51
50 54
50 56
50 57
50 58
50 72
50 76
50 83
50 92
50 94
50 97
50 103
50 109
50 113
50 117
50 118
50 128
50 131
50 135
50 136
50 137
50 138
50 144
50 154
50 157
50 163
50 166
50 189
50 190
50 198
51 54
51 57
51 62
51 64
51 68
51 69
51 74
51 82
51 87
51 90
51 99
51 103
51 109
51 114
51 116
51 147
51 157
51 172
51 173
51 179
51 181
51 190
51 192
51 196
51 199
52 54
52 55
52 56
52 65
52 75
52 77
52 78
52 86
52 87
52 90
52 100
52 102
52 103
52 108
52 114
52 121
52 142
52 144
52 145
52 156
52 180
52 185
52 189
52 192
52 194
52 198
53 78
53 81
53 82
53 83
53 84
53 86
53 87
53 89
53 92
53 106
53 111
53 118
53 126
53 128
53 135
53 136
53 137
53 141
53 142
53 146
53 157
53 160
53 163
53 169
53 192
53 196
54 60
54 65
54 66
54 80
54 82
54 88
54 93
54 97
54 103
54 105
54 106
54 107
54 113
54 125
54 126
54 146
54 147
54 152
54 157
54 158
54 167
54 176
54 185
54 187
54 190
54 196
55 59
55 61
55 73
55 97
55 98
55 99
55 100
55 101
55 104
55 114
55 117
55 118
55 119
55 137
55 139
55 146
55 153
55 154
55 155
55 156
55 160
55 162
55 164
55 169
55 170
56 66
56 72
56 74
56 83
56 87
56 90
56 95
56 108
56 109
56 113
56 114
56 116
56 127
56 134
56 137
56 139
56 141
56 145
56 159
56 162
56 163
56 166
56 168
56 175
56 177
56 184
56 190
56 191
56 196
57 67
57 71
57 79
57 81
57 82
57 90
57 91
57 92
57 97
57 106
57 111
57 128
57 130
57 141
57 148
57 151
57 157
57 162
57 171
57 186
57 187
57 194
57 195
57 199
58 60
58 61
58 65
58 81
58 86
58 90
58 101
58 115
58 118
58 124
58 125
58 145
58 147
58 150
58 151
58 154
58 157
58 164
58 165
58 182
58 183
58 191
58 196
59 66
59 67
59 73
59 78
59 80
59 92
59 98
59 101
59 121
59 122
59 133
59 146
59 153
59 169
59 175
59 177
59 185
59 198
60 69
60 76
60 80
60 90
60 91
60 97
60 100
60 101
60 119
60 124
60 125
60 142
60 143
60 165
60 194
61 62
61 63
61 66
61 67
61 68
61 84
61 90
61 92
61 95
61 107
61 108
61 117
61 118
61 123
61 126
61 132
61 135
61 136
61 138
61 142
61 146
61 149
61 153
61 156
61 163
61 168
61 174
61 178
61 188
61 197
62 65
62 66
62 79
62 94
62 98
62 107
62 110
62 121
62 122
62 125
62 137
62 146
62 147
62 150
62 152
62 160
62 162
62 173
62 174
62 190
62 196
63 68
63 71
63 77
63 89
63 91
63 95
63 108
63 112
63 116
63 124
63 127
63 128
63 130
63 137
63 138
63 143
63 149
63 152
63 163
63 164
63 167
63 169
63 170
63 174
63 178
63 179
63 191
63 199
64 68
64 69
64 74
64 82
64 85
64 91
64 96
64 98
64 100
64 104
64 107
64 108
64 116
64 122
64 130
64 132
64 136
64 138
64 146
64 154
64 156
64 161
64 166
64 169
64 172
64 174
64 175
64 183
64 187
64 188
64 190
64 193
64 197
65 66
65 69
65 74
65 83
65 84
65 100
65 109
65 118
65 122
65 138
65 151
65 154
65 162
65 168
65 173
65 174
65 179
65 181
66 72
66 82
66 84
66 91
66 94
66 99
66 112
66 125
66 130
66 134
66 144
66 157
66 164
66 167
66 171
66 172
66 175
66 180
66 182
66 194
66 196
66 198
67 68
67 71
67 72
67 74
67 76
67 83
67 89
67 99
67 101
67 103
67 104
67 115
67 121
67 141
67 143
67 144
67 145
67 146
67 150
67 158
67 159
67 166
67 167
67 176
67 181
67 183
67 188
67 192
68 75
68 76
68 79
68 88
68 89
68 91
68 94
68 102
68 110
68 112
68 119
68 122
68 131
68 155
68 163
68 164
68 167
68 197
69 75
69 80
69 83
69 93
69 94
69 95
69 98
69 100
69 109
69 116
69 118
69 124
69 127
69 129
69 130
69 144
69 152
69 161
69 167
69 173
69 174
69 178
69 183
70 75
70 80
70 86
70 90
70 95
70 97
70 102
70 111
70 114
70 119
70 123
70 139
70 149
70 157
70 159
70 172
70 178
70 180
70 192
70 199
71 75
71 78
71 80
71 86
71 92
71 97
71 101
71 102
71 103
71 104
71 108
71 122
71 126
71 131
71 132
71 140
71 144
71 145
71 151
71 164
71 166
71 172
71 177
71 178
71 179
71 184
71 185
71 186
71 188
71 198
71 199
72 73
72 95
72 101
72 108
72 109
72 110
72 111
72 115
72 129
72 135
72 142
72 149
72 155
72 156
72 157
72 158
72 161
72 166
72 168
72 173
72 175
72 179
72 182
72 192
72 195
72 196
72 197
73 78
73 79
73 84
73 92
73 93
73 103
73 108
73 110
73 118
73 122
73 125
73 129
73 133
73 138
73 139
73 140
73 148
73 159
73 168
73 170
73 178
73 181
73 189
73 194
74 87
74 95
74 96
74 102
74 106
74 107
74 108
74 110
74 112
74 114
74 123
74 125
74 129
74 141
74 142
74 158
74 163
74 164
74 165
74 171
74 176
74 184
74 186
74 189
74 190
74 192
74 193
74 199
75 83
75 85
75 88
75 90
75 93
75 97
75 109
75 115
75 117
75 126
75 131
75 133
75 136
75 140
75 143
75 144
75 147
75 155
75 171
75 172
75 182
75 184
75 186
75 188
75 191
76 77
76 79
76 80
76 84
76 96
76 107
76 109
76 110
76 135
76 141
76 147
76 148
76 149
76 155
76 167
76 168
76 171
76 174
76 180
76 182
76 184
76 186
76 193
76 194
77 98
77 109
77 110
77 114
77 115
77 116
77 119
77 123
77 126
77 129
77 130
77 133
77 141
77 148
77 150
77 163
77 166
77 169
77 192
77 199
78 80
78 85
78 87
78 88
78 91
78 94
78 100
78 102
78 109
78 110
78 113
78 116
78 121
78 122
78 127
78 131
78 132
78 134
78 136
78 141
78 146
78 147
78 154
78 160
78 162
78 165
78 168
78 172
78 181
78 188
78 193
79 80
79 81
79 82
79 93
79 103
79 106
79 109
79 112
79 114
79 116
79 122
79 125
79 126
79 138
79 151
79 158
79 160
79 181
79 185
79 188
79 189
79 197
79 199
80 81
80 86
80 99
80 102
80 108
80 115
80 134
80 136
80 138
80 143
80 152
80 155
80 156
80 158
80 159
80 164
80 171
80 185
80 188
80 193
80 194
80 198
81 86
81 98
81 100
81 118
81 119
81 129
81 136
81 138
81 141
81 148
81 159
81 169
81 170
81 178
81 180
81 184
81 188
81 190
81 191
81 199
82 108
82 114
82 121
82 137
82 146
82 147
82 151
82 154
82 159
82 161
82 164
82 179
82 186
82 187
82 196
83 88
83 89
83 92
83 106
83 110
83 116
83 118
83 127
83 135
83 136
83 145
83 146
83 147
83 148
83 151
83 168
83 170
83 177
83 189
83 193
83 197
84 92
84 98
84 104
84 107
84 111
84 115
84 120
84 134
84 137
84 139
84 141
84 160
84 170
84 172
84 173
84 174
84 175
84 180
84 186
85 86
85 103
85 108
85 110
85 113
85 119
85 121
85 123
85 130
85 133
85 135
85 136
85 147
85 155
85 160
85 161
85 163
85 165
85 166
85 170
85 176
85 184
85 185
85 188
85 195
86 92
86 94
86 101
86 105
86 109
86 114
86 120
86 123
86 127
86 130
86 131
86 135
86 147
86 153
86 154
86 156
86 158
86 159
86 160
86 168
86 172
86 180
86 190
86 191
86 198
87 89
87 91
87 94
87 95
87 98
87 100
87 103
87 106
87 116
87 119
87 120
87 121
87 125
87 135
87 136
87 151
87 156
87 160
87 167
87 168
87 170
87 172
87 173
87 176
87 183
87 188
87 189
87 191
87 198
88 91
88 92
88 94
88 100
88 102
88 107
88 113
88 117
88 133
88 153
88 154
88 156
88 158
88 168
88 169
88 172
88 175
88 177
88 193
88 194
88 197
89 94
89 96
89 97
89 99
89 104
89 136
89 139
89 141
89 150
89 154
89 158
89 163
89 182
89 198
90 96
90 101
90 103
90 105
90 107
90 113
90 114
90 120
90 124
90 126
90 127
90 131
90 139
90 144
90 145
90 148
90 149
90 150
90 152
90 153
90 154
90 159
90 163
90 164
90 167
90 168
90 170
90 172
90 189
90 199
91 93
91 101
91 102
91 103
91 107
91 110
91 124
91 129
91 131
91 132
91 140
91 142
91 144
91 147
91 148
91 149
91 153
91 157
91 171
91 174
91 176
91 177
91 179
91 183
91 184
91 197
91 199
92 98
92 100
92 101
92 112
92 114
92 120
92 128
92 130
92 135
92 146
92 148
92 150
92 164
92 167
92 168
92 172
92 179
92 180
92 186
92 191
93 104
93 113
93 114
93 118
93 125
93 135
93 136
93 141
93 145
93 153
93 156
93 164
93 168
93 173
93 175
93 182
93 185
93 191
93 196
94 97
94 103
94 109
94 113
94 118
94 126
94 139
94 141
94 146
94 151
94 158
94 159
94 172
94 179
94 180
94 182
94 187
94 192
94 197
94 198
95 102
95 118
95 126
95 128
95 129
95 132
95 137
95 139
95 140
95 141
95 149
95 161
95 162
95 167
95 172
95 175
95 177
95 180
95 187
95 190
95 191
95 194
95 196
96 99
96 100
96 102
96 118
96 119
96 122
96 131
96 140
96 143
96 144
96 149
96 150
96 153
96 156
96 162
96 169
96 173
96 174
96 185
96 186
96 188
96 192
96 193
96 195
96 196
97 105
97 107
97 112
97 114
97 119
97 127
97 129
97 136
97 146
97 151
97 153
97 160
97 173
97 175
97 178
97 181
97 186
97 189
97 195
98 112
98 116
98 118
98 122
98 129
98 131
98 141
98 142
98 143
98 158
98 162
98 172
98 176
98 181
98 182
98 185
98 186
98 194
98 195
98 197
98 199
99 104
99 111
99 115
99 117
99 121
99 122
99 124
99 129
99 133
99 134
99 139
99 150
99 153
99 164
99 176
99 178
99 179
99 181
99 182
99 187
99 189
100 101
100 106
100 109
100 110
100 124
100 129
100 140
100 143
100 145
100 146
100 158
100 160
100 164
100 171
100 173
100 174
100 180
100 184
100 187
100 192
100 195
101 103
101 122
101 129
101 137
101 139
101 142
101 144
101 145
101 153
101 159
101 161
101 162
101 165
101 170
101 172
101 173
101 180
101 184
101 198
102 119
102 120
102 121
102 129
102 134
102 147
102 151
102 155
102 156
102 157
102 160
102 161
102 165
102 170
102 174
102 178
102 184
102 188
102 190
102 192
102 197
103 105
103 108
103 114
103 119
103 129
103 132
103 138
103 140
103 143
103 145
103 148
103 151
103 160
103 164
103 170
103 171
103 180
103 187
103 190
103 191
104 107
104 110
104 124
104 125
104 126
104 129
104 136
104 143
104 145
104 146
104 147
104 153
104 156
104 160
104 162
104 169
104 176
104 179
105 108
105 113
105 118
105 120
105 125
105 131
105 136
105 140
105 143
105 157
105 162
105 183
105 184
105 188
105 191
105 194
106 111
106 115
106 119
106 129
106 137
106 141
106 142
106 143
106 145
106 146
106 150
106 151
106 153
106 174
106 178
106 182
106 187
106 188
106 190
106 191
106 193
106 194
106 196
106 197
107 114
107 116
107 138
107 145
107 149
107 162
107 172
107 191
108 128
108 131
108 140
108 146
108 147
108 150
108 161
108 172
108 177
108 192
108 196
108 197
109 115
109 143
109 151
109 152
109 161
109 162
109 164
109 165
109 168
109 172
109 178
109 179
109 182
109 185
109 192
109 194
110 117
110 119
110 120
110 127
110 128
110 132
110 142
110 148
110 149
110 151
110 153
110 154
110 157
110 158
110 162
110 166
110 167
110 173
110 195
111 116
111 117
111 123
111 124
111 130
111 131
111 134
111 135
111 136
111 138
111 141
111 158
111 171
111 177
111 181
111 184
111 198
111 199
112 115
112 117
112 119
112 130
112 133
112 147
112 150
112 154
112 155
112 156
112 158
112 167
112 170
112 173
112 184
112 191
112 197
112 198
113 114
113 115
113 116
113 121
113 129
113 132
113 143
113 148
113 150
113 159
113 163
113 168
113 175
113 177
113 185
113 189
113 190
113 191
113 192
113 195
114 129
114 133
114 144
114 149
114 152
114 170
114 174
114 186
115 122
115 125
115 146
115 155
115 162
115 167
115 169
115 172
115 182
115 186
115 193
116 122
116 127
116 139
116 156
116 161
116 162
116 163
116 165
116 166
116 172
116 176
116 177
116 185
116 187
116 192
116 193
116 194
116 196
117 123
117 129
117 141
117 142
117 148
117 150
117 152
117 153
117 161
117 166
117 183
117 195
117 197
117 198
118 119
118 121
118 125
118 126
118 127
118 138
118 152
118 158
118 166
118 174
118 183
118 189
118 193
118 194
118 195
118 199
119 123
119 126
119 132
119 135
119 138
119 146
119 147
119 148
119 155
119 164
119 165
119 173
119 174
119 175
119 183
119 186
119 188
119 191
119 194
119 197
120 123
120 131
120 135
120 144
120 151
120 157
120 165
120 167
120 168
120 169
120 191
120 192
120 195
120 199
121 124
121 125
121 134
121 140
121 145
121 152
121 156
121 162
121 163
121 164
121 180
121 198
121 199
122 131
122 132
122 135
122 136
122 144
122 150
122 151
122 155
122 158
122 167
122 177
122 181
122 183
122 185
122 187
123 125
123 137
123 139
123 141
123 143
123 154
123 155
123 164
123 169
123 180
124 125
124 126
124 135
124 136
124 140
124 151
124 158
124 161
124 166
124 175
124 185
124 188
124 194
125 132
125 136
125 137
125 147
125 149
125 156
125 157
125 160
125 169
125 176
125 181
126 127
126 129
126 132
126 136
126 138
126 145
126 148
126 149
126 152
126 174
126 176
126 186
126 188
126 190
126 194
126 197
127 135
127 145
127 146
127 148
127 149
127 150
127 156
127 157
127 158
127 161
127 164
127 165
127 167
127 172
127 174
127 176
127 177
127 178
127 181
127 182
127 186
127 196
127 197
128 131
128 142
128 147
128 149
128 152
128 156
128 163
128 165
128 167
128 178
128 181
128 182
128 183
128 186
128 190
128 192
128 196
128 199
129 131
129 145
129 149
129 153
129 161
129 162
129 163
129 170
129 172
129 173
129 174
129 186
129 187
129 190
129 191
129 196
130 131
130 135
130 142
130 143
130 148
130 153
130 154
130 156
130 163
130 165
130 175
130 189
130 196
130 198
130 199
131 141
131 145
131 146
131 149
131 155
131 158
131 163
131 166
131 176
131 179
131 188
132 133
132 136
132 148
132 149
132 157
132 162
132 176
132 182
132 183
132 184
132 187
132 199
133 137
133 145
133 148
133 153
133 154
133 157
133 158
133 160
133 170
133 171
133 172
133 173
133 179
133 186
133 197
134 139
134 143
134 145
134 148
134 157
134 161
134 164
134 165
134 168
134 183
134 192
134 193
134 195
134 198
134 199
135 143
135 150
135 151
135 165
135 169
135 173
135 189
135 193
136 139
136 141
136 147
136 153
136 163
136 168
136 169
136 173
136 174
136 178
136 183
136 184
136 187
136 190
136 196
137 141
137 150
137 154
137 163
137 174
137 175
137 177
137 178
137 180
137 185
137 195
138 143
138 148
138 154
138 160
138 163
138 170
138 173
138 175
138 179
138 190
139 145
139 149
139 164
139 165
139 169
139 174
139 177
139 183
139 190
140 146
140 157
140 162
140 166
140 171
140 173
140 176
140 177
140 179
140 185
140 190
140 199
141 143
141 146
141 147
141 150
141 156
141 160
141 163
141 164
141 178
141 186
141 188
141 191
141 196
141 197
142 163
142 171
142 172
142 177
142 178
142 182
142 185
142 188
142 192
143 153
143 154
143 155
143 156
143 161
143 176
143 189
143 192
143 197
143 198
143 199
144 149
144 150
144 156
144 162
144 164
144 168
144 176
144 184
144 187
144 191
144 193
145 146
145 148
145 152
145 153
145 155
145 158
145 160
145 161
145 163
145 165
145 166
145 167
145 184
145 192
146 147
146 153
146 155
146 168
146 185
146 195
146 196
147 149
147 160
147 175
147 178
147 184
147 191
147 192
147 196
148 149
148 157
148 165
148 180
148 186
148 188
148 191
148 192
149 154
149 158
149 160
149 161
149 162
149 164
149 168
149 169
149 170
149 179
149 180
149 188
149 189
149 198
150 153
150 154
150 165
150 167
150 169
150 172
150 178
150 180
150 186
150 189
150 194
150 199
151 155
151 161
151 163
151 181
151 192
151 197
151 199
152 158
152 159
152 164
152 173
152 174
152 179
152 182
153 157
153 158
153 160
153 166
153 169
153 170
153 172
153 174
153 188
153 191
153 193
154 159
154 172
154 177
154 183
154 187
154 188
154 189
154 190
154 191
154 194
154 198
155 163
155 164
155 170
155 171
155 174
155 183
155 185
155 192
155 193
155 198
156 165
156 166
156 171
156 173
156 181
156 184
156 186
156 193
156 194
156 198
156 199
157 160
157 170
157 172
157 173
157 177
157 178
157 183
157 185
157 187
157 188
157 193
158 164
158 166
158 169
158 173
158 188
158 189
158 194
158 199
159 167
159 174
159 191
159 193
159 194
159 197
159 199
160 162
160 172
160 174
160 175
160 178
160 194
161 167
161 171
161 176
161 190
161 193
161 196
162 163
162 173
162 174
162 186
162 187
163 166
163 167
163 168
163 172
163 177
163 188
163 189
164 170
164 173
164 189
164 196
164 199
165 167
165 171
165 176
165 179
165 185
165 186
165 188
165 198
165 199
166 169
166 172
166 176
166 178
166 180
166 186
166 190
166 194
166 196
167 168
167 169
167 173
168 176
168 182
168 185
169 172
169 174
169 176
170 171
170 181
170 182
170 186
170 188
170 189
170 193
171 176
172 175
172 182
172 188
172 190
172 191
172 197
173 177
173 185
173 191
173 199
174 179
174 180
174 188
174 189
174 191
175 189
175 193
175 198
176 180
176 184
176 187
176 188
176 197
177 181
177 182
177 195
177 198
178 181
178 182
178 193
178 195
179 184
179 186
179 187
179 194
179 197
180 186
180 190
180 191
181 183
181 197
182 186
182 187
182 189
182 197
183 184
183 186
183 188
183 192
183 194
183 196
183 199
184 188
184 189
184 190
184 191
184 197
185 188
185 199
186 188
186 191
186 192
186 194
186 195
186 197
187 191
187 192
187 194
188 189
188 198
189 191
189 198
190 192
190 193
190 199
191 198
191 199
192 196
193 194
194 196
195 197
196 199
197 198
