200 5533
87 36
21 55
64 70
98 24
80 95
10 26
35 59
79 85
78 28
49 70
93 11
26 15
95 99
66 94
31 45
82 65
42 74
67 56
90 74
22 62
44 62
67 38
33 89
69 98
56 43
41 43
85 40
80 24
69 70
48 78
72 21
14 14
83 32
94 92
47 15
49 22
45 80
47 47
35 17
52 18
99 45
98 37
88 86
61 33
93 50
66 51
71 51
26 42
79 70
29 14
91 46
80 56
51 94
78 96
48 11
75 52
29 84
57 81
96 89
79 93
14 88
99 39
90 49
19 73
83 51
88 22
40 29
95 76
35 92
14 38
78 73
88 48
81 89
87 45
67 43
84 52
42 46
19 57
25 86
88 54
52 32
39 38
95 23
95 97
37 92
12 40
97 84
12 98
21 63
15 16
36 46
39 54
64 95
69 25
35 92
56 32
52 85
42 90
62 64
59 69
53 83
48 49
94 45
95 84
61 42
70 40
96 51
39 35
62 66
23 58
78 52
62 51
57 18
50 60
57 97
97 20
75 51
83 20
25 87
13 61
39 27
69 27
54 85
60 63
28 56
83 98
86 71
42 32
20 53
10 45
73 85
46 83
58 73
27 51
13 99
25 72
51 18
22 73
97 11
33 84
84 47
88 20
50 24
75 40
72 72
71 62
81 35
31 18
15 67
68 39
29 20
68 88
78 93
66 32
11 100
41 62
54 24
39 86
33 56
100 57
14 19
69 92
49 89
67 16
89 57
31 65
75 36
17 36
55 53
45 45
13 95
95 35
45 51
89 48
100 31
29 60
34 26
73 96
99 49
27 100
11 10
34 34
100 40
84 18
61 80
100 50
83 28
83 25
15 93
30 64
44 45
36 41
88 43
26 50
20 76
74 92
89 24
19 40
64 89
52 55
11871
0 2
0 6
0 7
0 9
0 10
0 11
0 12
0 13
0 20
0 22
0 23
0 25
0 26
0 29
0 31
0 32
0 33
0 36
0 37
0 38
0 39
0 40
0 41
0 44
0 45
0 46
0 47
0 49
0 50
0 52
0 54
0 55
0 56
0 58
0 62
0 65
0 66
0 67
0 68
0 69
0 70
0 75
0 76
0 78
0 80
0 81
0 84
0 85
0 86
0 89
0 90
0 92
0 93
0 94
0 95
0 96
0 97
0 98
0 99
0 100
0 101
0 102
0 103
0 104
0 105
0 106
0 111
0 113
0 115
0 118
0 119
0 120
0 121
0 122
0 125
0 126
0 127
0 128
0 129
0 131
0 132
0 133
0 134
0 137
0 138
0 139
0 141
0 142
0 143
0 146
0 148
0 149
0 151
0 152
0 153
0 154
0 155
0 156
0 157
0 160
0 161
0 163
0 164
0 165
0 166
0 168
0 170
0 171
0 173
0 177
0 182
0 186
0 187
0 188
0 190
0 193
0 196
0 197
0 198
1 2
1 4
1 5
1 7
1 8
1 9
1 10
1 12
1 13
1 16
1 17
1 18
1 19
1 20
1 22
1 24
1 27
1 29
1 30
1 31
1 33
1 35
1 36
1 37
1 39
1 40
1 41
1 42
1 44
1 46
1 50
1 52
1 53
1 54
1 55
1 57
1 58
1 59
1 63
1 64
1 65
1 66
1 67
1 68
1 69
1 70
1 77
1 79
1 80
1 82
1 83
1 84
1 85
1 86
1 87
1 88
1 89
1 93
1 95
1 98
1 101
1 105
1 106
1 107
1 109
1 110
1 111
1 112
1 113
1 114
1 115
1 118
1 119
1 126
1 131
1 132
1 138
1 139
1 140
1 141
1 142
1 143
1 145
1 147
1 148
1 149
1 150
1 152
1 157
1 160
1 161
1 163
1 164
1 165
1 166
1 167
1 169
1 170
1 172
1 173
1 174
1 175
1 176
1 177
1 178
1 179
1 180
1 182
1 185
1 186
1 187
1 189
1 192
1 193
1 195
1 196
1 198
2 4
2 5
2 6
2 7
2 9
2 10
2 11
2 12
2 13
2 15
2 17
2 18
2 19
2 20
2 22
2 24
2 28
2 30
2 32
2 36
2 39
2 40
2 41
2 43
2 45
2 46
2 48
2 49
2 52
2 53
2 54
2 56
2 58
2 61
2 62
2 67
2 68
2 70
2 71
2 74
2 75
2 76
2 77
2 78
2 79
2 80
2 81
2 83
2 85
2 87
2 88
2 89
2 92
2 93
2 95
2 96
2 99
2 102
2 103
2 104
2 108
2 109
2 110
2 111
2 112
2 113
2 114
2 116
2 117
2 120
2 121
2 122
2 123
2 124
2 125
2 126
2 127
2 129
2 130
2 131
2 132
2 133
2 134
2 137
2 138
2 139
2 140
2 142
2 146
2 147
2 148
2 149
2 151
2 153
2 155
2 156
2 158
2 160
2 161
2 163
2 165
2 166
2 167
2 168
2 170
2 171
2 172
2 173
2 174
2 175
2 176
2 177
2 180
2 181
2 183
2 184
2 185
2 187
2 190
2 191
2 192
2 195
2 197
3 4
3 5
3 6
3 10
3 11
3 12
3 13
3 14
3 16
3 17
3 19
3 20
3 22
3 23
3 25
3 27
3 28
3 30
3 31
3 32
3 33
3 34
3 36
3 38
3 39
3 42
3 43
3 45
3 48
3 51
3 52
3 53
3 54
3 55
3 58
3 63
3 65
3 70
3 71
3 72
3 73
3 75
3 78
3 81
3 82
3 83
3 84
3 85
3 86
3 88
3 92
3 96
3 98
3 99
3 100
3 102
3 103
3 104
3 105
3 109
3 110
3 111
3 113
3 115
3 121
3 122
3 123
3 124
3 128
3 129
3 132
3 139
3 143
3 144
3 146
3 148
3 149
3 152
3 154
3 155
3 156
3 158
3 159
3 160
3 163
3 165
3 166
3 169
3 175
3 176
3 177
3 179
3 180
3 182
3 184
3 185
3 187
3 188
3 191
3 192
3 194
3 195
3 196
3 197
3 198
3 199
4 5
4 11
4 12
4 13
4 14
4 15
4 21
4 22
4 24
4 25
4 26
4 28
4 30
4 36
4 39
4 41
4 45
4 46
4 47
4 48
4 50
4 52
4 55
4 56
4 59
4 60
4 61
4 63
4 64
4 65
4 68
4 71
4 75
4 79
4 81
4 82
4 84
4 85
4 87
4 88
4 89
4 90
4 92
4 96
4 97
4 99
4 100
4 102
4 106
4 107
4 108
4 109
4 113
4 115
4 116
4 117
4 118
4 119
4 120
4 122
4 125
4 126
4 127
4 129
4 130
4 131
4 132
4 133
4 134
4 137
4 138
4 139
4 140
4 141
4 142
4 143
4 145
4 148
4 149
4 150
4 151
4 153
4 154
4 155
4 156
4 157
4 158
4 160
4 161
4 162
4 166
4 168
4 171
4 173
4 177
4 178
4 179
4 181
4 183
4 184
4 185
4 187
4 188
4 189
4 190
4 192
4 194
4 195
4 197
4 198
5 6
5 8
5 9
5 14
5 15
5 16
5 18
5 19
5 21
5 23
5 25
5 28
5 31
5 34
5 37
5 39
5 41
5 44
5 45
5 46
5 47
5 48
5 49
5 51
5 52
5 53
5 54
5 55
5 58
5 59
5 60
5 61
5 63
5 65
5 66
5 67
5 68
5 69
5 70
5 71
5 73
5 75
5 77
5 79
5 80
5 81
5 83
5 85
5 86
5 87
5 88
5 90
5 92
5 93
5 97
5 98
5 101
5 102
5 103
5 104
5 108
5 111
5 112
5 113
5 116
5 117
5 118
5 119
5 123
5 124
5 125
5 126
5 128
5 129
5 132
5 133
5 135
5 136
5 137
5 138
5 140
5 141
5 142
5 144
5 146
5 147
5 148
5 149
5 150
5 152
5 155
5 156
5 158
5 159
5 160
5 161
5 162
5 163
5 165
5 166
5 167
5 168
5 169
5 172
5 175
5 179
5 180
5 181
5 183
5 184
5 185
5 186
5 187
5 191
5 192
5 194
5 195
5 196
5 198
5 199
6 7
6 9
6 10
6 14
6 19
6 20
6 21
6 23
6 24
6 26
6 27
6 29
6 31
6 32
6 33
6 34
6 35
6 36
6 38
6 40
6 42
6 43
6 44
6 46
6 47
6 49
6 50
6 53
6 54
6 56
6 58
6 61
6 63
6 64
6 65
6 66
6 67
6 68
6 69
6 72
6 74
6 75
6 76
6 77
6 80
6 81
6 82
6 84
6 85
6 88
6 89
6 91
6 92
6 93
6 94
6 95
6 97
6 98
6 101
6 102
6 104
6 105
6 107
6 109
6 110
6 111
6 116
6 117
6 118
6 121
6 122
6 123
6 124
6 125
6 127
6 129
6 130
6 133
6 134
6 135
6 136
6 137
6 138
6 140
6 141
6 142
6 143
6 146
6 148
6 149
6 150
6 157
6 158
6 160
6 161
6 162
6 163
6 164
6 165
6 166
6 167
6 168
6 169
6 170
6 171
6 172
6 174
6 179
6 180
6 181
6 183
6 185
6 186
6 187
6 188
6 189
6 191
6 192
6 193
6 195
6 196
6 198
6 199
7 9
7 10
7 12
7 19
7 20
7 23
7 26
7 28
7 29
7 30
7 31
7 32
7 34
7 37
7 38
7 40
7 42
7 46
7 48
7 50
7 51
7 52
7 55
7 56
7 58
7 60
7 61
7 64
7 65
7 66
7 68
7 69
7 71
7 72
7 74
7 75
7 79
7 84
7 88
7 89
7 90
7 91
7 92
7 95
7 96
7 101
7 103
7 106
7 108
7 109
7 110
7 111
7 112
7 113
7 114
7 115
7 117
7 119
7 122
7 123
7 125
7 126
7 129
7 130
7 132
7 133
7 134
7 137
7 139
7 140
7 142
7 143
7 145
7 146
7 147
7 148
7 150
7 151
7 152
7 155
7 156
7 158
7 160
7 161
7 162
7 163
7 164
7 165
7 166
7 167
7 168
7 170
7 171
7 173
7 174
7 175
7 178
7 179
7 180
7 181
7 184
7 185
7 186
7 187
7 188
7 189
7 190
7 191
7 193
7 195
7 196
7 197
7 198
8 9
8 13
8 14
8 15
8 16
8 17
8 18
8 21
8 25
8 26
8 27
8 28
8 29
8 30
8 31
8 33
8 34
8 36
8 37
8 38
8 39
8 42
8 48
8 50
8 55
8 57
8 58
8 59
8 61
8 62
8 67
8 69
8 70
8 73
8 74
8 75
8 77
8 81
8 82
8 85
8 87
8 89
8 92
8 93
8 95
8 101
8 102
8 106
8 107
8 108
8 112
8 114
8 117
8 118
8 119
8 122
8 123
8 124
8 125
8 126
8 128
8 129
8 130
8 131
8 133
8 134
8 135
8 136
8 138
8 139
8 141
8 143
8 144
8 145
8 147
8 149
8 150
8 151
8 153
8 154
8 156
8 158
8 160
8 162
8 163
8 164
8 166
8 167
8 168
8 170
8 174
8 175
8 176
8 177
8 178
8 180
8 181
8 183
8 184
8 187
8 191
8 193
8 194
8 195
8 198
8 199
9 12
9 13
9 14
9 17
9 18
9 19
9 21
9 22
9 23
9 25
9 26
9 27
9 28
9 31
9 32
9 34
9 37
9 40
9 41
9 42
9 44
9 45
9 46
9 47
9 49
9 50
9 53
9 56
9 57
9 61
9 63
9 64
9 68
9 71
9 72
9 73
9 74
9 75
9 76
9 78
9 79
9 81
9 85
9 86
9 87
9 88
9 89
9 93
9 95
9 96
9 97
9 98
9 100
9 101
9 103
9 104
9 105
9 109
9 110
9 111
9 113
9 114
9 115
9 117
9 119
9 121
9 123
9 124
9 125
9 128
9 129
9 131
9 132
9 133
9 134
9 135
9 136
9 137
9 141
9 142
9 143
9 145
9 146
9 147
9 148
9 152
9 154
9 158
9 161
9 162
9 163
9 164
9 165
9 168
9 170
9 172
9 173
9 176
9 177
9 178
9 181
9 183
9 184
9 186
9 187
9 188
9 189
9 191
9 193
9 197
9 198
9 199
10 12
10 13
10 15
10 16
10 18
10 19
10 22
10 23
10 24
10 25
10 26
10 27
10 29
10 31
10 33
10 37
10 39
10 41
10 46
10 47
10 49
10 50
10 51
10 53
10 56
10 57
10 58
10 59
10 60
10 61
10 64
10 65
10 71
10 74
10 75
10 76
10 77
10 79
10 80
10 81
10 82
10 83
10 88
10 89
10 90
10 92
10 93
10 94
10 95
10 97
10 98
10 99
10 100
10 101
10 102
10 104
10 105
10 106
10 107
10 109
10 110
10 111
10 113
10 115
10 116
10 121
10 122
10 123
10 125
10 129
10 130
10 134
10 135
10 136
10 137
10 138
10 139
10 141
10 142
10 143
10 144
10 145
10 153
10 154
10 155
10 157
10 158
10 159
10 160
10 163
10 164
10 165
10 166
10 167
10 170
10 172
10 173
10 175
10 176
10 178
10 179
10 180
10 181
10 182
10 183
10 184
10 185
10 188
10 189
10 190
10 191
10 194
10 195
10 197
10 199
11 12
11 14
11 17
11 20
11 22
11 23
11 24
11 25
11 26
11 27
11 29
11 30
11 31
11 32
11 33
11 34
11 36
11 39
11 42
11 43
11 46
11 47
11 50
11 51
11 52
11 53
11 54
11 56
11 57
11 58
11 59
11 60
11 65
11 66
11 67
11 69
11 71
11 74
11 77
11 80
11 81
11 82
11 83
11 84
11 86
11 88
11 91
11 92
11 93
11 95
11 96
11 99
11 100
11 102
11 104
11 105
11 106
11 107
11 108
11 110
11 111
11 112
11 114
11 117
11 120
11 121
11 122
11 124
11 125
11 126
11 127
11 129
11 130
11 132
11 137
11 138
11 139
11 141
11 143
11 144
11 146
11 147
11 149
11 151
11 152
11 154
11 155
11 156
11 158
11 159
11 160
11 161
11 164
11 165
11 168
11 169
11 171
11 172
11 173
11 175
11 177
11 178
11 179
11 180
11 183
11 184
11 186
11 187
11 188
11 189
11 190
11 191
11 193
11 194
11 195
11 198
11 199
12 13
12 14
12 15
12 16
12 17
12 18
12 21
12 22
12 25
12 27
12 28
12 30
12 31
12 32
12 34
12 36
12 37
12 38
12 39
12 42
12 44
12 45
12 46
12 47
12 48
12 51
12 52
12 53
12 54
12 55
12 60
12 61
12 63
12 65
12 66
12 67
12 68
12 71
12 72
12 73
12 74
12 77
12 78
12 81
12 82
12 83
12 85
12 86
12 87
12 89
12 91
12 94
12 97
12 98
12 101
12 102
12 105
12 107
12 108
12 109
12 110
12 111
12 112
12 113
12 115
12 116
12 118
12 119
12 120
12 121
12 122
12 123
12 125
12 126
12 128
12 131
12 132
12 133
12 134
12 135
12 136
12 137
12 138
12 139
12 140
12 142
12 145
12 147
12 148
12 151
12 152
12 153
12 155
12 156
12 159
12 160
12 161
12 162
12 164
12 166
12 168
12 169
12 171
12 173
12 174
12 175
12 179
12 181
12 182
12 183
12 184
12 186
12 188
12 189
12 190
12 193
12 194
12 195
12 199
13 14
13 15
13 16
13 17
13 18
13 21
13 25
13 26
13 27
13 28
13 31
13 32
13 36
13 37
13 38
13 39
13 40
13 41
13 42
13 45
13 46
13 48
13 49
13 52
13 54
13 55
13 56
13 59
13 62
13 65
13 66
13 67
13 68
13 69
13 70
13 72
13 74
13 76
13 83
13 86
13 87
13 89
13 91
13 93
13 94
13 99
13 100
13 101
13 102
13 103
13 104
13 106
13 107
13 108
13 109
13 112
13 114
13 115
13 116
13 117
13 118
13 119
13 122
13 123
13 124
13 125
13 126
13 127
13 130
13 131
13 133
13 134
13 137
13 138
13 139
13 140
13 141
13 143
13 144
13 145
13 147
13 148
13 150
13 151
13 152
13 153
13 154
13 155
13 156
13 158
13 160
13 161
13 162
13 169
13 172
13 173
13 175
13 177
13 179
13 182
13 185
13 187
13 189
13 191
13 192
13 195
13 197
13 199
14 17
14 18
14 20
14 22
14 25
14 26
14 28
14 30
14 31
14 32
14 33
14 34
14 35
14 36
14 37
14 39
14 42
14 47
14 48
14 50
14 52
14 54
14 56
14 58
14 59
14 60
14 61
14 62
14 63
14 64
14 66
14 69
14 70
14 74
14 75
14 79
14 80
14 82
14 83
14 84
14 85
14 87
14 89
14 90
14 92
14 94
14 95
14 96
14 102
14 103
14 107
14 109
14 110
14 112
14 113
14 114
14 115
14 116
14 118
14 120
14 124
14 126
14 129
14 131
14 133
14 134
14 135
14 136
14 138
14 139
14 141
14 143
14 145
14 146
14 148
14 150
14 151
14 152
14 153
14 155
14 160
14 161
14 162
14 165
14 166
14 167
14 168
14 169
14 172
14 174
14 175
14 176
14 177
14 178
14 179
14 180
14 181
14 187
14 189
14 192
14 195
14 196
14 197
14 198
15 16
15 17
15 18
15 22
15 23
15 25
15 28
15 30
15 34
15 35
15 36
15 37
15 38
15 41
15 42
15 44
15 45
15 47
15 48
15 49
15 50
15 51
15 54
15 55
15 58
15 60
15 62
15 63
15 64
15 65
15 66
15 67
15 68
15 69
15 71
15 72
15 74
15 75
15 78
15 80
15 81
15 82
15 83
15 84
15 85
15 86
15 87
15 89
15 90
15 91
15 92
15 93
15 95
15 96
15 97
15 99
15 101
15 102
15 103
15 104
15 105
15 106
15 107
15 108
15 109
15 111
15 112
15 113
15 115
15 119
15 120
15 121
15 125
15 128
15 129
15 130
15 131
15 133
15 135
15 136
15 137
15 138
15 139
15 140
15 142
15 143
15 144
15 145
15 146
15 148
15 149
15 150
15 151
15 152
15 153
15 154
15 156
15 158
15 159
15 161
15 163
15 165
15 166
15 168
15 169
15 170
15 171
15 172
15 173
15 174
15 175
15 176
15 178
15 180
15 182
15 184
15 185
15 187
15 188
15 189
15 190
15 191
15 192
15 194
15 195
15 196
15 197
16 17
16 20
16 21
16 23
16 28
16 30
16 32
16 34
16 35
16 36
16 38
16 41
16 42
16 44
16 45
16 46
16 47
16 48
16 50
16 51
16 52
16 53
16 54
16 57
16 63
16 65
16 69
16 70
16 71
16 80
16 81
16 83
16 86
16 87
16 89
16 94
16 97
16 99
16 101
16 102
16 103
16 104
16 106
16 107
16 109
16 110
16 111
16 115
16 118
16 119
16 120
16 121
16 123
16 125
16 126
16 131
16 132
16 133
16 134
16 138
16 140
16 141
16 142
16 145
16 146
16 147
16 148
16 149
16 150
16 151
16 156
16 157
16 158
16 160
16 161
16 162
16 163
16 165
16 167
16 168
16 169
16 174
16 175
16 177
16 178
16 183
16 184
16 185
16 186
16 187
16 188
16 190
16 191
16 192
16 193
16 194
16 195
16 196
16 197
16 198
16 199
17 18
17 20
17 21
17 25
17 27
17 28
17 29
17 30
17 31
17 33
17 34
17 35
17 36
17 37
17 38
17 39
17 40
17 42
17 44
17 46
17 47
17 48
17 50
17 51
17 52
17 53
17 54
17 55
17 57
17 58
17 59
17 60
17 61
17 67
17 68
17 70
17 71
17 72
17 74
17 75
17 76
17 78
17 80
17 81
17 82
17 85
17 86
17 87
17 90
17 91
17 92
17 93
17 95
17 98
17 99
17 100
17 101
17 102
17 103
17 104
17 106
17 107
17 109
17 110
17 111
17 112
17 115
17 118
17 119
17 120
17 121
17 122
17 123
17 125
17 127
17 129
17 131
17 132
17 134
17 135
17 136
17 137
17 139
17 143
17 144
17 146
17 147
17 148
17 150
17 151
17 152
17 153
17 156
17 157
17 159
17 160
17 161
17 162
17 163
17 169
17 171
17 172
17 173
17 175
17 176
17 177
17 178
17 179
17 180
17 181
17 182
17 183
17 184
17 185
17 186
17 188
17 189
17 190
17 191
17 192
17 193
17 194
17 195
17 196
17 198
18 19
18 20
18 21
18 22
18 23
18 24
18 26
18 27
18 31
18 33
18 35
18 36
18 39
18 41
18 45
18 46
18 47
18 50
18 53
18 54
18 56
18 59
18 61
18 62
18 63
18 65
18 70
18 72
18 73
18 75
18 76
18 80
18 82
18 83
18 84
18 85
18 86
18 87
18 89
18 90
18 92
18 93
18 94
18 95
18 97
18 98
18 102
18 105
18 106
18 107
18 108
18 109
18 110
18 111
18 112
18 113
18 115
18 116
18 117
18 119
18 121
18 124
18 125
18 126
18 127
18 128
18 129
18 132
18 135
18 137
18 138
18 141
18 143
18 144
18 147
18 151
18 153
18 155
18 156
18 157
18 158
18 159
18 160
18 162
18 163
18 164
18 165
18 166
18 169
18 170
18 172
18 174
18 176
18 181
18 182
18 183
18 186
18 187
18 189
18 190
18 191
18 193
18 194
18 195
18 196
18 197
18 198
18 199
19 21
19 23
19 24
19 25
19 28
19 29
19 30
19 31
19 34
19 36
19 37
19 38
19 39
19 40
19 41
19 43
19 44
19 45
19 46
19 47
19 48
19 49
19 50
19 51
19 53
19 55
19 56
19 59
19 62
19 63
19 64
19 66
19 67
19 68
19 69
19 71
19 72
19 74
19 76
19 78
19 79
19 81
19 83
19 86
19 87
19 88
19 91
19 92
19 93
19 94
19 97
19 98
19 99
19 101
19 102
19 103
19 110
19 111
19 112
19 113
19 114
19 115
19 117
19 118
19 119
19 120
19 123
19 124
19 126
19 127
19 128
19 129
19 133
19 134
19 137
19 139
19 141
19 142
19 145
19 148
19 149
19 153
19 154
19 155
19 156
19 157
19 159
19 160
19 161
19 162
19 164
19 166
19 168
19 172
19 174
19 175
19 176
19 177
19 179
19 181
19 183
19 185
19 186
19 187
19 188
19 191
19 193
19 195
19 198
19 199
20 22
20 23
20 25
20 27
20 28
20 30
20 31
20 35
20 36
20 37
20 39
20 41
20 42
20 43
20 44
20 46
20 50
20 52
20 53
20 54
20 56
20 58
20 59
20 60
20 62
20 64
20 67
20 69
20 71
20 72
20 74
20 75
20 76
20 77
20 79
20 80
20 81
20 84
20 88
20 90
20 91
20 93
20 94
20 95
20 96
20 97
20 98
20 99
20 101
20 102
20 104
20 105
20 106
20 107
20 109
20 111
20 113
20 114
20 116
20 118
20 120
20 121
20 123
20 124
20 125
20 126
20 127
20 129
20 130
20 131
20 132
20 134
20 135
20 139
20 140
20 141
20 142
20 143
20 145
20 148
20 150
20 152
20 154
20 157
20 158
20 159
20 161
20 162
20 164
20 165
20 166
20 167
20 169
20 173
20 175
20 176
20 178
20 180
20 182
20 184
20 185
20 189
20 195
20 197
20 198
20 199
21 25
21 26
21 29
21 32
21 33
21 34
21 35
21 36
21 37
21 38
21 41
21 43
21 44
21 45
21 49
21 50
21 52
21 53
21 54
21 55
21 56
21 57
21 61
21 62
21 63
21 67
21 68
21 70
21 71
21 75
21 76
21 77
21 78
21 79
21 81
21 82
21 84
21 85
21 86
21 87
21 88
21 91
21 92
21 94
21 95
21 96
21 97
21 101
21 103
21 104
21 106
21 107
21 108
21 111
21 113
21 114
21 117
21 119
21 123
21 125
21 126
21 127
21 128
21 130
21 131
21 132
21 134
21 135
21 137
21 138
21 139
21 140
21 141
21 143
21 144
21 145
21 146
21 149
21 150
21 151
21 154
21 155
21 156
21 159
21 161
21 163
21 167
21 168
21 169
21 171
21 172
21 173
21 174
21 175
21 176
21 178
21 180
21 182
21 183
21 184
21 185
21 186
21 187
21 190
21 191
21 192
21 193
21 195
21 196
21 197
21 198
21 199
22 23
22 24
22 25
22 26
22 27
22 29
22 30
22 34
22 37
22 38
22 45
22 46
22 47
22 49
22 50
22 51
22 52
22 53
22 54
22 55
22 56
22 57
22 59
22 60
22 62
22 64
22 65
22 66
22 67
22 69
22 70
22 71
22 72
22 73
22 76
22 77
22 78
22 83
22 84
22 85
22 86
22 87
22 90
22 93
22 94
22 95
22 98
22 99
22 100
22 101
22 103
22 104
22 105
22 106
22 107
22 108
22 111
22 114
22 115
22 117
22 118
22 121
22 125
22 127
22 128
22 130
22 135
22 136
22 141
22 142
22 145
22 147
22 148
22 149
22 152
22 153
22 154
22 155
22 158
22 160
22 163
22 164
22 170
22 171
22 172
22 173
22 174
22 175
22 176
22 177
22 178
22 179
22 182
22 183
22 186
22 188
22 189
22 190
22 191
22 192
22 193
22 196
22 198
22 199
23 24
23 25
23 35
23 36
23 37
23 38
23 40
23 41
23 43
23 45
23 48
23 49
23 51
23 52
23 54
23 56
23 57
23 58
23 61
23 62
23 63
23 64
23 67
23 68
23 73
23 75
23 76
23 77
23 81
23 82
23 87
23 91
23 92
23 93
23 95
23 96
23 97
23 99
23 102
23 105
23 108
23 110
23 111
23 112
23 113
23 116
23 117
23 118
23 119
23 120
23 121
23 122
23 123
23 124
23 125
23 126
23 127
23 128
23 130
23 133
23 134
23 136
23 138
23 141
23 142
23 143
23 144
23 145
23 147
23 149
23 150
23 151
23 152
23 154
23 155
23 156
23 157
23 158
23 159
23 162
23 165
23 172
23 173
23 174
23 175
23 176
23 177
23 178
23 179
23 180
23 182
23 184
23 185
23 186
23 187
23 189
23 190
23 191
23 193
23 194
23 195
23 196
23 197
23 198
24 25
24 26
24 27
24 28
24 29
24 30
24 32
24 33
24 36
24 37
24 38
24 40
24 44
24 45
24 46
24 51
24 53
24 54
24 59
24 61
24 65
24 66
24 67
24 68
24 69
24 70
24 71
24 72
24 75
24 76
24 77
24 78
24 81
24 82
24 83
24 85
24 86
24 88
24 89
24 90
24 91
24 92
24 93
24 96
24 97
24 98
24 99
24 100
24 105
24 106
24 107
24 108
24 110
24 114
24 116
24 117
24 118
24 119
24 120
24 122
24 123
24 125
24 126
24 128
24 130
24 132
24 133
24 134
24 136
24 137
24 139
24 142
24 144
24 145
24 148
24 149
24 150
24 151
24 152
24 153
24 154
24 155
24 156
24 157
24 158
24 160
24 161
24 162
24 163
24 164
24 167
24 168
24 169
24 170
24 171
24 173
24 174
24 175
24 176
24 177
24 178
24 180
24 182
24 183
24 185
24 188
24 189
24 190
24 193
24 194
24 195
24 196
24 198
24 199
25 26
25 27
25 28
25 29
25 30
25 31
25 33
25 36
25 37
25 38
25 39
25 40
25 42
25 44
25 45
25 46
25 47
25 48
25 51
25 52
25 53
25 54
25 55
25 58
25 62
25 65
25 66
25 67
25 68
25 69
25 70
25 71
25 72
25 76
25 77
25 79
25 80
25 82
25 83
25 85
25 86
25 89
25 91
25 93
25 96
25 98
25 99
25 100
25 101
25 102
25 107
25 108
25 110
25 111
25 113
25 114
25 116
25 117
25 119
25 120
25 123
25 125
25 127
25 129
25 130
25 132
25 136
25 138
25 141
25 142
25 143
25 144
25 145
25 146
25 147
25 148
25 149
25 151
25 152
25 154
25 155
25 157
25 159
25 161
25 162
25 164
25 166
25 167
25 168
25 169
25 170
25 171
25 172
25 173
25 174
25 175
25 176
25 178
25 180
25 181
25 183
25 185
25 186
25 187
25 188
25 190
25 191
25 192
25 193
25 194
25 196
25 197
26 27
26 28
26 29
26 31
26 33
26 34
26 38
26 39
26 40
26 42
26 49
26 50
26 51
26 52
26 53
26 54
26 55
26 56
26 58
26 59
26 60
26 62
26 64
26 65
26 67
26 69
26 71
26 72
26 76
26 79
26 80
26 81
26 82
26 83
26 85
26 86
26 88
26 89
26 90
26 91
26 93
26 97
26 99
26 100
26 104
26 107
26 108
26 109
26 110
26 111
26 113
26 114
26 115
26 119
26 120
26 124
26 126
26 127
26 128
26 129
26 130
26 131
26 132
26 134
26 135
26 136
26 138
26 140
26 141
26 146
26 152
26 155
26 156
26 157
26 159
26 160
26 164
26 166
26 169
26 170
26 171
26 172
26 173
26 174
26 175
26 176
26 177
26 179
26 180
26 181
26 182
26 183
26 184
26 186
26 187
26 189
26 190
26 192
26 194
26 195
26 197
26 198
26 199
27 28
27 29
27 30
27 31
27 32
27 33
27 34
27 35
27 39
27 41
27 43
27 44
27 45
27 46
27 47
27 48
27 49
27 51
27 57
27 60
27 61
27 62
27 64
27 66
27 67
27 69
27 70
27 71
27 73
27 74
27 75
27 76
27 78
27 79
27 81
27 84
27 87
27 88
27 90
27 92
27 93
27 95
27 97
27 98
27 99
27 101
27 103
27 104
27 107
27 108
27 110
27 112
27 113
27 114
27 115
27 116
27 117
27 118
27 119
27 120
27 121
27 122
27 126
27 128
27 130
27 131
27 139
27 140
27 141
27 142
27 148
27 152
27 153
27 154
27 156
27 157
27 158
27 159
27 160
27 161
27 163
27 164
27 165
27 166
27 169
27 171
27 173
27 174
27 177
27 178
27 183
27 184
27 187
27 190
27 191
27 192
27 194
27 195
27 196
27 197
28 29
28 31
28 32
28 33
28 34
28 35
28 36
28 37
28 38
28 39
28 41
28 43
28 44
28 45
28 46
28 49
28 50
28 53
28 54
28 56
28 58
28 59
28 60
28 63
28 65
28 66
28 67
28 68
28 69
28 70
28 71
28 72
28 73
28 75
28 77
28 78
28 80
28 81
28 82
28 83
28 88
28 89
28 92
28 93
28 96
28 100
28 101
28 102
28 103
28 104
28 109
28 110
28 111
28 112
28 113
28 114
28 115
28 116
28 119
28 121
28 122
28 123
28 124
28 125
28 126
28 127
28 131
28 132
28 133
28 135
28 139
28 140
28 141
28 143
28 145
28 146
28 147
28 149
28 150
28 151
28 153
28 154
28 156
28 157
28 158
28 161
28 163
28 164
28 165
28 167
28 170
28 175
28 177
28 180
28 181
28 183
28 184
28 185
28 189
28 190
28 191
28 192
29 31
29 34
29 36
29 37
29 38
29 39
29 40
29 44
29 45
29 46
29 47
29 49
29 50
29 51
29 53
29 54
29 57
29 60
29 61
29 62
29 64
29 68
29 70
29 71
29 72
29 75
29 76
29 77
29 79
29 81
29 82
29 83
29 85
29 86
29 88
29 89
29 90
29 91
29 92
29 93
29 95
29 96
29 100
29 102
29 104
29 106
29 110
29 111
29 112
29 113
29 114
29 115
29 116
29 117
29 118
29 120
29 121
29 122
29 129
29 130
29 132
29 134
29 136
29 140
29 145
29 148
29 149
29 151
29 152
29 153
29 155
29 156
29 159
29 161
29 165
29 167
29 171
29 173
29 174
29 175
29 176
29 177
29 178
29 179
29 182
29 183
29 184
29 186
29 189
29 192
29 193
29 194
29 195
29 198
30 31
30 33
30 34
30 35
30 37
30 38
30 39
30 40
30 44
30 45
30 47
30 51
30 52
30 53
30 55
30 56
30 57
30 60
30 61
30 63
30 65
30 68
30 71
30 73
30 74
30 78
30 81
30 82
30 84
30 85
30 86
30 87
30 90
30 91
30 92
30 97
30 98
30 99
30 100
30 101
30 102
30 105
30 106
30 110
30 111
30 118
30 119
30 127
30 128
30 129
30 132
30 133
30 134
30 137
30 138
30 139
30 140
30 141
30 142
30 144
30 145
30 146
30 147
30 148
30 150
30 154
30 155
30 157
30 158
30 161
30 162
30 164
30 167
30 168
30 169
30 171
30 172
30 174
30 175
30 178
30 180
30 183
30 184
30 185
30 187
30 188
30 190
30 191
30 193
30 194
30 195
30 196
30 197
30 198
30 199
31 32
31 33
31 34
31 36
31 38
31 41
31 42
31 43
31 44
31 46
31 48
31 49
31 50
31 51
31 55
31 56
31 61
31 62
31 66
31 67
31 69
31 71
31 72
31 74
31 75
31 76
31 77
31 80
31 81
31 82
31 83
31 84
31 86
31 87
31 91
31 92
31 94
31 97
31 98
31 100
31 101
31 102
31 104
31 106
31 109
31 110
31 111
31 112
31 113
31 116
31 121
31 123
31 124
31 126
31 130
31 131
31 134
31 135
31 137
31 138
31 139
31 140
31 141
31 142
31 143
31 144
31 146
31 154
31 155
31 156
31 157
31 158
31 159
31 160
31 161
31 163
31 166
31 167
31 168
31 170
31 171
31 172
31 173
31 179
31 182
31 183
31 184
31 185
31 188
31 190
31 196
31 197
31 198
31 199
32 34
32 35
32 38
32 40
32 42
32 44
32 45
32 46
32 48
32 49
32 51
32 52
32 53
32 56
32 57
32 62
32 68
32 70
32 71
32 72
32 73
32 76
32 80
32 83
32 84
32 85
32 86
32 88
32 90
32 91
32 92
32 93
32 94
32 97
32 98
32 99
32 100
32 101
32 102
32 103
32 104
32 105
32 106
32 108
32 109
32 110
32 111
32 112
32 114
32 117
32 118
32 119
32 121
32 126
32 128
32 129
32 130
32 131
32 132
32 133
32 134
32 136
32 137
32 138
32 140
32 141
32 142
32 144
32 145
32 148
32 149
32 151
32 152
32 153
32 154
32 155
32 156
32 157
32 158
32 159
32 161
32 162
32 163
32 164
32 165
32 166
32 167
32 168
32 169
32 170
32 171
32 176
32 178
32 182
32 183
32 184
32 188
32 189
32 191
32 193
32 195
32 198
32 199
33 36
33 37
33 39
33 41
33 46
33 47
33 48
33 49
33 51
33 52
33 54
33 57
33 58
33 59
33 60
33 63
33 64
33 66
33 69
33 72
33 74
33 79
33 80
33 82
33 85
33 86
33 87
33 88
33 89
33 90
33 91
33 92
33 93
33 94
33 95
33 97
33 98
33 99
33 101
33 105
33 106
33 107
33 108
33 110
33 111
33 113
33 115
33 116
33 117
33 120
33 122
33 123
33 124
33 125
33 126
33 130
33 132
33 133
33 134
33 138
33 139
33 140
33 143
33 144
33 145
33 148
33 152
33 153
33 154
33 157
33 159
33 160
33 161
33 164
33 167
33 168
33 169
33 170
33 172
33 173
33 174
33 175
33 176
33 177
33 178
33 180
33 181
33 184
33 187
33 190
33 191
33 192
33 194
33 195
33 196
33 197
33 198
33 199
34 35
34 36
34 39
34 40
34 41
34 42
34 43
34 45
34 46
34 47
34 48
34 49
34 51
34 52
34 53
34 54
34 57
34 58
34 60
34 64
34 65
34 66
34 70
34 71
34 72
34 73
34 74
34 75
34 77
34 79
34 81
34 82
34 83
34 85
34 91
34 93
34 94
34 95
34 98
34 100
34 103
34 104
34 105
34 107
34 108
34 110
34 111
34 113
34 115
34 119
34 120
34 121
34 125
34 126
34 127
34 130
34 131
34 132
34 134
34 135
34 136
34 137
34 138
34 139
34 141
34 142
34 145
34 149
34 151
34 153
34 157
34 160
34 161
34 163
34 164
34 166
34 167
34 168
34 169
34 174
34 175
34 176
34 180
34 182
34 183
34 186
34 187
34 191
34 192
34 193
34 196
34 198
34 199
35 39
35 41
35 42
35 46
35 47
35 48
35 50
35 51
35 52
35 53
35 54
35 57
35 60
35 61
35 62
35 64
35 67
35 68
35 71
35 74
35 75
35 76
35 79
35 81
35 82
35 83
35 84
35 85
35 86
35 91
35 95
35 96
35 101
35 102
35 103
35 104
35 105
35 106
35 107
35 108
35 109
35 110
35 111
35 117
35 118
35 119
35 120
35 121
35 123
35 124
35 125
35 126
35 127
35 130
35 131
35 132
35 134
35 136
35 137
35 138
35 144
35 145
35 146
35 147
35 149
35 151
35 152
35 153
35 154
35 155
35 158
35 159
35 160
35 162
35 163
35 164
35 165
35 168
35 170
35 171
35 172
35 174
35 176
35 177
35 178
35 179
35 180
35 182
35 184
35 185
35 186
35 189
35 190
35 191
35 194
35 195
35 197
36 37
36 38
36 41
36 42
36 46
36 47
36 48
36 50
36 51
36 53
36 54
36 56
36 57
36 59
36 62
36 63
36 64
36 66
36 67
36 70
36 71
36 73
36 74
36 76
36 77
36 78
36 82
36 84
36 85
36 86
36 87
36 88
36 89
36 91
36 92
36 95
36 96
36 97
36 98
36 100
36 101
36 102
36 103
36 104
36 106
36 108
36 109
36 111
36 113
36 114
36 115
36 116
36 117
36 118
36 122
36 123
36 124
36 125
36 127
36 132
36 133
36 135
36 136
36 137
36 141
36 144
36 145
36 146
36 147
36 148
36 152
36 153
36 155
36 157
36 158
36 159
36 160
36 167
36 169
36 171
36 172
36 173
36 174
36 175
36 178
36 179
36 181
36 182
36 184
36 186
36 188
36 189
36 190
36 191
36 194
36 197
36 199
37 38
37 41
37 42
37 43
37 45
37 48
37 50
37 51
37 52
37 53
37 54
37 55
37 56
37 59
37 60
37 62
37 63
37 64
37 65
37 66
37 67
37 69
37 70
37 71
37 72
37 74
37 76
37 77
37 79
37 81
37 82
37 83
37 86
37 87
37 89
37 90
37 92
37 93
37 94
37 95
37 99
37 100
37 101
37 102
37 103
37 104
37 106
37 108
37 112
37 113
37 116
37 119
37 120
37 121
37 122
37 124
37 125
37 126
37 128
37 129
37 131
37 135
37 136
37 138
37 139
37 142
37 144
37 145
37 146
37 148
37 149
37 150
37 151
37 152
37 153
37 155
37 156
37 157
37 158
37 159
37 160
37 161
37 164
37 165
37 166
37 168
37 170
37 171
37 172
37 173
37 174
37 175
37 176
37 177
37 179
37 181
37 182
37 184
37 188
37 190
37 191
37 193
37 194
37 195
37 196
37 198
38 39
38 41
38 42
38 43
38 44
38 45
38 46
38 47
38 48
38 49
38 50
38 51
38 52
38 53
38 56
38 57
38 58
38 59
38 60
38 61
38 62
38 63
38 64
38 66
38 71
38 72
38 74
38 75
38 80
38 81
38 85
38 87
38 88
38 90
38 93
38 94
38 95
38 96
38 97
38 98
38 99
38 100
38 101
38 102
38 103
38 104
38 105
38 106
38 108
38 109
38 111
38 112
38 113
38 114
38 116
38 117
38 118
38 120
38 123
38 124
38 125
38 127
38 129
38 131
38 132
38 133
38 134
38 137
38 141
38 143
38 146
38 148
38 149
38 150
38 151
38 153
38 154
38 155
38 156
38 157
38 162
38 165
38 167
38 168
38 172
38 174
38 176
38 179
38 180
38 181
38 182
38 183
38 185
38 186
38 187
38 188
38 190
38 191
38 192
38 194
38 196
38 199
39 40
39 43
39 47
39 48
39 51
39 52
39 55
39 56
39 57
39 60
39 64
39 65
39 66
39 69
39 70
39 74
39 75
39 76
39 79
39 80
39 81
39 83
39 84
39 85
39 86
39 87
39 92
39 93
39 94
39 95
39 96
39 98
39 99
39 100
39 101
39 102
39 103
39 104
39 107
39 108
39 109
39 111
39 113
39 116
39 118
39 119
39 120
39 122
39 124
39 125
39 126
39 128
39 129
39 132
39 133
39 135
39 136
39 138
39 139
39 141
39 143
39 144
39 146
39 147
39 148
39 150
39 152
39 153
39 155
39 156
39 159
39 161
39 164
39 165
39 166
39 167
39 169
39 170
39 171
39 173
39 177
39 178
39 179
39 181
39 184
39 188
39 192
39 195
39 197
39 198
39 199
40 42
40 45
40 47
40 48
40 51
40 53
40 55
40 56
40 58
40 59
40 62
40 63
40 64
40 66
40 68
40 70
40 72
40 73
40 77
40 78
40 80
40 81
40 82
40 84
40 87
40 88
40 89
40 90
40 93
40 95
40 101
40 102
40 103
40 104
40 106
40 109
40 111
40 112
40 113
40 115
40 117
40 124
40 126
40 127
40 128
40 129
40 131
40 132
40 136
40 141
40 142
40 143
40 145
40 147
40 148
40 149
40 150
40 154
40 156
40 157
40 158
40 159
40 162
40 163
40 168
40 169
40 170
40 173
40 174
40 175
40 180
40 181
40 183
40 185
40 188
40 189
40 190
40 191
40 192
40 193
40 194
40 195
40 196
40 197
41 42
41 45
41 46
41 47
41 48
41 49
41 52
41 53
41 54
41 55
41 56
41 58
41 61
41 62
41 64
41 65
41 70
41 71
41 72
41 73
41 74
41 75
41 76
41 79
41 80
41 83
41 85
41 86
41 88
41 91
41 92
41 93
41 94
41 97
41 99
41 100
41 103
41 104
41 106
41 108
41 111
41 114
41 117
41 122
41 123
41 126
41 129
41 131
41 132
41 133
41 137
41 139
41 141
41 142
41 143
41 144
41 145
41 146
41 147
41 148
41 149
41 150
41 151
41 153
41 154
41 156
41 159
41 160
41 161
41 162
41 163
41 166
41 167
41 168
41 169
41 171
41 172
41 175
41 176
41 177
41 180
41 181
41 183
41 184
41 186
41 187
41 188
41 191
41 193
41 196
41 198
42 43
42 44
42 45
42 46
42 48
42 49
42 50
42 56
42 59
42 60
42 63
42 64
42 67
42 68
42 70
42 71
42 72
42 74
42 76
42 79
42 81
42 82
42 83
42 84
42 85
42 86
42 87
42 88
42 91
42 92
42 95
42 99
42 101
42 102
42 103
42 104
42 105
42 106
42 108
42 109
42 112
42 114
42 116
42 118
42 120
42 122
42 125
42 126
42 128
42 129
42 130
42 131
42 132
42 134
42 136
42 140
42 141
42 142
42 143
42 146
42 147
42 148
42 149
42 150
42 151
42 152
42 153
42 155
42 156
42 157
42 158
42 161
42 162
42 165
42 167
42 168
42 169
42 171
42 172
42 173
42 176
42 177
42 178
42 179
42 180
42 181
42 182
42 185
42 186
42 188
42 190
42 194
42 199
43 44
43 45
43 46
43 49
43 50
43 52
43 53
43 54
43 55
43 56
43 57
43 60
43 62
43 63
43 64
43 66
43 67
43 71
43 73
43 74
43 75
43 80
43 83
43 84
43 86
43 90
43 92
43 93
43 95
43 97
43 98
43 99
43 100
43 101
43 102
43 103
43 104
43 108
43 109
43 111
43 112
43 113
43 114
43 115
43 117
43 118
43 119
43 120
43 121
43 123
43 124
43 125
43 127
43 128
43 130
43 131
43 132
43 133
43 134
43 135
43 136
43 137
43 139
43 140
43 141
43 143
43 146
43 147
43 151
43 154
43 157
43 158
43 159
43 160
43 161
43 162
43 163
43 165
43 167
43 168
43 169
43 171
43 172
43 173
43 175
43 176
43 177
43 179
43 180
43 181
43 182
43 183
43 184
43 186
43 188
43 189
43 191
43 195
43 196
43 197
44 45
44 46
44 47
44 48
44 50
44 51
44 52
44 54
44 55
44 56
44 57
44 58
44 60
44 61
44 62
44 63
44 64
44 65
44 66
44 68
44 69
44 70
44 72
44 73
44 74
44 75
44 76
44 77
44 81
44 82
44 83
44 84
44 85
44 86
44 87
44 88
44 89
44 90
44 91
44 94
44 95
44 97
44 100
44 101
44 102
44 103
44 106
44 107
44 110
44 111
44 113
44 115
44 116
44 117
44 118
44 119
44 120
44 122
44 123
44 124
44 126
44 128
44 129
44 130
44 131
44 133
44 134
44 136
44 137
44 138
44 139
44 141
44 142
44 144
44 148
44 149
44 151
44 152
44 154
44 155
44 157
44 159
44 160
44 163
44 164
44 166
44 168
44 169
44 171
44 172
44 173
44 174
44 175
44 179
44 181
44 182
44 183
44 184
44 186
44 187
44 188
44 190
44 192
44 196
44 197
44 198
45 49
45 50
45 51
45 52
45 54
45 55
45 56
45 57
45 59
45 60
45 61
45 63
45 64
45 65
45 66
45 68
45 69
45 70
45 71
45 73
45 74
45 75
45 77
45 78
45 80
45 81
45 84
45 85
45 86
45 87
45 89
45 90
45 91
45 93
45 94
45 95
45 96
45 97
45 101
45 103
45 104
45 107
45 109
45 110
45 113
45 114
45 115
45 116
45 118
45 119
45 120
45 121
45 122
45 123
45 125
45 126
45 127
45 132
45 133
45 134
45 135
45 137
45 138
45 139
45 140
45 143
45 146
45 147
45 149
45 150
45 152
45 153
45 155
45 156
45 159
45 160
45 162
45 164
45 165
45 166
45 170
45 171
45 175
45 176
45 177
45 179
45 181
45 182
45 184
45 186
45 188
45 189
45 191
45 193
45 195
45 197
45 199
46 48
46 49
46 50
46 51
46 52
46 53
46 55
46 56
46 57
46 58
46 59
46 60
46 61
46 62
46 63
46 64
46 65
46 67
46 68
46 70
46 73
46 74
46 75
46 78
46 80
46 84
46 85
46 86
46 87
46 88
46 90
46 92
46 93
46 95
46 96
46 99
46 100
46 102
46 103
46 104
46 105
46 106
46 107
46 110
46 111
46 113
46 115
46 116
46 117
46 118
46 119
46 121
46 122
46 124
46 125
46 128
46 131
46 134
46 136
46 138
46 139
46 140
46 141
46 144
46 145
46 146
46 148
46 149
46 151
46 154
46 157
46 160
46 161
46 163
46 164
46 165
46 167
46 168
46 169
46 172
46 173
46 174
46 175
46 176
46 178
46 179
46 182
46 184
46 187
46 188
46 190
46 191
46 192
46 193
46 194
46 195
46 196
46 198
47 49
47 52
47 53
47 56
47 60
47 61
47 62
47 65
47 66
47 67
47 69
47 70
47 71
47 72
47 73
47 76
47 77
47 79
47 80
47 81
47 86
47 89
47 90
47 91
47 92
47 95
47 100
47 101
47 102
47 103
47 104
47 107
47 109
47 111
47 112
47 114
47 115
47 117
47 118
47 119
47 121
47 122
47 124
47 125
47 128
47 130
47 135
47 137
47 138
47 139
47 140
47 142
47 145
47 146
47 148
47 149
47 152
47 153
47 155
47 156
47 159
47 160
47 162
47 167
47 168
47 169
47 174
47 178
47 179
47 182
47 183
47 184
47 185
47 186
47 187
47 188
47 189
47 191
47 192
47 193
47 194
47 196
47 198
47 199
48 49
48 50
48 51
48 53
48 54
48 56
48 57
48 58
48 59
48 60
48 61
48 63
48 65
48 66
48 67
48 68
48 71
48 72
48 74
48 75
48 76
48 77
48 79
48 81
48 82
48 83
48 85
48 89
48 90
48 91
48 94
48 95
48 96
48 97
48 98
48 99
48 100
48 101
48 102
48 104
48 106
48 108
48 111
48 112
48 113
48 114
48 115
48 117
48 119
48 122
48 123
48 124
48 126
48 127
48 128
48 129
48 130
48 132
48 135
48 137
48 138
48 140
48 141
48 143
48 144
48 145
48 147
48 148
48 149
48 151
48 152
48 153
48 155
48 158
48 159
48 160
48 161
48 162
48 164
48 166
48 167
48 169
48 170
48 172
48 173
48 174
48 175
48 176
48 178
48 179
48 180
48 181
48 183
48 188
48 189
48 190
48 193
48 194
48 196
48 197
48 198
49 52
49 55
49 56
49 57
49 58
49 61
49 62
49 63
49 70
49 72
49 73
49 74
49 75
49 76
49 77
49 80
49 81
49 82
49 85
49 86
49 87
49 94
49 95
49 96
49 97
49 98
49 99
49 100
49 102
49 103
49 106
49 109
49 111
49 118
49 119
49 120
49 122
49 123
49 127
49 128
49 129
49 130
49 131
49 132
49 134
49 137
49 138
49 141
49 142
49 143
49 144
49 149
49 151
49 154
49 155
49 156
49 158
49 159
49 160
49 161
49 163
49 165
49 166
49 169
49 170
49 171
49 177
49 178
49 180
49 182
49 183
49 187
49 188
49 189
49 195
50 52
50 54
50 55
50 56
50 57
50 64
50 65
50 66
50 68
50 72
50 74
50 76
50 78
50 80
50 82
50 88
50 89
50 90
50 92
50 94
50 95
50 96
50 97
50 99
50 104
50 106
50 107
50 110
50 111
50 112
50 113
50 114
50 116
50 120
50 122
50 123
50 124
50 125
50 126
50 128
50 130
50 132
50 138
50 139
50 140
50 143
50 144
50 145
50 146
50 149
50 150
50 151
50 153
50 154
50 156
50 157
50 158
50 161
50 163
50 164
50 165
50 166
50 168
50 171
50 173
50 174
50 175
50 179
50 180
50 181
50 182
50 183
50 184
50 186
50 187
50 188
50 189
50 192
50 193
50 194
50 197
50 198
51 55
51 57
51 58
51 62
51 63
51 64
51 65
51 66
51 67
51 71
51 72
51 74
51 79
51 81
51 83
51 85
51 86
51 87
51 88
51 89
51 92
51 94
51 95
51 96
51 98
51 99
51 100
51 101
51 104
51 108
51 110
51 111
51 112
51 113
51 114
51 115
51 116
51 117
51 119
51 122
51 124
51 126
51 127
51 128
51 129
51 130
51 131
51 132
51 133
51 134
51 135
51 136
51 137
51 138
51 139
51 140
51 143
51 144
51 145
51 147
51 149
51 151
51 152
51 156
51 158
51 159
51 162
51 163
51 164
51 165
51 166
51 167
51 171
51 172
51 174
51 175
51 178
51 180
51 182
51 185
51 187
51 188
51 189
51 192
51 193
51 194
51 195
51 197
52 53
52 54
52 55
52 56
52 57
52 61
52 62
52 63
52 64
52 65
52 68
52 69
52 70
52 71
52 73
52 74
52 75
52 76
52 79
52 80
52 81
52 85
52 86
52 87
52 88
52 89
52 90
52 91
52 93
52 95
52 96
52 98
52 99
52 100
52 101
52 103
52 105
52 106
52 107
52 108
52 110
52 111
52 114
52 118
52 120
52 121
52 122
52 124
52 126
52 128
52 129
52 133
52 134
52 135
52 136
52 141
52 142
52 143
52 144
52 147
52 148
52 149
52 152
52 153
52 154
52 155
52 156
52 158
52 159
52 160
52 161
52 162
52 163
52 164
52 165
52 166
52 169
52 170
52 171
52 172
52 174
52 175
52 179
52 181
52 182
52 183
52 185
52 186
52 187
52 189
52 191
52 196
52 197
52 198
52 199
53 54
53 56
53 57
53 63
53 66
53 67
53 71
53 73
53 74
53 76
53 79
53 80
53 81
53 83
53 84
53 86
53 87
53 89
53 90
53 94
53 96
53 97
53 98
53 99
53 100
53 101
53 103
53 105
53 106
53 107
53 108
53 110
53 111
53 113
53 114
53 115
53 116
53 117
53 118
53 119
53 121
53 122
53 125
53 127
53 128
53 129
53 130
53 132
53 133
53 136
53 138
53 139
53 140
53 141
53 144
53 146
53 149
53 150
53 151
53 152
53 153
53 158
53 161
53 164
53 168
53 171
53 174
53 176
53 179
53 180
53 183
53 184
53 187
53 188
53 189
53 191
53 194
53 196
53 197
53 198
53 199
54 56
54 57
54 61
54 66
54 69
54 71
54 72
54 73
54 74
54 75
54 77
54 78
54 79
54 80
54 81
54 82
54 84
54 87
54 88
54 91
54 93
54 96
54 97
54 98
54 99
54 101
54 103
54 104
54 106
54 107
54 108
54 109
54 110
54 113
54 116
54 117
54 118
54 119
54 120
54 122
54 125
54 127
54 128
54 130
54 131
54 132
54 134
54 135
54 136
54 140
54 145
54 146
54 148
54 150
54 151
54 152
54 154
54 155
54 156
54 157
54 158
54 159
54 160
54 163
54 164
54 167
54 169
54 170
54 175
54 176
54 177
54 178
54 179
54 181
54 182
54 183
54 185
54 186
54 187
54 189
54 191
54 193
54 194
54 195
54 196
54 197
54 198
55 56
55 59
55 60
55 62
55 63
55 65
55 66
55 67
55 68
55 69
55 71
55 72
55 73
55 77
55 78
55 82
55 83
55 85
55 88
55 90
55 91
55 94
55 97
55 99
55 100
55 101
55 102
55 103
55 104
55 108
55 109
55 111
55 114
55 115
55 117
55 118
55 121
55 122
55 123
55 124
55 126
55 127
55 129
55 131
55 133
55 134
55 135
55 139
55 140
55 141
55 142
55 143
55 148
55 150
55 151
55 152
55 154
55 155
55 156
55 157
55 158
55 159
55 160
55 161
55 163
55 164
55 165
55 167
55 168
55 169
55 170
55 172
55 174
55 178
55 180
55 181
55 182
55 183
55 184
55 185
55 186
55 187
55 189
55 191
55 192
55 194
55 195
55 196
55 198
55 199
56 57
56 60
56 61
56 64
56 65
56 66
56 67
56 68
56 69
56 71
56 72
56 74
56 75
56 76
56 78
56 82
56 83
56 84
56 85
56 86
56 88
56 89
56 93
56 96
56 97
56 98
56 99
56 100
56 101
56 102
56 103
56 106
56 109
56 110
56 113
56 114
56 116
56 117
56 118
56 121
56 122
56 123
56 124
56 127
56 129
56 130
56 132
56 133
56 135
56 137
56 138
56 140
56 142
56 148
56 150
56 151
56 152
56 157
56 161
56 163
56 164
56 165
56 167
56 168
56 169
56 170
56 171
56 172
56 173
56 174
56 175
56 177
56 178
56 179
56 181
56 183
56 184
56 185
56 186
56 190
56 193
56 194
56 195
56 196
56 197
56 198
57 58
57 59
57 60
57 61
57 64
57 65
57 66
57 67
57 68
57 70
57 71
57 72
57 73
57 74
57 75
57 76
57 80
57 81
57 86
57 92
57 93
57 95
57 96
57 97
57 98
57 99
57 101
57 103
57 105
57 106
57 107
57 108
57 110
57 111
57 112
57 115
57 116
57 121
57 124
57 125
57 131
57 132
57 133
57 134
57 135
57 136
57 137
57 140
57 141
57 143
57 144
57 145
57 146
57 147
57 148
57 151
57 153
57 154
57 155
57 156
57 157
57 159
57 160
57 161
57 162
57 163
57 166
57 167
57 169
57 171
57 172
57 173
57 174
57 178
57 179
57 180
57 183
57 185
57 188
57 189
57 190
57 191
57 192
57 193
57 194
57 195
57 196
57 197
57 198
58 59
58 60
58 61
58 62
58 65
58 66
58 69
58 70
58 71
58 72
58 73
58 74
58 79
58 83
58 87
58 88
58 90
58 93
58 94
58 95
58 96
58 97
58 99
58 103
58 105
58 106
58 108
58 109
58 110
58 113
58 116
58 118
58 120
58 122
58 125
58 126
58 127
58 128
58 131
58 134
58 136
58 137
58 138
58 139
58 140
58 141
58 142
58 143
58 144
58 146
58 148
58 149
58 152
58 153
58 154
58 155
58 156
58 157
58 160
58 161
58 162
58 164
58 165
58 171
58 173
58 177
58 179
58 182
58 185
58 186
58 187
58 188
58 191
58 193
58 194
58 195
58 199
59 65
59 67
59 68
59 72
59 73
59 74
59 76
59 80
59 83
59 84
59 86
59 87
59 89
59 90
59 91
59 92
59 94
59 96
59 99
59 100
59 102
59 106
59 108
59 109
59 111
59 113
59 114
59 115
59 116
59 117
59 119
59 120
59 122
59 123
59 125
59 126
59 128
59 129
59 130
59 131
59 132
59 137
59 140
59 142
59 144
59 145
59 149
59 150
59 153
59 155
59 156
59 157
59 158
59 160
59 161
59 163
59 165
59 166
59 168
59 170
59 173
59 174
59 175
59 176
59 178
59 179
59 181
59 183
59 184
59 186
59 187
59 189
59 191
59 192
59 194
59 196
59 197
59 199
60 65
60 67
60 68
60 69
60 70
60 75
60 76
60 82
60 83
60 87
60 88
60 89
60 95
60 96
60 97
60 98
60 99
60 102
60 103
60 104
60 106
60 107
60 109
60 111
60 112
60 113
60 114
60 115
60 119
60 122
60 123
60 124
60 125
60 127
60 128
60 129
60 130
60 131
60 133
60 134
60 135
60 136
60 138
60 139
60 141
60 144
60 145
60 147
60 148
60 149
60 151
60 152
60 153
60 155
60 156
60 158
60 159
60 162
60 165
60 167
60 168
60 171
60 172
60 174
60 176
60 178
60 179
60 180
60 181
60 182
60 184
60 185
60 186
60 187
60 188
60 189
60 194
60 196
60 197
60 198
60 199
61 63
61 65
61 69
61 70
61 71
61 72
61 73
61 74
61 75
61 76
61 77
61 79
61 80
61 81
61 82
61 84
61 86
61 87
61 88
61 91
61 92
61 97
61 98
61 99
61 100
61 105
61 106
61 109
61 110
61 111
61 113
61 116
61 117
61 118
61 119
61 121
61 122
61 124
61 126
61 127
61 128
61 129
61 130
61 131
61 136
61 138
61 140
61 141
61 142
61 143
61 144
61 146
61 147
61 148
61 149
61 150
61 151
61 152
61 155
61 156
61 157
61 159
61 160
61 161
61 162
61 165
61 167
61 171
61 172
61 173
61 174
61 175
61 176
61 177
61 179
61 180
61 185
61 190
61 192
61 193
61 194
61 197
61 198
61 199
62 69
62 70
62 71
62 72
62 73
62 74
62 75
62 77
62 78
62 79
62 81
62 82
62 85
62 86
62 87
62 88
62 89
62 90
62 91
62 92
62 93
62 94
62 98
62 102
62 105
62 107
62 111
62 112
62 114
62 115
62 118
62 120
62 121
62 123
62 124
62 128
62 129
62 130
62 133
62 134
62 135
62 136
62 138
62 139
62 140
62 141
62 146
62 149
62 150
62 151
62 152
62 154
62 155
62 156
62 159
62 163
62 166
62 167
62 176
62 177
62 180
62 182
62 183
62 184
62 188
62 189
62 191
62 193
62 195
62 198
63 64
63 65
63 66
63 68
63 69
63 70
63 71
63 72
63 73
63 74
63 75
63 76
63 77
63 80
63 81
63 82
63 84
63 85
63 87
63 91
63 94
63 95
63 97
63 100
63 102
63 104
63 105
63 106
63 107
63 108
63 109
63 110
63 115
63 116
63 117
63 118
63 120
63 122
63 124
63 125
63 126
63 128
63 129
63 130
63 131
63 133
63 134
63 138
63 139
63 140
63 141
63 143
63 144
63 147
63 148
63 150
63 152
63 153
63 154
63 159
63 162
63 163
63 166
63 167
63 170
63 174
63 175
63 176
63 177
63 178
63 181
63 183
63 185
63 186
63 188
63 190
63 191
63 192
63 194
63 196
63 197
63 199
64 65
64 67
64 68
64 69
64 72
64 73
64 75
64 76
64 80
64 81
64 83
64 84
64 85
64 87
64 88
64 89
64 91
64 92
64 93
64 94
64 95
64 96
64 97
64 99
64 100
64 101
64 103
64 104
64 105
64 106
64 109
64 112
64 113
64 114
64 116
64 117
64 118
64 119
64 120
64 121
64 122
64 125
64 126
64 127
64 131
64 132
64 133
64 135
64 137
64 139
64 141
64 142
64 144
64 145
64 146
64 150
64 151
64 154
64 157
64 160
64 162
64 163
64 167
64 168
64 169
64 171
64 172
64 173
64 174
64 175
64 176
64 177
64 178
64 179
64 180
64 183
64 184
64 185
64 187
64 189
64 193
64 196
64 199
65 69
65 71
65 74
65 76
65 78
65 79
65 81
65 83
65 84
65 88
65 89
65 90
65 92
65 93
65 95
65 96
65 97
65 98
65 99
65 102
65 106
65 109
65 110
65 113
65 115
65 116
65 117
65 120
65 122
65 123
65 124
65 126
65 133
65 135
65 136
65 140
65 141
65 142
65 143
65 145
65 146
65 148
65 149
65 150
65 153
65 157
65 159
65 161
65 163
65 166
65 167
65 168
65 169
65 172
65 175
65 179
65 180
65 181
65 183
65 184
65 185
65 187
65 188
65 189
65 190
65 194
65 195
65 196
65 198
66 67
66 72
66 73
66 75
66 76
66 80
66 81
66 82
66 83
66 84
66 87
66 90
66 91
66 92
66 93
66 94
66 96
66 98
66 99
66 101
66 102
66 103
66 107
66 109
66 113
66 115
66 117
66 118
66 119
66 121
66 122
66 123
66 127
66 128
66 129
66 130
66 131
66 134
66 136
66 137
66 138
66 139
66 142
66 144
66 147
66 148
66 149
66 150
66 151
66 152
66 153
66 154
66 156
66 159
66 160
66 163
66 165
66 167
66 168
66 169
66 171
66 173
66 174
66 176
66 177
66 178
66 179
66 181
66 182
66 183
66 186
66 188
66 191
66 192
66 195
66 197
66 198
66 199
67 68
67 69
67 70
67 71
67 72
67 73
67 74
67 77
67 78
67 79
67 81
67 84
67 85
67 86
67 88
67 89
67 90
67 94
67 95
67 96
67 97
67 98
67 99
67 101
67 103
67 104
67 106
67 107
67 111
67 112
67 115
67 116
67 117
67 119
67 120
67 121
67 122
67 124
67 125
67 127
67 129
67 130
67 131
67 132
67 133
67 134
67 136
67 138
67 139
67 140
67 141
67 142
67 143
67 149
67 150
67 151
67 152
67 153
67 154
67 155
67 156
67 161
67 162
67 163
67 165
67 167
67 168
67 170
67 171
67 176
67 178
67 179
67 181
67 182
67 183
67 184
67 185
67 186
67 189
67 191
67 192
67 193
67 194
67 195
67 196
67 197
68 70
68 71
68 72
68 73
68 75
68 77
68 78
68 79
68 80
68 81
68 83
68 85
68 87
68 88
68 89
68 90
68 95
68 96
68 97
68 99
68 100
68 101
68 103
68 104
68 106
68 107
68 111
68 112
68 113
68 114
68 115
68 116
68 120
68 121
68 122
68 123
68 124
68 126
68 129
68 131
68 133
68 134
68 140
68 142
68 143
68 144
68 145
68 146
68 149
68 151
68 152
68 153
68 154
68 156
68 157
68 159
68 162
68 165
68 166
68 167
68 169
68 170
68 171
68 172
68 173
68 174
68 175
68 176
68 178
68 180
68 181
68 182
68 185
68 187
68 188
68 189
68 190
68 191
68 195
68 196
68 197
68 199
69 70
69 71
69 74
69 75
69 76
69 77
69 79
69 80
69 81
69 82
69 84
69 86
69 87
69 89
69 90
69 91
69 94
69 96
69 97
69 98
69 99
69 100
69 101
69 102
69 103
69 104
69 105
69 106
69 108
69 109
69 110
69 111
69 112
69 113
69 114
69 116
69 119
69 120
69 121
69 123
69 124
69 128
69 129
69 132
69 135
69 136
69 137
69 138
69 139
69 140
69 141
69 142
69 143
69 145
69 147
69 149
69 151
69 152
69 154
69 155
69 156
69 158
69 159
69 162
69 163
69 164
69 166
69 167
69 169
69 170
69 171
69 172
69 173
69 175
69 178
69 179
69 181
69 186
69 188
69 189
69 190
69 192
69 197
69 198
69 199
70 72
70 74
70 76
70 77
70 78
70 79
70 82
70 84
70 86
70 88
70 90
70 91
70 93
70 94
70 95
70 96
70 97
70 98
70 99
70 100
70 101
70 103
70 104
70 105
70 106
70 107
70 109
70 111
70 112
70 114
70 115
70 118
70 120
70 122
70 123
70 124
70 125
70 128
70 130
70 132
70 134
70 135
70 136
70 137
70 138
70 139
70 141
70 142
70 145
70 146
70 148
70 149
70 150
70 151
70 153
70 155
70 156
70 157
70 159
70 161
70 162
70 163
70 164
70 165
70 166
70 167
70 168
70 170
70 171
70 172
70 174
70 175
70 176
70 178
70 180
70 181
70 182
70 183
70 185
70 187
70 192
70 194
70 197
70 198
70 199
71 72
71 75
71 76
71 77
71 79
71 81
71 82
71 84
71 87
71 88
71 89
71 90
71 92
71 93
71 94
71 95
71 96
71 97
71 98
71 99
71 100
71 102
71 106
71 107
71 109
71 111
71 112
71 114
71 116
71 120
71 121
71 122
71 123
71 124
71 125
71 126
71 127
71 128
71 129
71 130
71 133
71 134
71 135
71 136
71 137
71 139
71 140
71 141
71 143
71 144
71 145
71 146
71 148
71 150
71 152
71 154
71 162
71 164
71 165
71 166
71 168
71 169
71 171
71 172
71 175
71 176
71 177
71 178
71 180
71 182
71 184
71 185
71 186
71 187
71 188
71 189
71 191
71 192
71 193
71 194
71 196
71 197
71 198
71 199
72 73
72 74
72 76
72 78
72 79
72 80
72 81
72 82
72 83
72 84
72 85
72 88
72 91
72 92
72 95
72 96
72 99
72 102
72 104
72 107
72 110
72 111
72 113
72 114
72 115
72 116
72 119
72 123
72 124
72 125
72 126
72 130
72 131
72 133
72 134
72 136
72 137
72 138
72 139
72 140
72 141
72 142
72 144
72 145
72 146
72 148
72 149
72 150
72 151
72 152
72 154
72 155
72 158
72 159
72 160
72 162
72 163
72 165
72 166
72 167
72 168
72 170
72 171
72 173
72 178
72 179
72 181
72 186
72 187
72 189
72 191
72 192
72 193
72 194
72 195
72 197
72 198
72 199
73 75
73 76
73 80
73 81
73 82
73 83
73 84
73 85
73 87
73 89
73 90
73 91
73 92
73 93
73 94
73 95
73 96
73 97
73 98
73 99
73 100
73 101
73 102
73 105
73 107
73 109
73 110
73 111
73 113
73 116
73 117
73 119
73 120
73 123
73 125
73 128
73 129
73 131
73 134
73 136
73 137
73 139
73 140
73 145
73 146
73 147
73 149
73 150
73 151
73 152
73 153
73 154
73 155
73 156
73 157
73 158
73 159
73 162
73 163
73 165
73 166
73 168
73 171
73 172
73 173
73 176
73 177
73 178
73 179
73 184
73 185
73 186
73 187
73 188
73 189
73 191
73 193
73 195
73 196
73 197
73 198
73 199
74 75
74 77
74 78
74 80
74 81
74 86
74 87
74 91
74 92
74 93
74 94
74 95
74 96
74 97
74 100
74 101
74 102
74 107
74 109
74 110
74 111
74 114
74 115
74 117
74 118
74 120
74 121
74 122
74 123
74 124
74 126
74 128
74 129
74 130
74 131
74 133
74 134
74 136
74 139
74 140
74 142
74 143
74 144
74 146
74 147
74 148
74 149
74 150
74 151
74 152
74 156
74 157
74 158
74 159
74 161
74 163
74 164
74 166
74 168
74 169
74 171
74 172
74 173
74 174
74 175
74 178
74 179
74 183
74 184
74 186
74 190
74 191
74 192
74 196
74 198
74 199
75 76
75 77
75 78
75 79
75 80
75 81
75 82
75 83
75 84
75 85
75 86
75 88
75 89
75 92
75 93
75 94
75 96
75 97
75 98
75 99
75 100
75 101
75 103
75 104
75 105
75 109
75 110
75 111
75 113
75 114
75 115
75 117
75 118
75 119
75 120
75 121
75 124
75 125
75 126
75 127
75 128
75 130
75 131
75 134
75 137
75 138
75 139
75 140
75 144
75 145
75 146
75 147
75 148
75 150
75 153
75 154
75 157
75 158
75 162
75 166
75 169
75 172
75 174
75 176
75 178
75 179
75 181
75 182
75 184
75 187
75 190
75 191
75 192
75 194
75 197
75 198
76 78
76 80
76 83
76 84
76 85
76 86
76 87
76 88
76 89
76 91
76 98
76 99
76 100
76 101
76 103
76 104
76 105
76 108
76 109
76 110
76 113
76 114
76 116
76 118
76 119
76 124
76 126
76 127
76 128
76 129
76 130
76 131
76 135
76 138
76 139
76 140
76 141
76 143
76 144
76 145
76 147
76 149
76 150
76 151
76 154
76 158
76 159
76 162
76 164
76 166
76 167
76 170
76 171
76 175
76 178
76 179
76 180
76 181
76 183
76 185
76 186
76 189
76 191
76 192
76 193
76 194
76 195
76 197
76 198
76 199
77 80
77 81
77 84
77 85
77 86
77 87
77 89
77 90
77 91
77 92
77 95
77 96
77 97
77 98
77 102
77 103
77 104
77 106
77 108
77 109
77 111
77 112
77 113
77 117
77 118
77 119
77 120
77 121
77 122
77 123
77 124
77 125
77 126
77 127
77 128
77 129
77 130
77 131
77 133
77 135
77 137
77 138
77 139
77 140
77 141
77 142
77 144
77 146
77 147
77 149
77 150
77 151
77 152
77 153
77 155
77 157
77 159
77 160
77 162
77 163
77 164
77 165
77 166
77 167
77 168
77 169
77 172
77 177
77 178
77 183
77 184
77 185
77 186
77 188
77 189
77 190
77 191
77 192
77 193
77 195
77 196
77 197
77 198
78 80
78 83
78 84
78 86
78 87
78 89
78 90
78 91
78 92
78 93
78 94
78 95
78 96
78 97
78 98
78 99
78 102
78 103
78 104
78 105
78 106
78 107
78 108
78 110
78 111
78 112
78 113
78 115
78 116
78 117
78 118
78 120
78 121
78 122
78 123
78 124
78 125
78 126
78 127
78 128
78 130
78 131
78 132
78 133
78 137
78 138
78 139
78 140
78 141
78 144
78 147
78 148
78 149
78 151
78 155
78 156
78 159
78 160
78 161
78 163
78 165
78 167
78 168
78 169
78 171
78 173
78 178
78 179
78 180
78 181
78 184
78 185
78 187
78 188
78 189
78 190
78 191
78 192
78 193
78 194
78 196
78 197
78 199
79 80
79 81
79 82
79 84
79 85
79 91
79 93
79 97
79 98
79 99
79 102
79 105
79 106
79 109
79 110
79 113
79 115
79 117
79 118
79 119
79 120
79 121
79 122
79 123
79 124
79 125
79 127
79 128
79 132
79 133
79 134
79 136
79 138
79 142
79 143
79 144
79 145
79 147
79 150
79 151
79 153
79 155
79 156
79 157
79 158
79 159
79 161
79 166
79 168
79 169
79 170
79 171
79 172
79 173
79 174
79 176
79 178
79 179
79 180
79 181
79 186
79 187
79 188
79 189
79 192
79 193
79 194
79 196
79 197
79 199
80 81
80 82
80 83
80 84
80 86
80 89
80 90
80 91
80 92
80 93
80 95
80 96
80 97
80 99
80 102
80 106
80 107
80 108
80 109
80 110
80 112
80 113
80 116
80 117
80 119
80 120
80 121
80 122
80 123
80 125
80 128
80 130
80 131
80 132
80 134
80 135
80 137
80 141
80 142
80 143
80 144
80 146
80 156
80 157
80 158
80 160
80 161
80 164
80 165
80 166
80 167
80 169
80 171
80 172
80 174
80 175
80 177
80 180
80 181
80 183
80 186
80 187
80 192
80 193
80 194
80 195
80 196
80 197
80 199
81 87
81 88
81 89
81 90
81 92
81 93
81 95
81 96
81 97
81 99
81 100
81 104
81 105
81 110
81 111
81 113
81 115
81 117
81 120
81 121
81 123
81 125
81 127
81 128
81 130
81 131
81 132
81 133
81 135
81 136
81 137
81 141
81 144
81 145
81 146
81 147
81 148
81 149
81 153
81 156
81 159
81 160
81 161
81 162
81 164
81 165
81 167
81 173
81 175
81 177
81 181
81 186
81 188
81 190
81 194
81 196
81 199
82 83
82 84
82 87
82 88
82 89
82 92
82 93
82 94
82 96
82 98
82 99
82 101
82 103
82 104
82 105
82 109
82 111
82 113
82 114
82 115
82 117
82 118
82 120
82 121
82 122
82 124
82 125
82 126
82 135
82 137
82 138
82 140
82 141
82 142
82 144
82 145
82 146
82 148
82 149
82 150
82 154
82 155
82 156
82 157
82 158
82 159
82 160
82 164
82 165
82 166
82 167
82 169
82 170
82 171
82 172
82 173
82 174
82 175
82 177
82 179
82 180
82 181
82 183
82 184
82 185
82 186
82 190
82 192
82 193
82 194
82 195
82 198
83 84
83 85
83 89
83 90
83 92
83 94
83 95
83 96
83 97
83 98
83 99
83 100
83 101
83 106
83 109
83 110
83 112
83 113
83 115
83 117
83 118
83 119
83 122
83 123
83 125
83 126
83 130
83 131
83 132
83 133
83 134
83 136
83 137
83 140
83 142
83 144
83 145
83 147
83 148
83 149
83 150
83 153
83 154
83 155
83 157
83 161
83 163
83 166
83 170
83 171
83 172
83 173
83 176
83 177
83 179
83 182
83 186
83 187
83 189
83 191
83 192
83 193
83 197
83 198
83 199
84 85
84 86
84 89
84 90
84 91
84 92
84 95
84 96
84 98
84 100
84 102
84 103
84 104
84 105
84 108
84 110
84 111
84 112
84 115
84 116
84 119
84 120
84 121
84 123
84 124
84 125
84 126
84 127
84 128
84 129
84 130
84 131
84 134
84 135
84 137
84 138
84 140
84 144
84 149
84 150
84 154
84 157
84 158
84 159
84 160
84 161
84 162
84 167
84 168
84 169
84 170
84 171
84 172
84 173
84 174
84 175
84 179
84 180
84 183
84 188
84 189
84 192
84 194
84 195
84 197
84 198
85 87
85 88
85 89
85 91
85 92
85 93
85 94
85 96
85 99
85 100
85 103
85 104
85 105
85 106
85 108
85 109
85 111
85 112
85 114
85 115
85 117
85 119
85 120
85 122
85 125
85 126
85 130
85 131
85 132
85 134
85 135
85 138
85 140
85 141
85 142
85 144
85 146
85 149
85 151
85 153
85 155
85 158
85 161
85 162
85 163
85 165
85 166
85 167
85 168
85 169
85 171
85 173
85 174
85 175
85 177
85 179
85 180
85 184
85 185
85 188
85 189
85 190
85 192
85 194
85 196
85 197
85 199
86 90
86 92
86 93
86 97
86 99
86 101
86 102
86 103
86 105
86 107
86 110
86 111
86 112
86 113
86 114
86 115
86 116
86 117
86 118
86 119
86 124
86 125
86 126
86 127
86 128
86 129
86 130
86 131
86 133
86 137
86 139
86 141
86 142
86 143
86 145
86 146
86 148
86 150
86 151
86 154
86 155
86 158
86 160
86 161
86 162
86 164
86 165
86 166
86 167
86 170
86 171
86 173
86 174
86 177
86 179
86 181
86 182
86 185
86 186
86 188
86 190
86 191
86 192
86 193
86 195
86 196
86 198
86 199
87 89
87 90
87 91
87 93
87 96
87 97
87 100
87 101
87 102
87 104
87 105
87 106
87 109
87 111
87 115
87 116
87 117
87 118
87 119
87 120
87 121
87 122
87 123
87 125
87 127
87 128
87 129
87 130
87 131
87 136
87 139
87 140
87 142
87 144
87 145
87 147
87 148
87 150
87 155
87 156
87 157
87 158
87 160
87 163
87 165
87 166
87 167
87 168
87 169
87 170
87 171
87 172
87 173
87 174
87 175
87 176
87 177
87 181
87 182
87 184
87 186
87 188
87 190
87 194
87 196
87 197
88 90
88 91
88 92
88 94
88 95
88 97
88 98
88 99
88 101
88 103
88 107
88 108
88 109
88 111
88 113
88 115
88 116
88 117
88 119
88 120
88 121
88 123
88 125
88 126
88 127
88 128
88 131
88 137
88 138
88 139
88 141
88 142
88 144
88 145
88 146
88 147
88 148
88 151
88 152
88 154
88 155
88 156
88 157
88 158
88 159
88 160
88 161
88 162
88 165
88 167
88 172
88 173
88 175
88 177
88 178
88 180
88 183
88 184
88 185
88 188
88 189
88 190
88 192
88 194
88 196
88 198
88 199
89 90
89 91
89 93
89 95
89 97
89 98
89 99
89 102
89 104
89 106
89 109
89 110
89 111
89 114
89 115
89 117
89 119
89 120
89 121
89 122
89 124
89 125
89 126
89 127
89 129
89 134
89 135
89 136
89 139
89 140
89 142
89 143
89 145
89 147
89 148
89 150
89 151
89 153
89 154
89 156
89 162
89 167
89 168
89 169
89 172
89 173
89 174
89 176
89 177
89 178
89 180
89 187
89 188
89 189
89 192
89 195
89 197
89 198
89 199
90 92
90 98
90 99
90 100
90 101
90 104
90 108
90 110
90 112
90 113
90 115
90 116
90 117
90 119
90 120
90 121
90 122
90 123
90 124
90 130
90 131
90 132
90 133
90 138
90 139
90 142
90 143
90 147
90 149
90 151
90 152
90 153
90 155
90 157
90 164
90 165
90 166
90 168
90 171
90 172
90 173
90 174
90 177
90 179
90 182
90 183
90 185
90 186
90 189
90 190
90 192
90 193
90 194
90 195
90 196
90 197
90 198
91 92
91 93
91 94
91 96
91 97
91 98
91 99
91 100
91 101
91 102
91 103
91 104
91 105
91 107
91 108
91 109
91 110
91 111
91 112
91 116
91 118
91 120
91 121
91 122
91 123
91 127
91 128
91 131
91 133
91 134
91 135
91 137
91 139
91 140
91 141
91 142
91 145
91 149
91 151
91 152
91 153
91 154
91 155
91 157
91 159
91 161
91 162
91 163
91 170
91 173
91 175
91 176
91 177
91 178
91 180
91 182
91 183
91 185
91 187
91 189
91 191
91 192
91 193
91 194
91 195
91 196
91 199
92 94
92 98
92 99
92 100
92 101
92 102
92 103
92 105
92 106
92 110
92 112
92 114
92 115
92 117
92 122
92 125
92 127
92 131
92 132
92 133
92 134
92 135
92 136
92 138
92 141
92 143
92 146
92 147
92 148
92 149
92 150
92 151
92 152
92 155
92 156
92 157
92 158
92 159
92 160
92 161
92 163
92 165
92 167
92 168
92 169
92 170
92 173
92 174
92 176
92 177
92 178
92 179
92 180
92 183
92 185
92 186
92 187
92 188
92 189
92 191
92 193
92 194
92 196
92 198
92 199
93 96
93 97
93 100
93 101
93 104
93 105
93 106
93 107
93 108
93 110
93 111
93 112
93 113
93 119
93 121
93 123
93 125
93 127
93 128
93 129
93 130
93 131
93 132
93 133
93 134
93 135
93 136
93 137
93 138
93 140
93 141
93 142
93 143
93 144
93 147
93 152
93 154
93 155
93 157
93 163
93 164
93 166
93 167
93 168
93 169
93 170
93 171
93 173
93 174
93 175
93 178
93 179
93 182
93 184
93 186
93 187
93 188
93 189
93 191
93 192
93 193
93 195
94 95
94 98
94 99
94 101
94 102
94 103
94 104
94 105
94 106
94 107
94 110
94 111
94 112
94 113
94 114
94 117
94 118
94 120
94 121
94 122
94 124
94 127
94 128
94 130
94 131
94 132
94 133
94 135
94 136
94 137
94 138
94 139
94 140
94 141
94 143
94 145
94 147
94 152
94 154
94 156
94 157
94 159
94 162
94 164
94 166
94 168
94 170
94 171
94 172
94 173
94 174
94 177
94 178
94 179
94 181
94 183
94 184
94 185
94 187
94 191
94 192
94 193
94 194
94 197
94 198
94 199
95 96
95 98
95 102
95 108
95 111
95 112
95 113
95 114
95 115
95 116
95 118
95 120
95 121
95 122
95 123
95 124
95 125
95 127
95 128
95 130
95 132
95 137
95 139
95 142
95 143
95 146
95 148
95 149
95 150
95 153
95 154
95 155
95 156
95 157
95 158
95 160
95 162
95 164
95 165
95 166
95 168
95 170
95 172
95 173
95 174
95 177
95 179
95 183
95 184
95 185
95 186
95 187
95 190
95 191
95 192
95 193
95 194
95 197
95 198
96 97
96 99
96 101
96 104
96 105
96 109
96 110
96 111
96 112
96 114
96 116
96 120
96 124
96 125
96 127
96 129
96 131
96 132
96 134
96 135
96 136
96 138
96 139
96 140
96 141
96 142
96 143
96 150
96 152
96 153
96 154
96 155
96 159
96 163
96 165
96 166
96 167
96 169
96 170
96 172
96 173
96 179
96 180
96 181
96 182
96 184
96 185
96 186
96 187
96 188
96 190
96 192
96 195
96 196
96 197
96 198
97 99
97 100
97 102
97 103
97 104
97 106
97 109
97 111
97 112
97 115
97 116
97 120
97 123
97 127
97 128
97 130
97 131
97 132
97 135
97 138
97 139
97 140
97 142
97 143
97 145
97 146
97 147
97 149
97 151
97 152
97 156
97 158
97 159
97 165
97 170
97 171
97 172
97 173
97 175
97 176
97 177
97 178
97 180
97 182
97 183
97 184
97 185
97 187
97 190
97 192
97 193
97 195
97 196
97 197
97 198
97 199
98 99
98 102
98 103
98 104
98 105
98 107
98 108
98 112
98 113
98 118
98 120
98 121
98 124
98 125
98 126
98 129
98 130
98 131
98 133
98 135
98 138
98 141
98 144
98 147
98 148
98 153
98 156
98 158
98 161
98 162
98 163
98 164
98 165
98 166
98 167
98 172
98 173
98 174
98 175
98 178
98 179
98 180
98 183
98 184
98 186
98 190
98 194
98 196
99 101
99 102
99 103
99 104
99 105
99 109
99 110
99 111
99 112
99 114
99 116
99 117
99 118
99 119
99 120
99 121
99 126
99 127
99 128
99 129
99 132
99 133
99 134
99 135
99 136
99 138
99 146
99 147
99 148
99 149
99 150
99 151
99 152
99 153
99 156
99 157
99 158
99 160
99 161
99 163
99 169
99 172
99 175
99 178
99 179
99 180
99 181
99 182
99 183
99 185
99 189
99 191
99 193
99 199
100 102
100 104
100 106
100 107
100 108
100 110
100 111
100 113
100 114
100 118
100 121
100 122
100 127
100 128
100 129
100 130
100 132
100 134
100 136
100 137
100 139
100 141
100 143
100 147
100 149
100 150
100 151
100 152
100 154
100 157
100 158
100 159
100 160
100 165
100 168
100 172
100 175
100 177
100 178
100 179
100 180
100 183
100 184
100 186
100 187
100 189
100 192
100 194
100 195
100 196
100 197
100 199
101 102
101 105
101 106
101 107
101 109
101 110
101 111
101 112
101 113
101 114
101 116
101 118
101 119
101 120
101 123
101 124
101 125
101 126
101 127
101 128
101 132
101 134
101 135
101 137
101 139
101 143
101 145
101 146
101 148
101 150
101 152
101 153
101 155
101 159
101 160
101 164
101 165
101 166
101 168
101 170
101 171
101 174
101 177
101 179
101 180
101 181
101 183
101 184
101 185
101 187
101 191
101 193
101 194
101 195
101 197
101 198
101 199
102 104
102 105
102 106
102 108
102 112
102 113
102 114
102 115
102 116
102 117
102 124
102 127
102 129
102 130
102 131
102 132
102 133
102 136
102 137
102 138
102 139
102 142
102 143
102 144
102 145
102 146
102 147
102 148
102 150
102 152
102 153
102 154
102 157
102 160
102 164
102 165
102 166
102 171
102 172
102 174
102 175
102 176
102 177
102 178
102 179
102 180
102 181
102 182
102 183
102 186
102 187
102 190
102 191
102 193
102 195
102 197
103 106
103 107
103 108
103 110
103 111
103 112
103 114
103 115
103 116
103 120
103 121
103 122
103 123
103 125
103 126
103 128
103 129
103 131
103 132
103 134
103 136
103 137
103 139
103 140
103 143
103 147
103 156
103 159
103 161
103 162
103 163
103 164
103 165
103 166
103 167
103 168
103 170
103 173
103 174
103 176
103 177
103 179
103 181
103 182
103 183
103 184
103 186
103 189
103 190
103 192
103 194
103 195
103 197
103 198
104 105
104 106
104 109
104 110
104 111
104 113
104 115
104 116
104 117
104 118
104 120
104 124
104 125
104 126
104 128
104 129
104 131
104 132
104 135
104 136
104 138
104 140
104 141
104 142
104 144
104 146
104 147
104 151
104 152
104 153
104 154
104 155
104 156
104 157
104 162
104 164
104 166
104 167
104 170
104 171
104 173
104 174
104 175
104 176
104 178
104 180
104 181
104 183
104 184
104 185
104 188
104 191
104 192
104 194
104 197
104 198
105 106
105 107
105 108
105 112
105 113
105 114
105 116
105 118
105 121
105 124
105 125
105 126
105 127
105 128
105 130
105 133
105 134
105 136
105 138
105 139
105 140
105 141
105 142
105 143
105 144
105 148
105 150
105 151
105 155
105 156
105 157
105 159
105 161
105 163
105 165
105 166
105 167
105 168
105 170
105 172
105 173
105 174
105 175
105 177
105 178
105 180
105 181
105 183
105 184
105 187
105 189
105 191
105 192
105 195
105 196
105 197
106 108
106 114
106 118
106 122
106 125
106 126
106 127
106 131
106 132
106 133
106 134
106 135
106 136
106 137
106 138
106 141
106 142
106 145
106 146
106 147
106 149
106 151
106 152
106 154
106 159
106 160
106 162
106 163
106 164
106 165
106 166
106 167
106 168
106 170
106 172
106 176
106 177
106 179
106 180
106 181
106 184
106 185
106 186
106 187
106 188
106 189
106 190
106 193
106 195
106 197
106 198
107 109
107 110
107 111
107 112
107 113
107 114
107 116
107 117
107 120
107 121
107 122
107 123
107 124
107 125
107 126
107 127
107 129
107 131
107 132
107 133
107 134
107 137
107 138
107 140
107 141
107 142
107 143
107 147
107 148
107 149
107 150
107 151
107 154
107 155
107 156
107 158
107 162
107 163
107 164
107 165
107 166
107 167
107 168
107 171
107 173
107 176
107 177
107 181
107 184
107 188
107 189
107 191
107 192
107 193
107 196
107 199
108 110
108 111
108 112
108 113
108 114
108 116
108 117
108 119
108 121
108 122
108 123
108 124
108 126
108 127
108 128
108 131
108 132
108 133
108 135
108 136
108 137
108 139
108 140
108 141
108 144
108 146
108 147
108 149
108 150
108 152
108 154
108 155
108 157
108 159
108 160
108 161
108 162
108 163
108 164
108 165
108 166
108 168
108 169
108 174
108 177
108 178
108 180
108 181
108 182
108 186
108 187
108 188
108 189
108 191
108 192
108 193
108 194
108 199
109 110
109 111
109 112
109 113
109 115
109 116
109 117
109 118
109 120
109 121
109 122
109 123
109 126
109 128
109 129
109 130
109 131
109 133
109 139
109 143
109 145
109 146
109 147
109 148
109 149
109 151
109 153
109 154
109 155
109 156
109 158
109 159
109 160
109 165
109 166
109 169
109 170
109 173
109 174
109 175
109 176
109 177
109 179
109 185
109 186
109 187
109 188
109 189
109 190
109 193
109 194
109 196
110 112
110 113
110 114
110 116
110 117
110 120
110 122
110 123
110 124
110 125
110 126
110 127
110 129
110 130
110 131
110 134
110 135
110 136
110 138
110 140
110 141
110 142
110 143
110 144
110 146
110 147
110 149
110 152
110 153
110 154
110 155
110 157
110 159
110 162
110 163
110 164
110 165
110 169
110 170
110 171
110 172
110 174
110 175
110 176
110 177
110 178
110 180
110 181
110 182
110 184
110 185
110 188
110 189
110 191
110 193
110 194
110 195
110 196
110 197
110 198
111 112
111 113
111 114
111 115
111 117
111 122
111 123
111 124
111 125
111 126
111 127
111 129
111 131
111 132
111 133
111 138
111 139
111 142
111 143
111 145
111 147
111 148
111 149
111 150
111 152
111 153
111 154
111 155
111 156
111 158
111 159
111 161
111 164
111 165
111 167
111 169
111 171
111 173
111 174
111 176
111 178
111 180
111 181
111 182
111 183
111 184
111 185
111 188
111 190
111 191
111 193
111 196
111 197
111 199
112 115
112 116
112 117
112 119
112 120
112 121
112 122
112 123
112 124
112 125
112 126
112 127
112 129
112 131
112 133
112 134
112 136
112 137
112 142
112 143
112 145
112 148
112 149
112 150
112 151
112 152
112 154
112 155
112 156
112 157
112 159
112 160
112 161
112 163
112 164
112 165
112 168
112 169
112 173
112 175
112 177
112 178
112 179
112 180
112 183
112 184
112 185
112 187
112 188
112 189
112 190
112 192
112 195
112 196
112 197
112 198
112 199
113 117
113 118
113 120
113 121
113 122
113 124
113 125
113 128
113 130
113 131
113 132
113 133
113 134
113 135
113 136
113 137
113 138
113 139
113 141
113 144
113 145
113 147
113 149
113 150
113 151
113 152
113 154
113 156
113 158
113 159
113 160
113 164
113 165
113 166
113 169
113 170
113 174
113 175
113 176
113 177
113 179
113 180
113 184
113 186
113 187
113 188
113 189
113 193
113 195
113 197
114 115
114 117
114 119
114 123
114 124
114 125
114 127
114 129
114 131
114 132
114 133
114 134
114 135
114 137
114 138
114 140
114 141
114 143
114 145
114 146
114 147
114 148
114 150
114 152
114 153
114 156
114 157
114 159
114 162
114 164
114 166
114 167
114 170
114 171
114 172
114 173
114 178
114 179
114 180
114 183
114 184
114 187
114 188
114 190
114 193
114 194
114 195
114 196
114 197
114 198
115 117
115 118
115 119
115 121
115 122
115 126
115 127
115 129
115 130
115 131
115 133
115 134
115 135
115 136
115 137
115 138
115 139
115 140
115 141
115 144
115 147
115 148
115 150
115 151
115 153
115 154
115 155
115 157
115 158
115 161
115 163
115 167
115 170
115 172
115 174
115 175
115 176
115 177
115 178
115 180
115 181
115 183
115 184
115 187
115 188
115 189
115 192
115 195
115 197
115 198
116 117
116 118
116 120
116 121
116 122
116 123
116 125
116 126
116 127
116 129
116 130
116 133
116 134
116 136
116 137
116 138
116 140
116 143
116 144
116 146
116 148
116 149
116 151
116 152
116 154
116 156
116 157
116 161
116 163
116 164
116 165
116 169
116 172
116 173
116 175
116 176
116 178
116 179
116 180
116 181
116 182
116 184
116 185
116 186
116 187
116 188
116 190
116 191
116 192
116 196
116 197
116 198
117 118
117 119
117 122
117 123
117 124
117 125
117 127
117 129
117 130
117 131
117 132
117 133
117 134
117 135
117 137
117 138
117 140
117 141
117 142
117 143
117 144
117 147
117 148
117 149
117 150
117 151
117 153
117 154
117 157
117 159
117 160
117 161
117 162
117 163
117 164
117 166
117 167
117 168
117 169
117 171
117 172
117 175
117 176
117 178
117 181
117 182
117 184
117 185
117 189
117 191
117 195
117 196
117 197
117 198
117 199
118 120
118 121
118 122
118 123
118 124
118 125
118 128
118 129
118 130
118 132
118 134
118 136
118 137
118 138
118 140
118 141
118 142
118 145
118 146
118 148
118 149
118 150
118 151
118 152
118 153
118 155
118 156
118 157
118 158
118 159
118 160
118 161
118 163
118 164
118 168
118 169
118 171
118 175
118 176
118 178
118 179
118 181
118 182
118 184
118 185
118 186
118 187
118 188
118 189
118 190
118 192
118 193
118 194
118 196
118 197
118 199
119 121
119 125
119 126
119 127
119 129
119 130
119 131
119 132
119 133
119 134
119 137
119 139
119 140
119 142
119 143
119 144
119 145
119 148
119 150
119 151
119 153
119 154
119 155
119 156
119 157
119 159
119 160
119 162
119 166
119 168
119 169
119 171
119 172
119 173
119 174
119 177
119 178
119 179
119 182
119 183
119 186
119 187
119 188
119 189
119 190
119 193
119 194
119 195
119 196
119 198
119 199
120 122
120 123
120 124
120 126
120 127
120 128
120 129
120 131
120 133
120 136
120 137
120 138
120 139
120 140
120 141
120 142
120 143
120 146
120 149
120 150
120 152
120 153
120 154
120 155
120 157
120 159
120 160
120 161
120 166
120 167
120 168
120 170
120 171
120 172
120 176
120 177
120 178
120 180
120 183
120 185
120 186
120 187
120 188
120 189
120 190
120 192
120 193
120 194
120 199
121 123
121 125
121 126
121 127
121 128
121 129
121 130
121 131
121 132
121 133
121 134
121 137
121 139
121 142
121 143
121 144
121 146
121 147
121 149
121 150
121 151
121 152
121 153
121 154
121 158
121 159
121 160
121 161
121 162
121 165
121 167
121 168
121 169
121 170
121 172
121 173
121 175
121 177
121 178
121 179
121 181
121 183
121 185
121 194
121 197
121 198
121 199
122 123
122 126
122 127
122 128
122 129
122 130
122 134
122 135
122 137
122 138
122 139
122 140
122 141
122 143
122 149
122 152
122 154
122 157
122 158
122 160
122 163
122 164
122 165
122 168
122 169
122 170
122 171
122 173
122 177
122 178
122 179
122 182
122 183
122 184
122 186
122 187
122 189
122 190
122 191
122 192
122 194
122 197
122 198
122 199
123 124
123 126
123 127
123 130
123 131
123 132
123 133
123 135
123 138
123 140
123 143
123 144
123 149
123 151
123 152
123 153
123 154
123 156
123 157
123 159
123 160
123 161
123 162
123 163
123 164
123 165
123 166
123 167
123 168
123 170
123 177
123 178
123 179
123 181
123 182
123 183
123 185
123 188
123 192
123 193
123 194
123 195
123 196
123 197
123 198
124 126
124 127
124 131
124 132
124 135
124 137
124 139
124 140
124 141
124 143
124 146
124 148
124 149
124 152
124 155
124 156
124 159
124 160
124 162
124 163
124 164
124 165
124 166
124 167
124 168
124 169
124 170
124 172
124 173
124 174
124 176
124 178
124 185
124 186
124 187
124 188
124 189
124 191
124 193
124 194
124 195
124 196
124 199
125 127
125 129
125 130
125 131
125 132
125 134
125 135
125 140
125 141
125 143
125 144
125 145
125 146
125 147
125 150
125 152
125 153
125 155
125 158
125 161
125 163
125 165
125 166
125 167
125 169
125 170
125 171
125 172
125 175
125 177
125 178
125 181
125 182
125 184
125 187
125 189
125 191
125 192
125 193
125 199
126 128
126 129
126 130
126 131
126 132
126 134
126 136
126 137
126 141
126 142
126 143
126 145
126 149
126 151
126 152
126 153
126 157
126 160
126 161
126 162
126 164
126 165
126 167
126 171
126 172
126 173
126 176
126 179
126 180
126 181
126 182
126 183
126 186
126 188
126 193
126 197
126 198
126 199
127 129
127 132
127 133
127 135
127 136
127 137
127 139
127 140
127 141
127 142
127 143
127 145
127 146
127 147
127 149
127 150
127 153
127 154
127 155
127 158
127 159
127 162
127 163
127 164
127 165
127 166
127 168
127 169
127 170
127 171
127 172
127 174
127 175
127 176
127 177
127 178
127 179
127 180
127 184
127 185
127 186
127 191
127 192
127 194
127 195
127 196
127 198
128 132
128 133
128 134
128 135
128 137
128 139
128 143
128 144
128 146
128 148
128 150
128 151
128 153
128 154
128 155
128 157
128 162
128 163
128 164
128 165
128 166
128 167
128 168
128 170
128 174
128 176
128 178
128 181
128 182
128 183
128 185
128 187
128 188
128 189
128 190
128 192
128 193
128 194
128 195
128 197
128 198
128 199
129 131
129 132
129 135
129 136
129 137
129 138
129 139
129 145
129 146
129 147
129 148
129 150
129 159
129 160
129 161
129 162
129 164
129 166
129 167
129 168
129 169
129 171
129 172
129 173
129 175
129 176
129 179
129 181
129 182
129 183
129 184
129 185
129 186
129 188
129 189
129 190
129 194
129 195
129 197
130 131
130 132
130 133
130 134
130 135
130 136
130 139
130 141
130 144
130 145
130 147
130 148
130 149
130 150
130 153
130 154
130 157
130 158
130 160
130 161
130 162
130 163
130 165
130 166
130 167
130 168
130 172
130 175
130 176
130 177
130 179
130 180
130 181
130 182
130 186
130 187
130 189
130 195
130 196
130 198
130 199
131 135
131 136
131 141
131 142
131 149
131 150
131 151
131 152
131 154
131 156
131 157
131 159
131 160
131 161
131 162
131 163
131 166
131 170
131 171
131 173
131 175
131 176
131 177
131 178
131 179
131 180
131 183
131 185
131 186
131 187
131 188
131 190
131 192
131 193
131 194
131 195
131 196
131 198
132 133
132 134
132 137
132 138
132 141
132 143
132 144
132 145
132 148
132 150
132 152
132 153
132 154
132 156
132 157
132 158
132 162
132 163
132 164
132 166
132 167
132 168
132 170
132 171
132 172
132 176
132 178
132 179
132 180
132 185
132 187
132 188
132 190
132 191
132 196
132 197
132 198
132 199
133 136
133 137
133 138
133 139
133 141
133 143
133 145
133 146
133 147
133 149
133 150
133 151
133 153
133 154
133 156
133 157
133 158
133 159
133 160
133 162
133 163
133 164
133 165
133 166
133 168
133 170
133 171
133 173
133 174
133 177
133 178
133 180
133 181
133 182
133 186
133 187
133 192
133 194
133 199
134 135
134 137
134 139
134 141
134 143
134 146
134 147
134 150
134 151
134 152
134 153
134 154
134 156
134 158
134 159
134 160
134 161
134 162
134 163
134 166
134 167
134 169
134 170
134 171
134 174
134 175
134 176
134 178
134 180
134 181
134 182
134 183
134 184
134 185
134 186
134 189
134 191
134 192
134 193
134 194
134 195
134 197
134 198
134 199
135 137
135 139
135 141
135 143
135 145
135 147
135 150
135 152
135 153
135 154
135 155
135 160
135 162
135 165
135 166
135 167
135 168
135 169
135 170
135 171
135 172
135 173
135 174
135 176
135 179
135 180
135 181
135 182
135 189
135 190
135 191
135 193
135 196
135 197
135 198
135 199
136 137
136 139
136 140
136 141
136 142
136 146
136 147
136 148
136 149
136 150
136 151
136 152
136 155
136 157
136 158
136 159
136 162
136 163
136 164
136 166
136 167
136 169
136 171
136 172
136 173
136 174
136 175
136 180
136 182
136 184
136 185
136 186
136 187
136 188
136 189
136 191
136 192
136 193
136 196
136 197
137 138
137 142
137 143
137 144
137 145
137 148
137 149
137 150
137 152
137 153
137 155
137 156
137 157
137 158
137 159
137 161
137 162
137 166
137 167
137 170
137 171
137 173
137 174
137 175
137 176
137 177
137 178
137 179
137 180
137 181
137 182
137 184
137 186
137 187
137 190
137 191
137 192
137 193
137 194
137 195
137 198
138 139
138 140
138 141
138 143
138 146
138 148
138 154
138 156
138 160
138 161
138 164
138 165
138 167
138 168
138 170
138 172
138 176
138 177
138 178
138 181
138 184
138 186
138 187
138 189
138 190
138 193
138 194
139 140
139 141
139 143
139 144
139 145
139 146
139 147
139 150
139 151
139 152
139 155
139 157
139 159
139 160
139 161
139 164
139 165
139 166
139 167
139 168
139 169
139 171
139 172
139 173
139 175
139 176
139 177
139 178
139 181
139 182
139 183
139 184
139 185
139 189
139 190
139 191
139 192
139 194
139 195
139 197
139 199
140 141
140 142
140 143
140 148
140 149
140 150
140 153
140 155
140 156
140 157
140 160
140 161
140 163
140 165
140 167
140 168
140 169
140 170
140 171
140 172
140 173
140 174
140 175
140 176
140 180
140 181
140 183
140 184
140 186
140 187
140 188
140 190
140 191
140 195
140 196
140 198
140 199
141 142
141 143
141 146
141 148
141 149
141 150
141 152
141 157
141 158
141 162
141 164
141 165
141 166
141 167
141 171
141 173
141 176
141 177
141 178
141 180
141 182
141 184
141 189
141 190
141 191
141 192
141 199
142 143
142 144
142 145
142 147
142 148
142 151
142 152
142 153
142 158
142 160
142 164
142 165
142 166
142 168
142 169
142 170
142 171
142 172
142 173
142 175
142 176
142 177
142 178
142 179
142 180
142 181
142 183
142 184
142 185
142 188
142 189
142 190
142 192
142 194
142 196
142 197
142 198
143 144
143 145
143 148
143 152
143 154
143 156
143 158
143 162
143 163
143 164
143 165
143 169
143 171
143 172
143 178
143 179
143 180
143 184
143 185
143 188
143 189
143 190
143 193
143 194
143 195
143 196
143 198
143 199
144 148
144 149
144 151
144 153
144 154
144 157
144 158
144 160
144 163
144 165
144 166
144 167
144 168
144 169
144 170
144 171
144 172
144 176
144 178
144 179
144 181
144 182
144 183
144 186
144 189
144 190
144 191
144 192
144 194
144 195
144 198
145 146
145 149
145 150
145 151
145 152
145 153
145 154
145 157
145 159
145 160
145 162
145 164
145 169
145 171
145 173
145 174
145 175
145 177
145 180
145 184
145 185
145 186
145 187
145 188
145 190
145 193
145 198
145 199
146 148
146 150
146 151
146 153
146 154
146 156
146 157
146 160
146 161
146 163
146 164
146 165
146 168
146 169
146 172
146 174
146 176
146 177
146 178
146 180
146 181
146 185
146 186
146 193
146 196
146 197
146 198
146 199
147 149
147 150
147 152
147 153
147 154
147 155
147 156
147 158
147 159
147 161
147 162
147 163
147 164
147 165
147 166
147 167
147 168
147 169
147 170
147 171
147 173
147 174
147 176
147 178
147 179
147 180
147 184
147 185
147 186
147 188
147 189
147 192
147 193
147 194
147 195
147 197
147 198
147 199
148 149
148 150
148 151
148 152
148 156
148 159
148 160
148 161
148 163
148 166
148 167
148 168
148 169
148 170
148 173
148 174
148 176
148 177
148 180
148 182
148 183
148 184
148 185
148 186
148 187
148 188
148 189
148 195
148 196
149 154
149 155
149 159
149 160
149 162
149 163
149 165
149 168
149 169
149 170
149 171
149 173
149 174
149 175
149 177
149 178
149 180
149 181
149 183
149 184
149 186
149 187
149 188
149 189
149 191
149 192
149 193
149 198
149 199
150 151
150 152
150 155
150 157
150 158
150 160
150 161
150 162
150 164
150 165
150 166
150 167
150 168
150 171
150 172
150 173
150 176
150 178
150 179
150 180
150 182
150 184
150 185
150 186
150 188
150 190
150 191
150 192
150 193
150 195
150 196
151 153
151 155
151 156
151 157
151 158
151 159
151 160
151 162
151 164
151 166
151 168
151 171
151 173
151 174
151 176
151 177
151 178
151 179
151 180
151 181
151 182
151 183
151 185
151 189
151 191
151 192
151 195
151 198
152 154
152 155
152 159
152 161
152 163
152 166
152 167
152 168
152 169
152 172
152 176
152 177
152 178
152 180
152 182
152 183
152 184
152 185
152 187
152 188
152 189
152 190
152 192
152 193
152 196
152 199
153 155
153 157
153 158
153 161
153 164
153 166
153 169
153 173
153 174
153 175
153 176
153 177
153 182
153 183
153 184
153 185
153 186
153 187
153 190
153 191
153 193
153 194
153 198
153 199
154 156
154 159
154 160
154 161
154 166
154 167
154 168
154 172
154 173
154 175
154 176
154 177
154 179
154 180
154 181
154 183
154 184
154 185
154 187
154 188
154 190
154 191
154 192
154 193
154 194
154 195
154 197
154 199
155 156
155 158
155 159
155 162
155 163
155 165
155 167
155 168
155 170
155 172
155 174
155 176
155 178
155 179
155 180
155 181
155 183
155 184
155 188
155 190
155 194
155 195
155 196
155 199
156 157
156 159
156 160
156 161
156 162
156 163
156 165
156 168
156 170
156 171
156 172
156 173
156 174
156 175
156 176
156 177
156 180
156 183
156 184
156 187
156 189
156 195
156 196
156 197
156 198
157 158
157 160
157 161
157 162
157 163
157 164
157 167
157 169
157 173
157 174
157 179
157 180
157 182
157 183
157 185
157 186
157 188
157 190
157 194
157 196
157 198
158 159
158 163
158 164
158 166
158 168
158 169
158 170
158 172
158 175
158 176
158 177
158 178
158 183
158 184
158 186
158 187
158 189
158 191
158 192
158 194
158 196
158 197
159 160
159 163
159 165
159 167
159 168
159 169
159 171
159 173
159 174
159 175
159 176
159 177
159 179
159 182
159 185
159 188
159 189
159 190
159 191
159 192
159 194
159 195
159 197
159 198
160 164
160 166
160 167
160 168
160 169
160 170
160 171
160 173
160 174
160 175
160 178
160 180
160 181
160 182
160 184
160 185
160 186
160 187
160 188
160 189
160 190
160 191
160 192
160 193
160 195
160 196
160 198
160 199
161 162
161 164
161 166
161 167
161 169
161 170
161 171
161 174
161 175
161 176
161 177
161 179
161 182
161 183
161 185
161 186
161 187
161 188
161 189
161 191
161 193
161 194
161 196
161 197
161 198
162 164
162 167
162 169
162 170
162 173
162 174
162 175
162 176
162 178
162 179
162 180
162 181
162 183
162 184
162 188
162 189
162 190
162 191
162 192
162 195
162 196
162 197
162 198
162 199
163 164
163 166
163 170
163 171
163 173
163 174
163 176
163 177
163 179
163 180
163 181
163 182
163 185
163 186
163 188
163 190
163 191
163 194
163 196
163 197
163 198
164 165
164 166
164 167
164 169
164 170
164 171
164 172
164 173
164 175
164 177
164 179
164 181
164 182
164 185
164 186
164 187
164 188
164 189
164 190
164 191
164 192
164 193
164 194
164 195
164 196
164 197
164 198
164 199
165 166
165 168
165 169
165 170
165 171
165 172
165 175
165 177
165 178
165 179
165 180
165 182
165 183
165 186
165 187
165 190
165 191
165 192
165 193
165 195
165 196
165 197
165 198
166 167
166 169
166 170
166 171
166 173
166 179
166 181
166 182
166 183
166 184
166 185
166 188
166 189
166 190
166 193
166 195
166 199
167 168
167 170
167 173
167 175
167 176
167 177
167 178
167 179
167 180
167 181
167 182
167 183
167 184
167 185
167 189
167 192
167 197
167 199
168 171
168 172
168 175
168 179
168 180
168 182
168 185
168 188
168 189
168 190
168 191
168 192
168 193
168 194
168 196
168 198
169 173
169 175
169 176
169 179
169 180
169 181
169 184
169 186
169 187
169 188
169 191
169 194
169 196
169 197
169 198
170 171
170 173
170 175
170 177
170 180
170 181
170 182
170 183
170 184
170 185
170 186
170 188
170 189
170 190
170 191
170 192
170 194
170 196
171 173
171 176
171 178
171 179
171 180
171 187
171 188
171 189
171 191
171 192
171 195
171 197
171 198
171 199
172 173
172 174
172 175
172 176
172 177
172 178
172 179
172 180
172 183
172 185
172 188
172 189
172 190
172 191
172 194
172 195
172 197
172 198
173 175
173 176
173 177
173 178
173 179
173 180
173 183
173 184
173 187
173 192
173 193
173 194
173 195
173 196
173 197
173 198
173 199
174 175
174 177
174 178
174 179
174 181
174 182
174 186
174 187
174 188
174 189
174 192
174 193
174 197
174 198
175 176
175 177
175 178
175 180
175 183
175 185
175 186
175 187
175 188
175 189
175 190
175 192
175 195
175 196
175 199
176 179
176 180
176 181
176 182
176 184
176 186
176 187
176 189
176 190
176 194
176 197
176 198
176 199
177 178
177 179
177 180
177 181
177 182
177 184
177 185
177 186
177 188
177 192
177 193
177 197
177 198
177 199
178 179
178 180
178 182
178 191
178 192
178 193
178 194
178 195
178 196
178 197
179 181
179 182
179 189
179 191
179 192
179 195
179 198
180 184
180 185
180 188
180 190
180 191
180 193
180 195
180 198
180 199
181 182
181 183
181 187
181 188
181 189
181 190
181 191
181 192
181 194
181 195
181 197
181 198
182 183
182 184
182 185
182 186
182 187
182 189
182 190
182 191
182 192
182 195
182 198
182 199
183 184
183 187
183 188
183 189
183 190
183 191
183 192
183 194
183 196
184 189
184 190
184 192
184 193
184 195
184 196
184 197
184 198
184 199
185 186
185 187
185 188
185 190
185 191
185 192
185 193
185 195
185 197
185 198
185 199
186 188
186 189
186 191
186 192
186 193
186 194
186 195
186 197
186 198
187 188
187 189
187 191
187 192
187 194
187 195
187 196
187 197
187 198
187 199
188 189
188 190
188 191
188 193
188 197
188 198
188 199
189 191
189 193
189 194
189 198
189 199
190 191
190 192
190 193
190 196
190 197
190 199
191 193
191 194
191 195
191 197
191 198
192 193
192 194
192 195
192 196
192 197
193 194
193 197
193 198
193 199
194 195
194 197
194 198
195 197
195 199
196 197
196 198
196 199
197 198
197 199
198 199
