200 5392
75 24
77 91
68 46
15 18
25 68
10 58
62 12
73 93
65 95
75 22
84 28
28 52
67 33
89 72
12 20
17 97
80 15
49 70
59 97
58 93
85 21
100 50
62 49
25 56
30 23
35 67
73 73
69 46
75 42
67 31
73 96
34 54
23 94
70 57
98 33
43 71
65 42
23 89
67 84
27 97
41 70
30 35
76 82
40 67
44 33
36 67
78 79
45 65
26 92
67 27
32 40
45 87
96 41
61 96
34 16
95 93
25 94
66 37
77 30
81 75
92 65
99 22
76 29
10 47
47 63
32 95
84 20
71 70
31 86
33 78
39 19
63 50
25 67
69 28
11 100
23 22
70 68
58 70
84 23
48 23
62 26
54 98
31 49
89 31
95 25
30 34
13 31
75 93
29 58
12 90
26 51
97 19
99 68
27 42
28 73
28 49
29 34
98 61
72 33
43 85
60 63
92 15
11 21
18 44
14 10
28 30
88 49
63 81
79 47
48 63
95 75
72 33
97 60
11 37
43 83
48 21
90 40
89 16
37 33
36 10
81 64
87 53
28 57
70 74
13 13
98 37
19 37
68 16
57 41
46 27
49 36
59 23
33 11
89 80
93 36
78 100
22 27
73 55
93 41
24 75
59 69
73 78
100 99
89 52
69 50
57 22
73 42
16 42
78 98
79 51
82 87
41 66
22 31
28 22
49 70
42 31
96 18
28 81
58 96
45 96
24 44
29 39
29 40
21 53
52 57
80 91
41 87
100 41
64 66
96 10
89 36
70 29
92 79
99 37
74 51
43 72
26 33
17 62
70 89
99 43
49 99
14 16
67 88
55 61
78 78
59 52
67 24
89 57
41 26
23 39
36 68
39 45
20 91
61 82
28 23
42 64
22 69
77 55
25 59
24 94
3925
0 4
0 14
0 20
0 21
0 29
0 32
0 33
0 34
0 42
0 46
0 49
0 50
0 58
0 61
0 63
0 65
0 66
0 71
0 73
0 79
0 81
0 93
0 94
0 98
0 99
0 100
0 105
0 112
0 117
0 120
0 121
0 123
0 127
0 133
0 137
0 145
0 151
0 157
0 162
0 163
0 171
0 193
0 196
1 13
1 14
1 17
1 21
1 27
1 34
1 39
1 44
1 55
1 88
1 100
1 101
1 109
1 112
1 119
1 125
1 130
1 135
1 136
1 137
1 142
1 143
1 145
1 149
1 151
1 155
1 165
1 169
1 173
1 187
1 199
2 21
2 22
2 28
2 30
2 32
2 34
2 38
2 42
2 53
2 55
2 57
2 61
2 65
2 67
2 69
2 72
2 81
2 82
2 84
2 87
2 88
2 90
2 105
2 109
2 110
2 111
2 116
2 118
2 130
2 137
2 138
2 139
2 143
2 160
2 172
2 196
2 197
3 4
3 10
3 11
3 17
3 19
3 27
3 31
3 43
3 44
3 48
3 49
3 58
3 60
3 64
3 65
3 67
3 69
3 73
3 74
3 75
3 76
3 77
3 82
3 83
3 85
3 89
3 90
3 91
3 100
3 114
3 117
3 120
3 125
3 127
3 130
3 140
3 141
3 145
3 147
3 161
3 162
3 164
3 170
3 173
3 176
3 177
3 179
3 185
3 186
3 187
3 195
3 198
4 7
4 8
4 30
4 40
4 47
4 49
4 54
4 62
4 63
4 65
4 66
4 88
4 89
4 90
4 91
4 104
4 123
4 125
4 135
4 136
4 144
4 152
4 154
4 163
4 165
4 174
4 176
4 179
4 185
4 187
4 191
4 197
5 6
5 15
5 17
5 23
5 24
5 35
5 37
5 43
5 44
5 45
5 46
5 48
5 52
5 57
5 60
5 61
5 64
5 71
5 72
5 80
5 86
5 92
5 93
5 97
5 98
5 102
5 105
5 110
5 113
5 117
5 120
5 121
5 128
5 130
5 137
5 149
5 153
5 158
5 160
5 166
5 179
5 181
5 197
6 7
6 8
6 13
6 18
6 22
6 29
6 32
6 33
6 34
6 35
6 38
6 46
6 48
6 50
6 53
6 64
6 78
6 83
6 100
6 103
6 111
6 112
6 121
6 122
6 136
6 139
6 140
6 144
6 146
6 151
6 153
6 155
6 168
6 169
6 173
6 174
6 177
6 179
6 186
6 187
6 196
6 199
7 10
7 16
7 18
7 20
7 23
7 27
7 31
7 37
7 43
7 49
7 50
7 56
7 60
7 69
7 73
7 74
7 82
7 87
7 89
7 96
7 101
7 103
7 107
7 110
7 111
7 112
7 114
7 116
7 123
7 132
7 136
7 137
7 151
7 163
7 166
7 171
7 175
7 178
7 181
7 191
7 197
8 10
8 14
8 21
8 26
8 29
8 41
8 42
8 45
8 49
8 54
8 58
8 65
8 71
8 76
8 79
8 83
8 89
8 91
8 94
8 97
8 104
8 105
8 107
8 116
8 124
8 131
8 138
8 142
8 147
8 152
8 160
8 162
8 163
8 166
8 172
8 174
8 175
8 187
8 189
8 190
8 197
9 20
9 23
9 33
9 36
9 45
9 47
9 48
9 54
9 57
9 61
9 63
9 67
9 70
9 72
9 78
9 88
9 91
9 98
9 101
9 102
9 103
9 105
9 111
9 118
9 126
9 129
9 148
9 152
9 156
9 160
9 165
9 167
9 170
9 180
9 192
9 194
9 195
10 11
10 14
10 17
10 24
10 28
10 35
10 40
10 44
10 45
10 47
10 50
10 67
10 69
10 74
10 86
10 94
10 97
10 102
10 112
10 117
10 119
10 124
10 132
10 138
10 144
10 156
10 166
10 167
10 195
10 198
11 12
11 22
11 33
11 34
11 50
11 55
11 60
11 62
11 71
11 73
11 74
11 81
11 89
11 101
11 105
11 107
11 111
11 119
11 120
11 126
11 130
11 139
11 143
11 148
11 152
11 159
11 173
11 175
11 178
11 185
11 186
11 189
11 190
11 191
11 192
11 193
11 197
12 13
12 23
12 27
12 28
12 38
12 41
12 42
12 46
12 56
12 57
12 61
12 70
12 78
12 79
12 80
12 90
12 91
12 95
12 97
12 99
12 106
12 107
12 109
12 116
12 133
12 136
12 137
12 143
12 144
12 151
12 155
12 156
12 161
12 192
12 197
13 16
13 39
13 43
13 44
13 45
13 46
13 47
13 48
13 53
13 55
13 57
13 61
13 68
13 71
13 73
13 78
13 83
13 93
13 104
13 105
13 117
13 119
13 121
13 122
13 125
13 127
13 135
13 139
13 140
13 142
13 145
13 147
13 154
13 156
13 164
13 167
13 172
13 179
13 186
13 189
13 192
14 19
14 25
14 26
14 29
14 38
14 45
14 49
14 50
14 60
14 63
14 68
14 74
14 76
14 77
14 78
14 87
14 88
14 91
14 92
14 95
14 104
14 105
14 107
14 111
14 113
14 114
14 115
14 117
14 145
14 155
14 157
14 163
14 168
14 173
14 174
14 176
14 197
15 18
15 42
15 45
15 50
15 59
15 73
15 78
15 79
15 82
15 92
15 99
15 101
15 105
15 115
15 122
15 131
15 135
15 149
15 153
15 154
15 156
15 165
15 167
15 172
15 175
15 181
15 198
16 19
16 20
16 23
16 24
16 28
16 30
16 31
16 36
16 40
16 44
16 52
16 55
16 61
16 66
16 74
16 75
16 90
16 93
16 97
16 98
16 101
16 102
16 108
16 109
16 114
16 132
16 133
16 135
16 140
16 144
16 145
16 151
16 168
16 181
16 185
16 186
16 187
16 189
16 197
17 18
17 25
17 31
17 36
17 49
17 54
17 74
17 77
17 84
17 91
17 93
17 94
17 95
17 108
17 112
17 128
17 142
17 144
17 146
17 149
17 151
17 154
17 164
17 179
17 186
18 27
18 35
18 42
18 43
18 52
18 55
18 56
18 57
18 65
18 89
18 92
18 96
18 102
18 115
18 116
18 118
18 120
18 121
18 124
18 126
18 129
18 131
18 138
18 146
18 148
18 149
18 150
18 157
18 164
18 166
18 168
18 181
18 191
18 194
18 197
19 20
19 23
19 26
19 33
19 35
19 41
19 57
19 75
19 88
19 92
19 95
19 96
19 100
19 106
19 108
19 114
19 116
19 126
19 128
19 134
19 158
19 161
19 166
19 171
19 175
19 177
19 183
19 186
19 192
19 195
20 24
20 50
20 56
20 59
20 63
20 68
20 73
20 82
20 83
20 85
20 86
20 91
20 95
20 97
20 107
20 113
20 133
20 136
20 137
20 141
20 145
20 147
20 152
20 158
20 160
20 164
20 170
20 171
20 176
20 180
20 186
20 187
20 195
21 23
21 36
21 39
21 59
21 70
21 82
21 94
21 95
21 99
21 103
21 105
21 108
21 114
21 116
21 118
21 124
21 126
21 128
21 133
21 135
21 136
21 141
21 142
21 145
21 148
21 156
21 158
21 166
21 189
21 197
22 33
22 40
22 42
22 44
22 54
22 57
22 65
22 76
22 80
22 84
22 87
22 88
22 97
22 114
22 117
22 120
22 123
22 134
22 137
22 138
22 139
22 145
22 169
22 172
22 182
22 185
23 25
23 28
23 29
23 32
23 40
23 41
23 44
23 66
23 70
23 73
23 78
23 79
23 89
23 98
23 110
23 123
23 125
23 132
23 133
23 134
23 144
23 149
23 151
23 159
23 161
23 168
23 169
23 170
23 177
23 180
23 181
24 28
24 40
24 41
24 42
24 44
24 52
24 65
24 66
24 67
24 82
24 87
24 98
24 104
24 105
24 107
24 116
24 142
24 148
24 150
24 159
24 160
24 164
24 171
24 173
24 177
24 181
24 182
24 183
24 185
24 188
24 190
24 195
25 29
25 40
25 43
25 45
25 49
25 52
25 56
25 58
25 64
25 71
25 72
25 73
25 74
25 82
25 84
25 85
25 86
25 89
25 92
25 93
25 100
25 103
25 108
25 109
25 113
25 119
25 126
25 132
25 134
25 136
25 142
25 144
25 147
25 155
25 158
25 166
25 169
25 170
25 171
25 172
25 173
25 186
25 195
25 196
26 35
26 42
26 61
26 65
26 68
26 80
26 84
26 86
26 89
26 90
26 96
26 108
26 112
26 119
26 123
26 125
26 140
26 145
26 166
26 167
26 169
26 190
26 193
26 196
27 34
27 35
27 36
27 47
27 49
27 58
27 62
27 64
27 71
27 73
27 74
27 78
27 79
27 82
27 90
27 94
27 96
27 102
27 106
27 107
27 121
27 122
27 128
27 129
27 131
27 134
27 141
27 149
27 155
27 157
27 174
27 176
27 184
27 186
27 187
27 188
27 189
27 192
27 193
27 198
28 31
28 33
28 34
28 35
28 46
28 48
28 52
28 69
28 70
28 71
28 76
28 79
28 81
28 82
28 85
28 92
28 99
28 102
28 106
28 107
28 108
28 110
28 117
28 125
28 132
28 133
28 135
28 139
28 146
28 150
28 153
28 158
28 160
28 170
28 176
28 180
28 184
28 192
28 193
29 35
29 41
29 45
29 47
29 49
29 50
29 51
29 52
29 54
29 57
29 60
29 62
29 72
29 73
29 75
29 77
29 93
29 94
29 100
29 112
29 113
29 114
29 115
29 125
29 143
29 147
29 148
29 152
29 163
29 165
29 169
29 188
29 191
29 192
29 196
30 33
30 34
30 37
30 40
30 43
30 47
30 55
30 57
30 60
30 64
30 67
30 77
30 83
30 87
30 99
30 102
30 104
30 105
30 109
30 111
30 115
30 123
30 133
30 140
30 146
30 150
30 158
30 167
30 173
30 177
30 178
30 182
30 188
30 195
31 34
31 38
31 42
31 51
31 53
31 60
31 62
31 63
31 64
31 74
31 81
31 84
31 87
31 90
31 97
31 102
31 105
31 107
31 119
31 121
31 124
31 127
31 128
31 129
31 133
31 141
31 146
31 147
31 150
31 151
31 154
31 158
31 162
31 165
31 166
31 169
31 172
31 173
31 178
31 181
31 195
31 197
32 33
32 34
32 44
32 49
32 68
32 77
32 79
32 83
32 86
32 88
32 90
32 97
32 104
32 111
32 120
32 122
32 124
32 131
32 134
32 138
32 145
32 146
32 161
32 170
32 171
32 179
32 190
32 194
32 195
32 198
32 199
33 40
33 42
33 45
33 52
33 54
33 55
33 61
33 63
33 64
33 65
33 69
33 75
33 76
33 86
33 92
33 99
33 104
33 106
33 114
33 116
33 121
33 122
33 137
33 141
33 151
33 152
33 157
33 164
33 179
33 180
33 186
34 36
34 43
34 50
34 52
34 53
34 54
34 55
34 62
34 65
34 68
34 93
34 98
34 100
34 112
34 113
34 119
34 133
34 149
34 152
34 170
34 174
34 175
34 177
34 179
34 185
34 188
34 195
34 198
35 40
35 44
35 50
35 57
35 60
35 67
35 75
35 78
35 79
35 80
35 83
35 89
35 90
35 97
35 109
35 114
35 115
35 116
35 124
35 125
35 129
35 132
35 146
35 150
35 167
35 172
35 186
35 188
35 190
35 194
35 197
36 39
36 41
36 42
36 44
36 46
36 47
36 48
36 50
36 56
36 67
36 69
36 71
36 72
36 74
36 81
36 83
36 84
36 96
36 97
36 108
36 116
36 119
36 123
36 125
36 132
36 136
36 151
36 159
36 162
36 177
36 188
37 39
37 41
37 43
37 48
37 69
37 80
37 81
37 83
37 85
37 94
37 96
37 98
37 99
37 103
37 108
37 109
37 111
37 114
37 116
37 120
37 121
37 122
37 130
37 137
37 139
37 142
37 153
37 168
37 176
37 182
37 187
37 197
38 42
38 45
38 46
38 47
38 54
38 55
38 57
38 60
38 61
38 66
38 67
38 80
38 88
38 91
38 98
38 106
38 109
38 113
38 116
38 118
38 123
38 145
38 147
38 149
38 150
38 151
38 152
38 153
38 156
38 157
38 159
38 172
38 175
38 176
38 182
38 196
39 40
39 48
39 49
39 53
39 54
39 66
39 69
39 75
39 81
39 83
39 91
39 97
39 107
39 109
39 111
39 115
39 132
39 142
39 143
39 148
39 150
39 153
39 166
39 169
39 175
39 178
39 180
39 189
39 190
39 193
40 41
40 46
40 48
40 49
40 52
40 53
40 54
40 58
40 61
40 62
40 64
40 70
40 71
40 75
40 83
40 88
40 89
40 90
40 95
40 97
40 99
40 100
40 103
40 108
40 113
40 115
40 119
40 125
40 128
40 135
40 140
40 146
40 150
40 152
40 154
40 155
40 158
40 164
40 168
40 175
40 176
40 179
40 183
40 184
40 186
40 190
40 191
41 56
41 58
41 59
41 62
41 63
41 65
41 73
41 75
41 81
41 84
41 85
41 95
41 101
41 120
41 124
41 126
41 129
41 138
41 139
41 142
41 143
41 147
41 156
41 176
41 180
41 181
41 191
41 196
41 198
41 199
42 45
42 47
42 52
42 55
42 58
42 62
42 65
42 71
42 92
42 98
42 99
42 102
42 104
42 108
42 124
42 127
42 128
42 131
42 140
42 143
42 149
42 150
42 151
42 158
42 160
42 162
42 175
42 184
42 190
42 193
42 195
43 47
43 59
43 65
43 67
43 70
43 75
43 77
43 79
43 82
43 84
43 93
43 96
43 101
43 107
43 110
43 125
43 126
43 127
43 134
43 135
43 142
43 144
43 145
43 148
43 149
43 152
43 154
43 156
43 162
43 165
43 168
43 174
43 177
43 187
43 192
43 194
44 49
44 50
44 68
44 75
44 81
44 86
44 92
44 94
44 104
44 109
44 110
44 112
44 118
44 124
44 133
44 134
44 138
44 146
44 148
44 149
44 150
44 158
44 159
44 168
44 169
44 176
44 198
45 46
45 51
45 59
45 60
45 82
45 84
45 93
45 103
45 106
45 114
45 116
45 119
45 126
45 127
45 134
45 135
45 141
45 143
45 144
45 146
45 147
45 149
45 151
45 152
45 157
45 158
45 176
45 189
45 196
45 198
46 55
46 59
46 60
46 64
46 66
46 68
46 70
46 71
46 72
46 73
46 74
46 75
46 78
46 79
46 82
46 95
46 98
46 100
46 107
46 114
46 116
46 118
46 119
46 124
46 127
46 134
46 144
46 146
46 153
46 154
46 155
46 158
46 169
46 175
46 182
46 187
47 50
47 52
47 59
47 65
47 74
47 85
47 87
47 89
47 93
47 98
47 99
47 108
47 132
47 139
47 148
47 150
47 156
47 162
47 179
47 188
47 190
47 191
47 195
47 196
47 197
47 199
48 50
48 51
48 56
48 65
48 67
48 68
48 70
48 71
48 73
48 74
48 90
48 93
48 107
48 111
48 134
48 138
48 144
48 146
48 155
48 162
48 163
48 167
48 168
48 170
48 171
48 176
48 177
48 180
48 188
48 196
48 199
49 59
49 63
49 76
49 88
49 96
49 98
49 104
49 107
49 123
49 124
49 125
49 126
49 128
49 131
49 136
49 137
49 152
49 154
49 160
49 167
49 169
49 171
49 175
49 177
49 179
49 192
49 195
50 71
50 76
50 81
50 82
50 85
50 93
50 94
50 104
50 106
50 117
50 130
50 135
50 137
50 141
50 143
50 144
50 145
50 151
50 161
50 163
50 173
50 177
50 178
50 180
50 185
50 196
51 54
51 56
51 57
51 61
51 63
51 77
51 79
51 82
51 87
51 99
51 101
51 103
51 104
51 106
51 117
51 122
51 128
51 134
51 143
51 152
51 154
51 156
51 160
51 169
51 174
51 182
51 183
51 184
51 193
52 55
52 60
52 61
52 64
52 77
52 79
52 85
52 87
52 88
52 94
52 98
52 106
52 110
52 112
52 119
52 120
52 128
52 135
52 138
52 143
52 144
52 150
52 163
52 164
52 168
52 173
52 186
52 188
52 189
52 194
53 55
53 57
53 59
53 61
53 62
53 70
53 74
53 78
53 80
53 84
53 87
53 91
53 92
53 97
53 99
53 101
53 107
53 108
53 109
53 110
53 113
53 122
53 126
53 131
53 137
53 145
53 147
53 157
53 158
53 159
53 168
53 171
53 175
53 182
53 186
54 55
54 56
54 58
54 65
54 66
54 67
54 88
54 92
54 100
54 109
54 112
54 127
54 132
54 135
54 136
54 141
54 149
54 156
54 162
54 164
54 165
54 172
54 173
54 177
54 180
54 187
54 194
54 196
54 197
54 198
55 64
55 65
55 67
55 68
55 78
55 79
55 80
55 82
55 84
55 90
55 99
55 100
55 118
55 126
55 138
55 139
55 142
55 146
55 147
55 148
55 169
55 176
55 181
55 187
55 195
55 199
56 64
56 78
56 79
56 89
56 95
56 97
56 102
56 105
56 109
56 113
56 134
56 137
56 141
56 160
56 162
56 169
56 170
56 172
56 180
56 184
56 187
56 189
57 61
57 68
57 70
57 73
57 74
57 83
57 84
57 86
57 91
57 95
57 98
57 102
57 110
57 112
57 115
57 119
57 120
57 124
57 127
57 142
57 146
57 148
57 150
57 156
57 162
57 164
57 177
57 181
57 182
57 185
57 188
57 191
57 195
57 199
58 61
58 64
58 65
58 69
58 70
58 71
58 74
58 81
58 91
58 94
58 108
58 111
58 119
58 129
58 136
58 137
58 138
58 142
58 143
58 145
58 153
58 156
58 157
58 159
58 161
58 168
58 169
58 171
58 172
58 173
58 175
58 177
58 182
58 187
58 191
58 192
58 197
58 199
59 60
59 79
59 90
59 124
59 125
59 129
59 133
59 135
59 143
59 144
59 146
59 151
59 153
59 156
59 161
59 175
59 184
59 193
59 196
59 198
60 64
60 73
60 76
60 82
60 91
60 93
60 104
60 113
60 119
60 131
60 141
60 148
60 152
60 157
60 159
60 165
60 173
60 178
60 180
60 181
60 182
60 185
60 193
60 194
60 198
61 69
61 73
61 80
61 82
61 85
61 88
61 94
61 98
61 104
61 110
61 114
61 119
61 120
61 125
61 127
61 138
61 144
61 145
61 151
61 152
61 154
61 155
61 158
61 161
61 162
61 169
61 171
61 175
61 177
61 191
62 102
62 105
62 117
62 122
62 126
62 134
62 136
62 138
62 140
62 158
62 160
62 162
62 170
62 172
62 174
62 188
62 193
62 197
63 64
63 76
63 80
63 81
63 83
63 86
63 104
63 116
63 118
63 119
63 123
63 128
63 133
63 138
63 143
63 145
63 149
63 156
63 161
63 176
63 177
63 178
63 179
63 185
63 189
63 194
63 196
64 67
64 73
64 84
64 85
64 88
64 92
64 100
64 104
64 108
64 116
64 122
64 123
64 125
64 143
64 158
64 161
64 167
64 169
64 170
64 180
64 196
64 197
64 198
65 75
65 81
65 89
65 90
65 92
65 96
65 100
65 104
65 108
65 120
65 124
65 129
65 130
65 134
65 141
65 146
65 147
65 153
65 154
65 155
65 156
65 167
65 171
65 173
65 174
65 190
65 192
66 68
66 70
66 73
66 77
66 81
66 83
66 84
66 89
66 90
66 91
66 94
66 109
66 126
66 131
66 136
66 139
66 145
66 147
66 151
66 156
66 166
66 169
66 172
66 178
66 181
66 182
66 189
66 195
66 198
67 79
67 81
67 85
67 87
67 92
67 96
67 101
67 110
67 114
67 118
67 120
67 125
67 129
67 138
67 139
67 140
67 143
67 151
67 155
67 183
67 187
67 189
67 193
67 196
68 78
68 79
68 90
68 91
68 99
68 103
68 104
68 105
68 113
68 117
68 124
68 127
68 131
68 135
68 141
68 142
68 143
68 150
68 153
68 164
68 165
68 167
68 172
68 175
68 190
68 193
68 196
68 199
69 70
69 73
69 74
69 75
69 77
69 83
69 84
69 92
69 95
69 106
69 110
69 114
69 117
69 121
69 122
69 128
69 133
69 137
69 138
69 141
69 142
69 153
69 165
69 168
69 171
69 189
69 192
69 196
70 72
70 75
70 76
70 94
70 99
70 101
70 108
70 112
70 118
70 119
70 143
70 152
70 167
70 168
70 173
70 177
70 181
70 186
70 190
70 191
70 192
71 74
71 77
71 83
71 86
71 87
71 99
71 101
71 120
71 121
71 122
71 125
71 127
71 128
71 136
71 138
71 164
71 167
71 172
71 177
71 181
72 81
72 82
72 93
72 94
72 99
72 110
72 120
72 121
72 122
72 127
72 135
72 137
72 147
72 149
72 153
72 155
72 164
72 167
72 174
72 177
72 193
72 199
73 79
73 81
73 83
73 87
73 97
73 103
73 109
73 120
73 130
73 133
73 135
73 143
73 145
73 152
73 157
73 167
73 168
73 176
73 198
74 76
74 77
74 78
74 80
74 89
74 91
74 92
74 93
74 99
74 100
74 102
74 106
74 112
74 115
74 126
74 130
74 153
74 164
74 169
74 181
74 184
74 191
74 197
74 198
75 77
75 79
75 93
75 95
75 110
75 117
75 126
75 127
75 133
75 136
75 144
75 150
75 153
75 156
75 165
75 170
75 180
75 187
75 189
75 193
76 82
76 92
76 93
76 98
76 107
76 109
76 114
76 117
76 125
76 128
76 129
76 142
76 152
76 170
76 178
76 187
77 83
77 84
77 86
77 89
77 95
77 101
77 102
77 113
77 116
77 118
77 123
77 124
77 125
77 130
77 140
77 142
77 145
77 146
77 157
77 170
77 196
78 80
78 83
78 85
78 91
78 96
78 97
78 110
78 115
78 136
78 138
78 140
78 150
78 155
78 161
78 171
78 178
78 180
78 182
78 189
78 198
78 199
79 86
79 96
79 99
79 101
79 103
79 113
79 116
79 127
79 128
79 130
79 132
79 141
79 161
79 162
79 167
79 176
79 183
79 186
79 189
79 191
79 193
79 194
80 95
80 96
80 110
80 114
80 115
80 119
80 130
80 134
80 143
80 149
80 150
80 152
80 153
80 156
80 158
80 162
80 182
80 188
80 190
80 192
80 194
80 199
81 84
81 86
81 87
81 90
81 92
81 101
81 102
81 109
81 115
81 118
81 121
81 127
81 133
81 148
81 149
81 152
81 157
81 163
81 167
81 181
81 185
81 188
81 190
81 194
82 85
82 97
82 98
82 104
82 106
82 109
82 112
82 116
82 120
82 121
82 124
82 126
82 132
82 136
82 139
82 146
82 147
82 152
82 155
82 158
82 159
82 160
82 175
82 176
82 184
82 185
82 195
82 198
83 86
83 88
83 89
83 90
83 106
83 115
83 125
83 131
83 136
83 139
83 151
83 153
83 156
83 158
83 169
83 173
83 174
83 176
83 181
83 193
83 195
84 89
84 91
84 94
84 112
84 113
84 114
84 117
84 121
84 125
84 132
84 142
84 143
84 145
84 149
84 151
84 153
84 158
84 163
84 164
84 169
84 175
84 186
85 91
85 92
85 94
85 95
85 96
85 99
85 109
85 112
85 119
85 124
85 125
85 132
85 137
85 140
85 141
85 155
85 157
85 167
85 175
85 187
86 88
86 91
86 94
86 95
86 98
86 102
86 105
86 106
86 110
86 113
86 120
86 125
86 126
86 137
86 152
86 156
86 158
86 166
86 175
86 186
86 188
86 189
86 192
86 199
87 95
87 103
87 110
87 119
87 124
87 126
87 130
87 144
87 147
87 150
87 151
87 153
87 157
87 158
87 159
87 163
87 173
87 176
87 178
87 186
87 187
87 188
87 190
87 191
87 193
87 195
88 90
88 97
88 98
88 109
88 111
88 113
88 115
88 132
88 133
88 138
88 152
88 159
88 164
88 173
88 175
88 176
88 186
88 191
88 192
88 197
88 199
89 90
89 102
89 107
89 111
89 119
89 121
89 122
89 128
89 131
89 132
89 139
89 142
89 144
89 148
89 156
89 165
89 167
89 174
89 182
89 184
89 185
89 194
89 195
90 95
90 113
90 114
90 115
90 119
90 124
90 127
90 135
90 141
90 145
90 146
90 149
90 152
90 171
90 172
90 174
90 180
90 182
90 184
90 187
90 191
90 194
90 196
91 100
91 109
91 110
91 113
91 121
91 132
91 133
91 134
91 136
91 137
91 138
91 139
91 143
91 153
91 158
91 164
91 165
91 171
91 190
91 192
91 196
92 95
92 96
92 98
92 100
92 103
92 104
92 105
92 109
92 115
92 119
92 122
92 125
92 129
92 134
92 136
92 140
92 151
92 154
92 155
92 159
92 171
92 188
92 191
93 104
93 106
93 110
93 113
93 115
93 132
93 136
93 144
93 145
93 151
93 152
93 154
93 159
93 172
93 176
93 181
93 183
93 184
93 187
93 195
94 99
94 101
94 102
94 118
94 123
94 130
94 134
94 136
94 141
94 142
94 143
94 151
94 154
94 155
94 159
94 166
94 168
94 170
94 180
94 181
94 182
94 197
95 99
95 100
95 103
95 107
95 109
95 111
95 117
95 121
95 125
95 133
95 144
95 146
95 152
95 154
95 169
95 174
95 176
95 182
95 183
95 189
95 192
95 194
95 199
96 106
96 108
96 109
96 111
96 112
96 117
96 119
96 120
96 124
96 125
96 129
96 131
96 135
96 147
96 160
96 166
96 168
96 174
96 176
96 184
96 186
96 194
96 198
97 103
97 114
97 116
97 119
97 125
97 126
97 129
97 145
97 149
97 156
97 161
97 164
97 165
97 167
97 168
97 170
97 175
97 188
97 192
97 194
97 196
98 99
98 104
98 105
98 106
98 109
98 111
98 113
98 114
98 124
98 128
98 134
98 136
98 145
98 149
98 150
98 154
98 159
98 163
98 175
98 176
98 179
98 182
98 190
98 193
98 195
98 197
99 103
99 104
99 105
99 114
99 118
99 119
99 127
99 128
99 173
99 174
99 178
99 184
99 187
99 189
99 191
99 194
99 197
100 102
100 113
100 116
100 120
100 121
100 128
100 136
100 146
100 169
100 177
100 180
100 185
100 189
100 190
100 191
100 192
100 196
100 197
101 104
101 110
101 117
101 125
101 132
101 133
101 142
101 144
101 148
101 149
101 151
101 153
101 155
101 162
101 163
101 164
101 167
101 168
101 175
101 182
101 184
101 193
101 194
101 199
102 103
102 107
102 109
102 119
102 125
102 138
102 140
102 146
102 154
102 160
102 161
102 165
102 167
102 168
102 169
102 170
102 173
102 175
102 182
102 192
102 194
102 195
102 199
103 104
103 113
103 117
103 118
103 124
103 127
103 130
103 161
103 165
103 166
103 180
103 184
103 193
103 195
104 110
104 120
104 122
104 126
104 128
104 131
104 132
104 133
104 137
104 142
104 144
104 149
104 163
104 164
104 169
104 174
104 196
105 114
105 126
105 141
105 145
105 161
105 163
105 178
105 180
105 181
105 184
105 187
105 191
105 192
105 196
106 111
106 114
106 118
106 130
106 132
106 135
106 139
106 142
106 147
106 148
106 150
106 153
106 164
106 167
106 169
106 175
106 182
106 187
106 190
106 196
107 120
107 138
107 141
107 149
107 150
107 158
107 159
107 167
107 182
107 191
107 192
108 109
108 123
108 125
108 127
108 133
108 144
108 150
108 151
108 175
108 176
108 177
108 180
108 193
108 194
108 196
109 111
109 115
109 116
109 118
109 119
109 132
109 133
109 138
109 143
109 147
109 161
109 164
109 170
109 187
109 194
109 196
110 129
110 133
110 135
110 142
110 146
110 152
110 156
110 162
110 167
110 168
110 171
110 172
110 175
110 181
110 183
110 185
110 186
110 189
110 191
111 115
111 132
111 133
111 135
111 140
111 142
111 146
111 149
111 158
111 159
111 169
111 182
111 187
111 188
111 190
111 191
111 197
111 198
112 116
112 122
112 123
112 125
112 126
112 129
112 131
112 134
112 141
112 151
112 159
112 170
112 171
112 175
112 176
112 178
112 179
112 185
112 186
112 187
112 192
112 197
113 118
113 121
113 130
113 131
113 133
113 134
113 147
113 150
113 153
113 155
113 156
113 167
113 169
113 170
113 171
113 172
113 177
113 178
113 186
113 190
113 193
113 195
113 197
113 198
114 115
114 121
114 126
114 130
114 132
114 140
114 153
114 159
114 161
114 163
114 164
114 166
114 172
114 176
114 183
114 184
114 187
114 193
114 196
115 129
115 140
115 155
115 158
115 160
115 176
115 180
115 185
115 186
115 191
115 196
116 121
116 122
116 126
116 136
116 137
116 142
116 150
116 152
116 156
116 160
116 166
116 168
116 170
116 171
116 176
116 179
116 181
116 187
116 190
116 194
116 195
116 199
117 118
117 126
117 146
117 147
117 150
117 153
117 154
117 155
117 160
117 167
117 174
118 135
118 137
118 144
118 150
118 154
118 158
118 159
118 165
118 171
118 173
118 182
118 184
118 185
118 187
118 196
118 197
119 120
119 121
119 125
119 129
119 130
119 133
119 139
119 140
119 144
119 148
119 152
119 158
119 166
119 171
119 176
119 180
119 182
119 183
119 185
119 189
119 190
119 197
120 124
120 126
120 137
120 142
120 150
120 153
120 154
120 163
120 170
120 175
120 181
120 183
120 186
120 194
121 122
121 126
121 127
121 133
121 134
121 135
121 147
121 149
121 151
121 155
121 167
121 171
121 177
121 178
121 183
121 196
121 197
121 198
121 199
122 124
122 132
122 136
122 137
122 145
122 148
122 150
122 160
122 164
122 167
122 168
122 170
122 177
122 178
122 180
122 182
122 184
122 191
122 194
122 199
123 132
123 133
123 136
123 147
123 149
123 158
123 160
123 163
123 167
123 172
123 175
123 182
123 184
123 187
123 193
123 198
124 130
124 140
124 146
124 150
124 152
124 154
124 157
124 159
124 163
124 172
124 175
124 177
124 185
124 189
124 190
124 197
124 198
125 128
125 130
125 131
125 133
125 134
125 145
125 148
125 155
125 164
125 181
125 186
125 190
125 198
126 129
126 135
126 138
126 139
126 140
126 145
126 146
126 148
126 151
126 155
126 166
126 167
126 170
126 184
126 187
126 188
126 193
126 198
127 129
127 138
127 139
127 144
127 146
127 156
127 157
127 168
127 174
127 175
127 189
128 138
128 143
128 155
128 159
128 167
128 170
128 171
128 174
128 178
128 182
128 184
129 139
129 144
129 150
129 153
129 154
129 161
129 163
129 164
129 169
129 170
129 175
129 176
129 185
129 197
130 134
130 136
130 138
130 142
130 152
130 153
130 159
130 165
130 167
130 176
130 179
130 184
130 186
130 193
131 139
131 144
131 146
131 157
131 158
131 172
131 176
131 177
131 187
131 194
131 195
132 135
132 140
132 143
132 153
132 162
132 163
132 169
132 170
132 176
132 192
132 197
132 198
133 140
133 145
133 150
133 151
133 152
133 159
133 165
133 177
133 179
133 185
133 186
133 190
133 193
133 198
133 199
134 136
134 152
134 154
134 166
134 176
134 177
134 185
134 188
134 192
134 196
135 156
135 158
135 159
135 160
135 162
135 167
135 170
135 171
135 172
135 181
135 186
135 192
135 194
136 142
136 150
136 152
136 160
136 166
136 174
136 176
136 178
136 182
136 186
136 188
136 199
137 138
137 140
137 143
137 147
137 148
137 154
137 156
137 166
137 171
137 177
137 179
137 181
137 189
137 190
137 197
138 141
138 144
138 149
138 157
138 160
138 165
138 166
138 171
138 172
138 173
138 175
138 193
139 152
139 161
139 162
139 163
139 165
139 166
139 174
139 182
139 188
139 190
139 193
140 143
140 155
140 166
140 168
140 171
140 173
140 185
140 187
140 190
140 194
140 198
140 199
141 150
141 157
141 168
141 170
141 172
141 183
141 195
141 196
142 154
142 156
142 157
142 176
142 178
142 183
142 190
142 191
142 196
142 197
142 198
142 199
143 148
143 153
143 157
143 164
143 166
143 167
143 169
143 175
143 181
143 187
143 188
143 189
143 198
144 145
144 148
144 154
144 155
144 168
144 187
144 193
145 151
145 161
145 165
145 168
145 170
145 174
145 192
145 195
146 160
146 163
146 169
146 181
146 184
146 186
146 189
146 190
147 151
147 159
147 162
147 163
147 170
147 172
147 175
147 179
147 185
147 189
147 190
147 197
147 198
147 199
148 161
148 165
148 169
148 171
148 173
148 177
148 187
148 188
148 198
149 153
149 155
149 165
149 169
149 179
149 189
149 195
149 196
150 156
150 158
150 159
150 165
150 168
150 170
150 172
150 178
150 181
150 189
150 195
150 198
150 199
151 168
151 185
151 188
151 190
151 194
151 196
152 153
152 158
152 161
152 163
152 164
152 167
152 168
152 184
152 188
152 190
152 191
152 196
153 158
153 163
153 165
153 168
153 171
153 174
153 176
153 177
153 180
153 188
154 155
154 156
154 157
154 158
154 160
154 162
154 171
154 175
154 177
154 188
154 189
154 191
154 197
154 198
155 165
155 168
155 172
155 178
155 183
155 192
155 199
156 161
156 162
156 168
156 169
156 173
156 174
156 176
156 180
156 183
156 184
156 189
157 159
157 170
157 193
157 199
158 163
158 165
158 167
158 168
158 170
158 171
158 172
158 175
158 187
158 189
158 193
158 198
159 160
159 161
159 170
159 172
159 174
159 178
159 184
159 187
159 189
159 190
159 191
159 197
159 198
160 162
160 163
160 167
160 168
160 169
160 175
160 176
160 178
160 179
160 187
160 189
160 192
160 199
161 162
161 164
161 176
161 181
161 187
161 188
161 190
161 192
161 194
161 196
162 165
162 171
162 175
162 185
162 195
162 198
163 165
163 169
163 175
163 179
163 188
164 166
164 170
164 174
164 175
164 178
164 191
164 194
165 167
165 171
165 176
165 178
165 184
165 185
165 186
165 193
166 173
166 176
166 180
166 181
166 183
166 185
166 189
166 197
167 168
167 176
167 177
167 179
167 181
167 189
167 199
168 171
168 180
168 185
168 186
168 187
169 171
169 172
169 173
169 190
170 176
170 180
170 185
170 191
170 195
170 198
171 174
171 177
171 189
171 198
171 199
172 173
172 183
172 188
172 196
172 198
173 177
173 185
173 192
173 193
173 198
174 175
174 176
174 182
174 183
174 186
174 188
174 189
174 191
175 176
175 191
176 180
176 184
176 186
176 187
176 189
176 192
176 193
177 186
177 197
177 198
178 183
178 185
178 186
178 192
178 195
179 184
179 186
179 196
180 181
180 188
180 196
181 182
181 186
181 187
181 192
182 183
182 184
182 185
182 186
182 188
182 190
182 196
182 198
183 192
183 193
183 195
183 199
184 187
184 188
184 190
184 191
184 192
185 189
185 191
185 198
186 195
186 197
186 198
187 190
187 194
188 195
189 198
190 194
190 195
190 198
190 199
192 193
192 196
193 194
193 198
193 199
194 197
194 198
195 196
196 197
