200 5359
46 51
82 59
72 68
61 47
70 26
18 56
55 12
59 58
24 56
30 88
52 68
19 50
53 41
70 38
98 60
90 97
60 92
78 36
34 70
13 19
57 40
27 27
46 30
19 22
42 53
26 64
39 12
26 44
26 37
96 73
75 11
83 39
76 51
18 43
61 98
71 97
23 35
92 30
75 23
94 56
61 74
30 69
44 63
23 43
85 84
66 49
31 100
18 42
44 61
13 72
35 44
30 57
55 51
10 64
46 17
25 98
58 51
51 17
91 26
42 89
84 52
23 45
83 26
88 35
23 69
56 32
39 33
66 73
15 22
53 83
66 44
60 46
85 27
78 44
77 49
76 73
37 24
68 18
61 31
35 60
78 39
62 93
13 64
29 95
24 12
40 28
24 62
94 23
35 97
75 19
71 81
27 16
37 76
48 26
58 77
25 48
18 54
75 53
77 42
28 56
71 47
58 36
65 99
36 97
13 91
55 66
25 92
13 23
46 90
44 53
67 80
49 51
90 31
58 77
48 53
84 29
10 68
25 77
14 78
36 52
48 98
60 45
17 27
42 53
76 40
81 60
80 19
16 77
86 82
79 12
97 67
97 14
86 31
52 90
99 83
10 67
99 83
59 12
47 41
47 86
15 29
89 53
47 92
42 84
54 26
35 84
68 63
93 96
31 18
40 60
29 83
35 84
74 55
13 67
96 90
85 34
60 75
30 32
39 81
48 12
65 59
47 35
11 25
98 47
24 40
32 88
87 98
57 96
90 79
84 80
55 23
39 10
99 58
55 14
62 63
22 77
16 76
82 15
48 30
93 12
54 69
41 55
19 41
91 68
27 74
63 80
38 21
92 31
29 41
21 21
77 69
67 51
53 31
22 18
68 49
10 46
19 60
95 60
53 75
61 43
11820
0 1
0 3
0 5
0 6
0 8
0 9
0 10
0 11
0 15
0 20
0 22
0 23
0 24
0 25
0 27
0 29
0 30
0 31
0 33
0 35
0 37
0 40
0 42
0 43
0 44
0 46
0 47
0 48
0 49
0 50
0 51
0 52
0 53
0 54
0 55
0 57
0 58
0 61
0 64
0 65
0 69
0 70
0 73
0 74
0 77
0 78
0 79
0 80
0 83
0 84
0 89
0 90
0 92
0 93
0 96
0 97
0 100
0 101
0 102
0 103
0 104
0 108
0 109
0 110
0 111
0 112
0 114
0 116
0 120
0 121
0 122
0 128
0 130
0 132
0 133
0 134
0 137
0 138
0 140
0 141
0 142
0 143
0 144
0 146
0 147
0 152
0 154
0 158
0 160
0 161
0 162
0 163
0 164
0 167
0 170
0 172
0 173
0 175
0 176
0 177
0 178
0 182
0 184
0 185
0 186
0 188
0 189
0 190
0 191
0 192
0 193
0 196
0 197
0 199
1 2
1 3
1 5
1 6
1 7
1 9
1 10
1 11
1 14
1 19
1 20
1 21
1 23
1 24
1 26
1 28
1 29
1 30
1 31
1 32
1 33
1 34
1 36
1 38
1 39
1 40
1 43
1 45
1 46
1 47
1 48
1 49
1 51
1 53
1 54
1 56
1 57
1 58
1 63
1 64
1 66
1 70
1 73
1 75
1 77
1 79
1 80
1 84
1 85
1 86
1 87
1 88
1 91
1 92
1 96
1 98
1 99
1 100
1 102
1 103
1 104
1 105
1 106
1 107
1 108
1 109
1 110
1 113
1 114
1 115
1 117
1 118
1 120
1 122
1 123
1 124
1 128
1 131
1 132
1 133
1 134
1 135
1 137
1 142
1 143
1 145
1 146
1 147
1 149
1 150
1 151
1 152
1 154
1 156
1 157
1 158
1 159
1 162
1 167
1 169
1 170
1 171
1 178
1 180
1 181
1 182
1 183
1 184
1 185
1 186
1 188
1 190
1 191
1 192
1 194
1 196
1 197
2 3
2 4
2 6
2 7
2 8
2 9
2 10
2 12
2 13
2 15
2 16
2 17
2 18
2 19
2 21
2 23
2 24
2 26
2 29
2 30
2 33
2 34
2 35
2 36
2 39
2 40
2 41
2 42
2 46
2 47
2 48
2 50
2 51
2 55
2 56
2 60
2 61
2 62
2 63
2 64
2 65
2 66
2 68
2 69
2 70
2 72
2 73
2 78
2 81
2 82
2 83
2 84
2 85
2 87
2 88
2 89
2 90
2 92
2 94
2 96
2 97
2 100
2 101
2 102
2 104
2 109
2 113
2 116
2 118
2 119
2 122
2 123
2 124
2 126
2 129
2 130
2 131
2 132
2 133
2 134
2 135
2 136
2 137
2 139
2 140
2 142
2 145
2 146
2 147
2 148
2 150
2 151
2 152
2 154
2 155
2 157
2 158
2 159
2 160
2 161
2 162
2 164
2 165
2 166
2 168
2 169
2 170
2 172
2 175
2 176
2 177
2 178
2 180
2 181
2 183
2 184
2 185
2 187
2 188
2 189
2 190
2 193
2 198
2 199
3 5
3 7
3 12
3 15
3 18
3 19
3 20
3 24
3 26
3 27
3 28
3 30
3 32
3 33
3 34
3 36
3 37
3 38
3 40
3 43
3 44
3 45
3 49
3 51
3 52
3 54
3 55
3 56
3 59
3 60
3 61
3 62
3 64
3 68
3 70
3 71
3 73
3 76
3 81
3 82
3 83
3 89
3 91
3 92
3 94
3 95
3 96
3 97
3 100
3 102
3 103
3 104
3 106
3 107
3 108
3 110
3 111
3 115
3 116
3 117
3 118
3 119
3 121
3 122
3 123
3 126
3 127
3 128
3 130
3 131
3 132
3 133
3 134
3 135
3 138
3 140
3 143
3 144
3 148
3 149
3 153
3 156
3 157
3 158
3 161
3 162
3 163
3 164
3 166
3 167
3 168
3 169
3 172
3 173
3 174
3 175
3 176
3 177
3 178
3 179
3 180
3 182
3 187
3 190
3 192
3 194
3 195
3 196
4 5
4 7
4 11
4 12
4 13
4 14
4 15
4 16
4 17
4 18
4 19
4 23
4 24
4 26
4 27
4 28
4 29
4 31
4 32
4 33
4 34
4 38
4 39
4 40
4 41
4 45
4 50
4 51
4 52
4 53
4 56
4 57
4 62
4 63
4 64
4 65
4 66
4 69
4 70
4 72
4 74
4 75
4 76
4 79
4 80
4 81
4 82
4 83
4 85
4 86
4 87
4 89
4 90
4 91
4 93
4 94
4 96
4 97
4 99
4 103
4 104
4 106
4 107
4 108
4 110
4 114
4 115
4 116
4 121
4 122
4 123
4 124
4 127
4 129
4 130
4 132
4 133
4 134
4 136
4 140
4 142
4 144
4 147
4 149
4 150
4 151
4 152
4 153
4 154
4 155
4 158
4 160
4 162
4 165
4 167
4 169
4 170
4 172
4 175
4 178
4 179
4 180
4 185
4 186
4 187
4 188
4 191
4 192
4 193
4 196
4 197
4 198
4 199
5 6
5 7
5 11
5 13
5 14
5 15
5 16
5 18
5 19
5 20
5 21
5 22
5 24
5 25
5 26
5 27
5 28
5 29
5 31
5 32
5 34
5 35
5 37
5 40
5 41
5 42
5 43
5 44
5 48
5 49
5 51
5 53
5 56
5 57
5 63
5 65
5 66
5 68
5 70
5 77
5 78
5 79
5 83
5 84
5 85
5 86
5 87
5 89
5 90
5 91
5 93
5 95
5 98
5 101
5 102
5 104
5 105
5 108
5 109
5 110
5 112
5 113
5 114
5 115
5 117
5 118
5 119
5 121
5 122
5 123
5 125
5 128
5 131
5 132
5 133
5 134
5 136
5 137
5 138
5 141
5 146
5 147
5 148
5 150
5 151
5 154
5 155
5 156
5 157
5 158
5 160
5 163
5 164
5 165
5 167
5 171
5 172
5 174
5 175
5 179
5 183
5 185
5 186
5 187
5 188
5 189
5 191
5 192
5 194
5 195
5 196
5 197
5 198
6 7
6 8
6 9
6 12
6 15
6 16
6 17
6 19
6 20
6 21
6 22
6 23
6 24
6 25
6 26
6 27
6 28
6 29
6 30
6 33
6 34
6 35
6 36
6 38
6 40
6 41
6 44
6 45
6 46
6 47
6 48
6 50
6 54
6 61
6 63
6 64
6 66
6 67
6 70
6 72
6 74
6 75
6 77
6 78
6 80
6 81
6 83
6 84
6 87
6 88
6 89
6 90
6 92
6 93
6 94
6 95
6 96
6 99
6 100
6 101
6 103
6 104
6 105
6 106
6 108
6 109
6 110
6 112
6 113
6 114
6 116
6 117
6 118
6 121
6 122
6 123
6 124
6 125
6 127
6 128
6 129
6 131
6 133
6 134
6 136
6 137
6 140
6 143
6 144
6 147
6 150
6 151
6 152
6 155
6 156
6 158
6 159
6 161
6 162
6 163
6 165
6 166
6 167
6 173
6 175
6 177
6 178
6 179
6 180
6 181
6 182
6 183
6 184
6 185
6 187
6 188
6 189
6 191
6 192
6 193
6 194
6 195
6 198
7 8
7 9
7 13
7 15
7 16
7 17
7 19
7 21
7 23
7 24
7 26
7 27
7 28
7 30
7 31
7 32
7 34
7 35
7 37
7 38
7 39
7 40
7 43
7 44
7 45
7 47
7 48
7 49
7 51
7 52
7 53
7 54
7 55
7 56
7 57
7 58
7 59
7 61
7 62
7 63
7 66
7 68
7 69
7 70
7 71
7 73
7 77
7 78
7 79
7 81
7 82
7 83
7 84
7 87
7 88
7 89
7 91
7 93
7 94
7 95
7 97
7 98
7 99
7 102
7 104
7 105
7 106
7 107
7 109
7 110
7 111
7 112
7 114
7 117
7 118
7 119
7 121
7 122
7 126
7 127
7 128
7 129
7 130
7 131
7 132
7 137
7 138
7 139
7 140
7 142
7 144
7 146
7 149
7 151
7 152
7 155
7 156
7 158
7 159
7 160
7 163
7 166
7 168
7 169
7 170
7 171
7 172
7 175
7 176
7 177
7 178
7 180
7 181
7 183
7 184
7 185
7 186
7 187
7 188
7 191
7 193
7 194
7 195
7 196
7 197
7 198
8 9
8 11
8 14
8 16
8 17
8 19
8 20
8 21
8 22
8 24
8 25
8 26
8 27
8 28
8 30
8 31
8 33
8 34
8 35
8 36
8 37
8 38
8 40
8 41
8 42
8 43
8 46
8 47
8 48
8 50
8 51
8 52
8 53
8 58
8 59
8 62
8 64
8 65
8 69
8 71
8 74
8 75
8 77
8 78
8 80
8 82
8 84
8 86
8 87
8 91
8 93
8 94
8 95
8 96
8 98
8 99
8 100
8 101
8 102
8 103
8 104
8 106
8 107
8 109
8 110
8 111
8 112
8 113
8 115
8 117
8 118
8 119
8 120
8 121
8 122
8 123
8 126
8 127
8 129
8 130
8 133
8 134
8 135
8 136
8 137
8 140
8 141
8 142
8 143
8 145
8 146
8 149
8 151
8 152
8 154
8 158
8 164
8 165
8 166
8 167
8 168
8 171
8 173
8 175
8 177
8 179
8 181
8 182
8 183
8 184
8 186
8 187
8 190
8 191
8 193
8 194
8 195
8 197
8 199
9 10
9 12
9 15
9 17
9 18
9 19
9 20
9 21
9 23
9 24
9 25
9 27
9 28
9 29
9 30
9 31
9 33
9 34
9 35
9 36
9 37
9 39
9 40
9 41
9 42
9 43
9 44
9 47
9 49
9 50
9 51
9 52
9 54
9 55
9 56
9 57
9 58
9 61
9 62
9 67
9 69
9 70
9 71
9 72
9 74
9 75
9 77
9 78
9 82
9 84
9 85
9 86
9 89
9 90
9 91
9 92
9 95
9 96
9 97
9 98
9 99
9 100
9 101
9 104
9 106
9 107
9 108
9 109
9 110
9 111
9 112
9 113
9 114
9 117
9 119
9 123
9 125
9 126
9 127
9 128
9 131
9 132
9 134
9 135
9 136
9 139
9 140
9 145
9 147
9 148
9 149
9 150
9 158
9 162
9 164
9 166
9 167
9 169
9 171
9 172
9 173
9 174
9 176
9 177
9 178
9 180
9 182
9 183
9 184
9 188
9 192
9 193
9 194
9 195
9 196
9 197
9 198
10 12
10 14
10 18
10 19
10 20
10 21
10 22
10 23
10 24
10 26
10 34
10 35
10 36
10 37
10 38
10 40
10 41
10 44
10 45
10 48
10 49
10 52
10 53
10 54
10 55
10 57
10 60
10 64
10 65
10 66
10 69
10 70
10 71
10 73
10 74
10 76
10 77
10 80
10 81
10 83
10 85
10 86
10 89
10 90
10 92
10 94
10 97
10 99
10 100
10 103
10 104
10 105
10 107
10 109
10 110
10 113
10 114
10 116
10 117
10 118
10 119
10 121
10 122
10 123
10 124
10 125
10 126
10 128
10 130
10 132
10 135
10 136
10 137
10 138
10 141
10 142
10 143
10 144
10 146
10 147
10 148
10 149
10 152
10 153
10 154
10 155
10 158
10 159
10 160
10 162
10 163
10 164
10 165
10 167
10 170
10 171
10 172
10 175
10 177
10 181
10 182
10 183
10 184
10 186
10 188
10 189
10 190
10 191
10 192
10 195
10 196
10 197
10 199
11 13
11 15
11 16
11 18
11 19
11 20
11 21
11 22
11 23
11 24
11 26
11 28
11 31
11 33
11 36
11 37
11 38
11 39
11 41
11 42
11 43
11 44
11 45
11 47
11 49
11 53
11 55
11 56
11 57
11 58
11 59
11 60
11 61
11 62
11 63
11 64
11 65
11 66
11 67
11 68
11 69
11 70
11 77
11 78
11 80
11 81
11 83
11 86
11 88
11 90
11 91
11 94
11 96
11 97
11 100
11 101
11 102
11 103
11 104
11 107
11 108
11 109
11 113
11 114
11 115
11 120
11 123
11 124
11 127
11 133
11 134
11 136
11 139
11 142
11 143
11 145
11 146
11 147
11 148
11 149
11 151
11 152
11 154
11 157
11 158
11 159
11 160
11 161
11 162
11 163
11 166
11 167
11 169
11 170
11 171
11 174
11 175
11 176
11 178
11 179
11 180
11 183
11 185
11 186
11 187
11 188
11 189
11 191
11 193
11 194
11 196
11 197
11 198
11 199
12 14
12 15
12 16
12 17
12 19
12 20
12 21
12 23
12 24
12 26
12 27
12 28
12 29
12 32
12 33
12 34
12 35
12 36
12 37
12 38
12 40
12 41
12 43
12 45
12 46
12 47
12 48
12 49
12 50
12 54
12 55
12 59
12 60
12 61
12 62
12 63
12 64
12 65
12 66
12 68
12 70
12 74
12 77
12 78
12 79
12 80
12 83
12 85
12 86
12 87
12 88
12 90
12 91
12 93
12 94
12 95
12 96
12 97
12 98
12 99
12 100
12 103
12 108
12 109
12 110
12 112
12 113
12 114
12 115
12 116
12 118
12 120
12 121
12 122
12 123
12 129
12 131
12 133
12 134
12 135
12 136
12 138
12 141
12 142
12 143
12 144
12 149
12 152
12 153
12 156
12 157
12 158
12 159
12 161
12 163
12 164
12 165
12 169
12 170
12 171
12 172
12 173
12 175
12 176
12 177
12 178
12 179
12 180
12 182
12 185
12 186
12 190
12 194
12 195
12 196
12 198
12 199
13 14
13 15
13 16
13 17
13 18
13 19
13 20
13 21
13 22
13 23
13 25
13 26
13 28
13 34
13 35
13 37
13 38
13 43
13 44
13 45
13 47
13 48
13 50
13 52
13 53
13 55
13 56
13 58
13 60
13 63
13 67
13 68
13 69
13 73
13 74
13 75
13 77
13 78
13 79
13 80
13 81
13 84
13 88
13 89
13 90
13 92
13 93
13 94
13 95
13 96
13 98
13 100
13 103
13 104
13 106
13 108
13 110
13 111
13 112
13 113
13 116
13 117
13 120
13 122
13 125
13 129
13 130
13 131
13 134
13 137
13 138
13 139
13 140
13 141
13 143
13 148
13 149
13 151
13 152
13 155
13 156
13 157
13 158
13 159
13 160
13 162
13 167
13 168
13 170
13 173
13 175
13 176
13 179
13 181
13 184
13 188
13 191
13 192
13 195
13 196
13 197
13 198
13 199
14 15
14 17
14 18
14 20
14 21
14 22
14 23
14 24
14 26
14 27
14 31
14 33
14 34
14 37
14 38
14 39
14 40
14 42
14 43
14 45
14 46
14 48
14 51
14 54
14 55
14 57
14 58
14 60
14 62
14 64
14 68
14 69
14 71
14 72
14 74
14 77
14 78
14 80
14 84
14 86
14 87
14 88
14 90
14 92
14 93
14 94
14 96
14 97
14 98
14 99
14 103
14 105
14 109
14 112
14 113
14 115
14 117
14 125
14 126
14 127
14 129
14 131
14 132
14 133
14 141
14 142
14 143
14 145
14 147
14 148
14 149
14 150
14 151
14 152
14 155
14 160
14 162
14 165
14 166
14 167
14 168
14 169
14 171
14 172
14 177
14 178
14 179
14 180
14 181
14 184
14 185
14 188
14 191
14 193
14 194
14 196
14 197
14 198
15 19
15 22
15 23
15 24
15 27
15 28
15 29
15 31
15 32
15 33
15 35
15 36
15 37
15 38
15 39
15 40
15 42
15 44
15 46
15 48
15 50
15 51
15 52
15 53
15 54
15 56
15 58
15 59
15 61
15 65
15 66
15 67
15 68
15 69
15 70
15 71
15 72
15 73
15 76
15 77
15 80
15 84
15 85
15 87
15 90
15 91
15 92
15 95
15 98
15 99
15 100
15 101
15 104
15 105
15 106
15 110
15 113
15 114
15 115
15 117
15 118
15 120
15 121
15 122
15 123
15 126
15 127
15 128
15 131
15 132
15 135
15 136
15 137
15 139
15 140
15 141
15 144
15 145
15 146
15 148
15 149
15 150
15 151
15 153
15 154
15 155
15 156
15 157
15 158
15 159
15 161
15 162
15 163
15 164
15 165
15 166
15 170
15 171
15 177
15 178
15 180
15 181
15 182
15 185
15 186
15 188
15 189
15 190
15 191
15 192
15 197
15 198
15 199
16 17
16 19
16 20
16 22
16 24
16 25
16 27
16 28
16 29
16 31
16 32
16 33
16 34
16 35
16 36
16 38
16 39
16 41
16 42
16 43
16 44
16 46
16 47
16 48
16 50
16 56
16 57
16 61
16 63
16 65
16 66
16 67
16 70
16 71
16 72
16 73
16 75
16 76
16 78
16 79
16 80
16 81
16 83
16 84
16 85
16 86
16 88
16 90
16 92
16 95
16 99
16 101
16 102
16 105
16 107
16 109
16 111
16 112
16 113
16 114
16 115
16 116
16 118
16 121
16 122
16 123
16 124
16 125
16 126
16 128
16 130
16 131
16 132
16 134
16 136
16 137
16 138
16 139
16 140
16 141
16 142
16 143
16 144
16 146
16 148
16 149
16 150
16 151
16 152
16 153
16 154
16 155
16 156
16 157
16 158
16 159
16 161
16 163
16 167
16 168
16 169
16 172
16 173
16 175
16 176
16 177
16 180
16 181
16 183
16 184
16 190
16 191
16 192
16 194
16 198
16 199
17 20
17 21
17 22
17 26
17 27
17 31
17 32
17 34
17 35
17 36
17 38
17 39
17 40
17 41
17 42
17 43
17 49
17 51
17 53
17 54
17 56
17 57
17 58
17 59
17 61
17 62
17 63
17 65
17 66
17 67
17 69
17 71
17 72
17 74
17 76
17 77
17 78
17 79
17 80
17 81
17 82
17 83
17 89
17 91
17 92
17 95
17 96
17 97
17 98
17 99
17 102
17 103
17 106
17 108
17 109
17 111
17 112
17 113
17 115
17 117
17 118
17 121
17 123
17 124
17 126
17 127
17 129
17 130
17 131
17 135
17 136
17 137
17 138
17 139
17 140
17 143
17 144
17 145
17 146
17 148
17 149
17 150
17 151
17 152
17 155
17 157
17 159
17 160
17 163
17 166
17 167
17 169
17 170
17 173
17 174
17 175
17 176
17 177
17 178
17 179
17 181
17 182
17 184
17 186
17 189
17 190
17 191
17 194
17 196
17 199
18 20
18 21
18 22
18 26
18 27
18 29
18 30
18 32
18 33
18 37
18 38
18 40
18 41
18 42
18 43
18 45
18 47
18 48
18 50
18 52
18 53
18 55
18 56
18 57
18 58
18 59
18 61
18 62
18 63
18 66
18 69
18 70
18 72
18 74
18 75
18 76
18 77
18 78
18 79
18 80
18 81
18 82
18 84
18 86
18 87
18 88
18 90
18 91
18 93
18 94
18 95
18 96
18 97
18 98
18 99
18 101
18 102
18 107
18 108
18 109
18 110
18 111
18 112
18 115
18 116
18 118
18 120
18 121
18 124
18 126
18 127
18 128
18 132
18 133
18 134
18 136
18 137
18 141
18 147
18 148
18 150
18 151
18 152
18 153
18 155
18 156
18 158
18 160
18 161
18 163
18 164
18 165
18 167
18 168
18 169
18 170
18 172
18 174
18 175
18 176
18 177
18 182
18 183
18 184
18 185
18 186
18 188
18 190
18 191
18 193
18 194
18 197
18 199
19 20
19 21
19 27
19 29
19 30
19 31
19 32
19 33
19 35
19 36
19 37
19 42
19 43
19 45
19 46
19 49
19 51
19 52
19 55
19 56
19 57
19 58
19 59
19 62
19 65
19 66
19 67
19 71
19 73
19 74
19 77
19 79
19 82
19 84
19 85
19 87
19 90
19 91
19 92
19 93
19 94
19 98
19 100
19 102
19 104
19 105
19 106
19 108
19 109
19 110
19 111
19 112
19 113
19 116
19 117
19 118
19 123
19 126
19 127
19 130
19 132
19 134
19 135
19 136
19 137
19 139
19 141
19 143
19 145
19 152
19 154
19 155
19 156
19 157
19 162
19 165
19 167
19 169
19 170
19 171
19 173
19 174
19 177
19 182
19 184
19 186
19 188
19 189
19 190
19 192
19 193
19 194
19 195
19 196
20 23
20 26
20 27
20 28
20 30
20 31
20 35
20 36
20 37
20 38
20 41
20 42
20 43
20 44
20 45
20 47
20 51
20 52
20 53
20 55
20 58
20 59
20 60
20 61
20 65
20 66
20 67
20 68
20 69
20 70
20 73
20 74
20 76
20 80
20 81
20 84
20 85
20 86
20 88
20 89
20 92
20 93
20 95
20 96
20 103
20 104
20 107
20 109
20 110
20 111
20 112
20 113
20 115
20 116
20 120
20 126
20 127
20 128
20 129
20 133
20 135
20 138
20 140
20 143
20 144
20 148
20 151
20 152
20 153
20 154
20 156
20 157
20 158
20 160
20 162
20 164
20 165
20 166
20 167
20 168
20 169
20 172
20 173
20 175
20 178
20 179
20 182
20 185
20 188
20 189
20 191
20 192
20 194
20 195
20 196
20 197
21 22
21 24
21 32
21 33
21 35
21 36
21 39
21 41
21 42
21 44
21 46
21 47
21 48
21 49
21 50
21 51
21 52
21 56
21 59
21 60
21 63
21 64
21 68
21 71
21 72
21 76
21 78
21 80
21 81
21 83
21 84
21 87
21 89
21 90
21 91
21 92
21 95
21 96
21 97
21 100
21 103
21 105
21 108
21 109
21 114
21 115
21 116
21 117
21 118
21 119
21 120
21 121
21 122
21 127
21 128
21 129
21 130
21 132
21 133
21 135
21 138
21 139
21 141
21 142
21 143
21 144
21 145
21 148
21 150
21 157
21 158
21 161
21 164
21 165
21 166
21 167
21 170
21 172
21 173
21 175
21 176
21 179
21 181
21 182
21 184
21 185
21 186
21 189
21 190
21 191
21 195
21 197
21 198
21 199
22 23
22 25
22 27
22 29
22 30
22 31
22 33
22 34
22 39
22 40
22 41
22 42
22 43
22 46
22 48
22 49
22 50
22 51
22 53
22 55
22 56
22 57
22 59
22 60
22 61
22 62
22 63
22 65
22 69
22 73
22 76
22 78
22 79
22 80
22 82
22 83
22 85
22 86
22 87
22 88
22 89
22 90
22 91
22 92
22 93
22 94
22 101
22 102
22 103
22 105
22 107
22 108
22 111
22 112
22 113
22 115
22 116
22 121
22 122
22 123
22 125
22 127
22 128
22 129
22 132
22 133
22 135
22 136
22 138
22 139
22 140
22 142
22 144
22 145
22 146
22 147
22 149
22 155
22 157
22 158
22 160
22 161
22 162
22 164
22 166
22 167
22 169
22 170
22 171
22 172
22 173
22 174
22 175
22 177
22 181
22 183
22 184
22 186
22 188
22 189
22 193
22 195
22 196
22 198
22 199
23 25
23 26
23 27
23 28
23 32
23 34
23 35
23 36
23 40
23 42
23 45
23 46
23 48
23 49
23 50
23 54
23 56
23 58
23 59
23 60
23 62
23 63
23 64
23 65
23 66
23 68
23 71
23 73
23 75
23 76
23 84
23 85
23 87
23 88
23 89
23 91
23 92
23 93
23 94
23 96
23 97
23 102
23 103
23 105
23 108
23 111
23 112
23 113
23 117
23 118
23 119
23 120
23 122
23 123
23 124
23 125
23 126
23 127
23 129
23 130
23 131
23 134
23 139
23 140
23 141
23 142
23 144
23 146
23 147
23 148
23 149
23 150
23 152
23 153
23 155
23 157
23 158
23 160
23 162
23 163
23 164
23 165
23 166
23 167
23 168
23 169
23 171
23 172
23 173
23 174
23 175
23 180
23 181
23 183
23 185
23 186
23 190
23 191
23 192
23 194
23 195
23 196
23 198
23 199
24 27
24 31
24 34
24 35
24 37
24 38
24 39
24 40
24 41
24 43
24 44
24 45
24 47
24 49
24 50
24 51
24 53
24 59
24 60
24 61
24 62
24 63
24 64
24 65
24 66
24 70
24 72
24 74
24 76
24 78
24 79
24 81
24 82
24 83
24 84
24 87
24 88
24 91
24 92
24 96
24 98
24 99
24 100
24 101
24 102
24 103
24 104
24 105
24 107
24 108
24 112
24 113
24 114
24 115
24 119
24 120
24 121
24 122
24 123
24 126
24 127
24 128
24 132
24 134
24 135
24 141
24 142
24 144
24 145
24 146
24 147
24 148
24 149
24 152
24 154
24 156
24 158
24 159
24 160
24 162
24 164
24 165
24 166
24 167
24 169
24 171
24 173
24 174
24 175
24 177
24 178
24 179
24 181
24 183
24 184
24 185
24 186
24 187
24 188
24 191
24 193
24 194
24 196
24 197
24 198
25 26
25 29
25 30
25 35
25 36
25 39
25 40
25 41
25 42
25 43
25 44
25 45
25 46
25 48
25 49
25 50
25 51
25 52
25 53
25 54
25 55
25 57
25 61
25 63
25 64
25 65
25 66
25 68
25 69
25 71
25 72
25 73
25 75
25 76
25 77
25 79
25 84
25 87
25 88
25 90
25 91
25 92
25 95
25 97
25 98
25 101
25 102
25 104
25 105
25 107
25 108
25 109
25 110
25 111
25 113
25 115
25 116
25 120
25 121
25 122
25 123
25 125
25 126
25 127
25 128
25 129
25 132
25 134
25 137
25 140
25 141
25 142
25 143
25 144
25 145
25 146
25 149
25 150
25 152
25 155
25 157
25 159
25 161
25 162
25 164
25 165
25 166
25 168
25 169
25 172
25 173
25 174
25 176
25 177
25 178
25 179
25 180
25 183
25 184
25 187
25 188
25 190
25 192
25 195
25 196
25 197
25 199
26 27
26 28
26 30
26 31
26 33
26 35
26 36
26 37
26 39
26 40
26 41
26 49
26 51
26 53
26 55
26 56
26 57
26 58
26 60
26 62
26 64
26 66
26 69
26 70
26 72
26 74
26 75
26 77
26 78
26 80
26 82
26 85
26 86
26 87
26 89
26 90
26 92
26 94
26 95
26 97
26 98
26 99
26 100
26 101
26 103
26 104
26 105
26 108
26 109
26 111
26 114
26 115
26 117
26 119
26 122
26 124
26 125
26 126
26 128
26 130
26 132
26 133
26 134
26 135
26 136
26 138
26 139
26 140
26 141
26 142
26 144
26 146
26 147
26 150
26 151
26 152
26 153
26 154
26 155
26 157
26 158
26 159
26 160
26 161
26 162
26 163
26 166
26 167
26 168
26 170
26 172
26 174
26 175
26 176
26 177
26 178
26 180
26 183
26 184
26 186
26 188
26 189
26 195
26 196
26 197
26 199
27 30
27 32
27 33
27 34
27 35
27 36
27 37
27 38
27 39
27 41
27 42
27 43
27 44
27 45
27 48
27 49
27 51
27 53
27 54
27 55
27 56
27 57
27 61
27 65
27 67
27 68
27 69
27 72
27 74
27 76
27 78
27 80
27 81
27 82
27 83
27 88
27 90
27 93
27 94
27 95
27 96
27 97
27 98
27 100
27 101
27 102
27 103
27 104
27 105
27 106
27 107
27 108
27 109
27 110
27 112
27 114
27 115
27 116
27 118
27 120
27 122
27 123
27 125
27 127
27 131
27 132
27 133
27 135
27 136
27 140
27 141
27 143
27 145
27 146
27 147
27 148
27 150
27 152
27 154
27 156
27 157
27 159
27 160
27 161
27 162
27 163
27 166
27 168
27 170
27 171
27 172
27 174
27 175
27 176
27 179
27 180
27 181
27 183
27 184
27 185
27 186
27 187
27 188
27 189
27 190
27 192
27 195
27 196
27 198
28 29
28 30
28 31
28 36
28 37
28 38
28 40
28 42
28 44
28 45
28 46
28 47
28 49
28 50
28 51
28 53
28 54
28 55
28 56
28 57
28 58
28 59
28 61
28 62
28 63
28 66
28 68
28 70
28 71
28 72
28 73
28 74
28 76
28 79
28 81
28 85
28 86
28 88
28 89
28 90
28 91
28 92
28 93
28 94
28 95
28 96
28 99
28 101
28 102
28 105
28 106
28 107
28 108
28 118
28 119
28 120
28 122
28 123
28 124
28 126
28 127
28 129
28 130
28 131
28 132
28 135
28 136
28 138
28 140
28 143
28 144
28 146
28 147
28 150
28 152
28 153
28 159
28 160
28 161
28 163
28 164
28 165
28 169
28 171
28 172
28 174
28 175
28 176
28 178
28 179
28 180
28 182
28 184
28 186
28 187
28 188
28 189
28 191
28 192
28 193
28 195
28 196
28 197
28 198
28 199
29 32
29 34
29 35
29 36
29 38
29 40
29 41
29 42
29 43
29 44
29 46
29 49
29 50
29 51
29 52
29 54
29 55
29 56
29 58
29 59
29 62
29 63
29 64
29 65
29 66
29 67
29 68
29 69
29 73
29 74
29 75
29 76
29 77
29 78
29 79
29 81
29 83
29 86
29 87
29 88
29 89
29 90
29 91
29 93
29 95
29 98
29 102
29 103
29 104
29 105
29 106
29 107
29 108
29 109
29 110
29 112
29 114
29 117
29 118
29 119
29 120
29 127
29 128
29 129
29 130
29 131
29 132
29 135
29 136
29 137
29 138
29 140
29 141
29 147
29 148
29 152
29 153
29 155
29 158
29 159
29 160
29 161
29 162
29 163
29 164
29 166
29 169
29 170
29 171
29 172
29 173
29 174
29 175
29 177
29 178
29 179
29 184
29 186
29 188
29 191
29 192
29 193
29 196
30 32
30 33
30 34
30 39
30 40
30 41
30 42
30 43
30 44
30 45
30 46
30 49
30 50
30 51
30 52
30 53
30 57
30 58
30 60
30 65
30 69
30 70
30 71
30 72
30 73
30 74
30 76
30 78
30 79
30 80
30 81
30 82
30 83
30 85
30 87
30 92
30 93
30 94
30 96
30 97
30 98
30 100
30 101
30 103
30 104
30 106
30 107
30 111
30 115
30 117
30 118
30 120
30 121
30 122
30 124
30 125
30 126
30 128
30 130
30 135
30 137
30 140
30 141
30 143
30 145
30 147
30 148
30 149
30 151
30 154
30 156
30 157
30 158
30 159
30 162
30 165
30 166
30 169
30 171
30 172
30 173
30 174
30 176
30 179
30 182
30 183
30 185
30 190
30 191
30 192
30 195
31 32
31 33
31 37
31 40
31 43
31 44
31 48
31 49
31 51
31 52
31 53
31 58
31 59
31 63
31 65
31 66
31 68
31 70
31 72
31 75
31 77
31 78
31 79
31 81
31 83
31 85
31 86
31 87
31 88
31 89
31 92
31 93
31 94
31 95
31 97
31 98
31 99
31 100
31 101
31 102
31 103
31 109
31 112
31 113
31 115
31 117
31 118
31 119
31 122
31 124
31 125
31 126
31 128
31 129
31 130
31 131
31 132
31 133
31 136
31 138
31 140
31 144
31 146
31 147
31 151
31 153
31 154
31 155
31 156
31 158
31 159
31 161
31 162
31 166
31 167
31 169
31 170
31 171
31 173
31 177
31 178
31 180
31 181
31 182
31 183
31 184
31 185
31 188
31 191
31 193
31 196
31 199
32 33
32 35
32 36
32 37
32 38
32 44
32 45
32 47
32 49
32 50
32 51
32 52
32 53
32 57
32 59
32 61
32 63
32 64
32 65
32 67
32 68
32 69
32 74
32 75
32 76
32 77
32 78
32 81
32 82
32 83
32 84
32 91
32 92
32 93
32 94
32 95
32 96
32 98
32 102
32 107
32 109
32 112
32 114
32 115
32 116
32 117
32 119
32 120
32 121
32 122
32 123
32 124
32 126
32 128
32 129
32 130
32 131
32 133
32 134
32 137
32 138
32 140
32 141
32 143
32 144
32 145
32 149
32 153
32 154
32 156
32 158
32 159
32 160
32 166
32 167
32 168
32 171
32 172
32 174
32 175
32 176
32 177
32 178
32 179
32 180
32 181
32 182
32 183
32 186
32 187
32 189
32 190
32 191
32 193
32 195
32 197
32 199
33 34
33 35
33 40
33 41
33 45
33 46
33 47
33 48
33 49
33 50
33 51
33 52
33 53
33 54
33 55
33 57
33 59
33 61
33 63
33 64
33 65
33 66
33 67
33 70
33 72
33 73
33 74
33 75
33 77
33 78
33 82
33 83
33 87
33 90
33 91
33 92
33 96
33 97
33 101
33 102
33 103
33 105
33 106
33 107
33 109
33 110
33 111
33 115
33 116
33 119
33 121
33 124
33 125
33 126
33 130
33 131
33 132
33 133
33 135
33 138
33 140
33 141
33 142
33 143
33 145
33 147
33 149
33 150
33 151
33 154
33 155
33 156
33 157
33 158
33 162
33 163
33 167
33 168
33 170
33 173
33 174
33 175
33 176
33 177
33 178
33 179
33 180
33 184
33 185
33 186
33 187
33 190
33 191
33 194
33 195
33 196
33 198
33 199
34 37
34 39
34 40
34 41
34 42
34 44
34 45
34 47
34 48
34 52
34 54
34 55
34 60
34 62
34 63
34 64
34 66
34 67
34 73
34 74
34 76
34 77
34 78
34 79
34 80
34 81
34 82
34 84
34 85
34 86
34 87
34 88
34 93
34 95
34 96
34 97
34 98
34 99
34 100
34 103
34 104
34 105
34 109
34 110
34 111
34 112
34 116
34 117
34 120
34 121
34 122
34 124
34 125
34 128
34 129
34 130
34 131
34 132
34 134
34 136
34 138
34 139
34 140
34 141
34 143
34 144
34 146
34 147
34 148
34 149
34 150
34 151
34 152
34 153
34 155
34 156
34 158
34 159
34 160
34 163
34 166
34 169
34 171
34 172
34 173
34 174
34 177
34 178
34 180
34 182
34 184
34 189
34 190
34 193
34 194
34 196
34 198
34 199
35 38
35 40
35 41
35 43
35 44
35 45
35 46
35 50
35 54
35 55
35 58
35 60
35 61
35 62
35 64
35 65
35 66
35 67
35 68
35 69
35 70
35 71
35 73
35 75
35 76
35 77
35 78
35 80
35 81
35 83
35 85
35 87
35 88
35 89
35 91
35 92
35 96
35 99
35 100
35 101
35 102
35 104
35 106
35 107
35 108
35 109
35 110
35 111
35 112
35 113
35 114
35 119
35 120
35 121
35 122
35 124
35 127
35 128
35 134
35 136
35 137
35 138
35 141
35 144
35 145
35 148
35 149
35 150
35 151
35 152
35 154
35 156
35 158
35 159
35 160
35 161
35 163
35 165
35 168
35 170
35 171
35 172
35 174
35 175
35 178
35 179
35 181
35 182
35 183
35 184
35 186
35 187
35 188
35 189
35 190
35 191
35 192
35 193
35 194
35 196
35 198
35 199
36 38
36 39
36 40
36 44
36 45
36 47
36 48
36 50
36 52
36 53
36 54
36 56
36 57
36 59
36 60
36 62
36 63
36 64
36 65
36 68
36 71
36 72
36 76
36 77
36 78
36 79
36 80
36 81
36 82
36 83
36 85
36 89
36 91
36 96
36 97
36 99
36 100
36 107
36 108
36 113
36 114
36 116
36 117
36 119
36 121
36 123
36 125
36 126
36 129
36 130
36 131
36 132
36 133
36 134
36 136
36 139
36 140
36 141
36 142
36 144
36 148
36 149
36 152
36 153
36 155
36 156
36 157
36 159
36 160
36 163
36 164
36 168
36 169
36 170
36 171
36 172
36 173
36 174
36 175
36 176
36 177
36 178
36 180
36 182
36 183
36 185
36 186
36 187
36 192
36 193
36 194
36 195
36 196
36 197
36 198
36 199
37 38
37 40
37 41
37 42
37 43
37 44
37 45
37 46
37 48
37 49
37 50
37 51
37 52
37 54
37 55
37 56
37 57
37 58
37 61
37 63
37 64
37 66
37 67
37 68
37 69
37 70
37 71
37 72
37 74
37 75
37 76
37 77
37 78
37 79
37 80
37 81
37 82
37 83
37 84
37 85
37 86
37 88
37 91
37 92
37 93
37 94
37 95
37 96
37 98
37 100
37 102
37 104
37 107
37 108
37 110
37 112
37 113
37 114
37 116
37 119
37 121
37 122
37 123
37 125
37 126
37 127
37 128
37 130
37 131
37 133
37 135
37 136
37 137
37 139
37 141
37 142
37 143
37 146
37 147
37 148
37 149
37 150
37 151
37 152
37 155
37 156
37 157
37 158
37 160
37 161
37 162
37 163
37 164
37 165
37 166
37 168
37 169
37 174
37 175
37 176
37 177
37 178
37 179
37 180
37 181
37 184
37 185
37 186
37 189
37 190
37 191
37 192
37 194
37 196
38 41
38 45
38 47
38 48
38 50
38 51
38 53
38 54
38 57
38 61
38 62
38 63
38 64
38 65
38 66
38 67
38 68
38 69
38 70
38 71
38 74
38 75
38 76
38 77
38 79
38 81
38 84
38 85
38 86
38 87
38 88
38 91
38 93
38 95
38 96
38 97
38 99
38 103
38 108
38 109
38 110
38 111
38 112
38 116
38 117
38 118
38 120
38 121
38 122
38 123
38 124
38 125
38 127
38 128
38 129
38 130
38 132
38 133
38 134
38 135
38 138
38 139
38 141
38 144
38 147
38 148
38 149
38 150
38 151
38 154
38 155
38 156
38 158
38 160
38 163
38 165
38 169
38 170
38 172
38 174
38 177
38 178
38 179
38 181
38 182
38 183
38 184
38 185
38 186
38 188
38 189
38 191
38 192
38 197
38 198
39 40
39 43
39 44
39 46
39 48
39 49
39 50
39 51
39 52
39 54
39 55
39 56
39 59
39 62
39 63
39 67
39 71
39 73
39 74
39 78
39 79
39 80
39 82
39 83
39 86
39 87
39 91
39 92
39 94
39 95
39 96
39 98
39 99
39 100
39 101
39 102
39 104
39 105
39 106
39 107
39 108
39 110
39 112
39 114
39 115
39 116
39 120
39 122
39 123
39 124
39 125
39 126
39 128
39 130
39 131
39 132
39 133
39 135
39 136
39 137
39 144
39 145
39 147
39 150
39 151
39 152
39 153
39 155
39 156
39 157
39 159
39 161
39 162
39 164
39 165
39 166
39 167
39 168
39 169
39 170
39 172
39 173
39 174
39 175
39 178
39 179
39 181
39 186
39 188
39 189
39 190
39 193
39 194
39 198
39 199
40 42
40 44
40 45
40 46
40 47
40 49
40 53
40 54
40 55
40 56
40 57
40 58
40 59
40 60
40 61
40 64
40 68
40 71
40 73
40 76
40 77
40 78
40 79
40 80
40 81
40 82
40 83
40 84
40 85
40 87
40 88
40 91
40 92
40 93
40 94
40 95
40 97
40 99
40 100
40 104
40 105
40 106
40 107
40 108
40 109
40 110
40 111
40 112
40 113
40 121
40 126
40 128
40 129
40 131
40 132
40 133
40 134
40 137
40 139
40 143
40 145
40 146
40 147
40 148
40 149
40 152
40 153
40 154
40 155
40 156
40 157
40 158
40 159
40 160
40 163
40 164
40 165
40 166
40 168
40 169
40 172
40 179
40 181
40 184
40 185
40 188
40 189
40 190
40 191
40 192
40 193
40 194
40 195
40 196
40 197
40 198
40 199
41 44
41 46
41 49
41 51
41 54
41 55
41 56
41 57
41 61
41 63
41 65
41 66
41 69
41 72
41 75
41 76
41 77
41 79
41 84
41 85
41 86
41 87
41 88
41 90
41 92
41 93
41 96
41 97
41 98
41 100
41 102
41 103
41 105
41 106
41 108
41 109
41 110
41 111
41 112
41 113
41 115
41 116
41 117
41 119
41 121
41 122
41 123
41 124
41 125
41 126
41 127
41 128
41 129
41 131
41 134
41 137
41 139
41 140
41 141
41 143
41 144
41 145
41 146
41 150
41 153
41 154
41 155
41 157
41 160
41 163
41 164
41 165
41 166
41 167
41 168
41 169
41 170
41 171
41 174
41 175
41 176
41 178
41 180
41 181
41 183
41 185
41 186
41 187
41 189
41 193
41 197
42 45
42 46
42 48
42 49
42 50
42 52
42 54
42 56
42 57
42 59
42 61
42 62
42 63
42 64
42 65
42 66
42 68
42 69
42 70
42 74
42 75
42 76
42 77
42 78
42 79
42 80
42 81
42 82
42 83
42 84
42 85
42 89
42 90
42 93
42 95
42 96
42 99
42 101
42 103
42 104
42 105
42 107
42 108
42 110
42 111
42 113
42 114
42 116
42 117
42 119
42 120
42 123
42 124
42 125
42 127
42 128
42 129
42 130
42 131
42 138
42 139
42 141
42 143
42 146
42 147
42 149
42 150
42 151
42 152
42 154
42 155
42 156
42 157
42 158
42 160
42 161
42 163
42 164
42 166
42 169
42 171
42 173
42 174
42 175
42 176
42 177
42 183
42 186
42 187
42 188
42 191
42 192
42 193
42 194
42 195
42 197
42 198
42 199
43 44
43 46
43 48
43 49
43 50
43 52
43 53
43 60
43 61
43 62
43 63
43 64
43 65
43 67
43 68
43 70
43 72
43 73
43 74
43 75
43 77
43 78
43 79
43 80
43 81
43 84
43 85
43 86
43 87
43 89
43 90
43 91
43 92
43 94
43 95
43 96
43 97
43 98
43 99
43 101
43 102
43 105
43 106
43 111
43 114
43 115
43 116
43 117
43 118
43 119
43 120
43 121
43 123
43 124
43 126
43 127
43 128
43 129
43 130
43 131
43 135
43 138
43 139
43 140
43 141
43 143
43 146
43 148
43 157
43 162
43 163
43 165
43 166
43 168
43 169
43 170
43 171
43 172
43 173
43 175
43 176
43 177
43 180
43 181
43 184
43 187
43 188
43 189
43 191
43 192
43 197
43 198
43 199
44 47
44 49
44 50
44 52
44 53
44 55
44 57
44 58
44 59
44 60
44 61
44 62
44 64
44 65
44 66
44 67
44 69
44 70
44 71
44 73
44 77
44 78
44 79
44 80
44 83
44 84
44 85
44 87
44 88
44 91
44 92
44 95
44 99
44 100
44 101
44 102
44 106
44 108
44 110
44 111
44 112
44 114
44 118
44 120
44 122
44 123
44 124
44 125
44 130
44 131
44 133
44 137
44 138
44 139
44 140
44 142
44 144
44 145
44 146
44 148
44 149
44 150
44 151
44 152
44 154
44 155
44 156
44 157
44 158
44 160
44 162
44 163
44 164
44 165
44 166
44 167
44 169
44 170
44 172
44 175
44 178
44 179
44 180
44 181
44 182
44 183
44 184
44 186
44 187
44 189
44 195
44 197
44 198
44 199
45 49
45 50
45 52
45 56
45 57
45 58
45 59
45 60
45 61
45 62
45 64
45 65
45 68
45 69
45 70
45 73
45 74
45 75
45 76
45 77
45 78
45 79
45 80
45 82
45 83
45 84
45 88
45 90
45 91
45 92
45 93
45 96
45 98
45 99
45 100
45 104
45 105
45 106
45 109
45 110
45 112
45 113
45 114
45 119
45 120
45 121
45 122
45 126
45 127
45 128
45 129
45 130
45 131
45 132
45 133
45 134
45 135
45 136
45 138
45 139
45 142
45 143
45 144
45 145
45 150
45 151
45 152
45 154
45 155
45 156
45 159
45 161
45 163
45 166
45 167
45 169
45 170
45 171
45 172
45 173
45 175
45 181
45 183
45 185
45 186
45 187
45 188
45 189
45 190
45 194
45 199
46 47
46 48
46 49
46 50
46 52
46 53
46 54
46 55
46 56
46 57
46 58
46 59
46 60
46 61
46 62
46 63
46 64
46 65
46 67
46 68
46 71
46 72
46 74
46 76
46 77
46 78
46 79
46 83
46 84
46 85
46 87
46 88
46 89
46 90
46 91
46 93
46 96
46 97
46 98
46 101
46 103
46 104
46 106
46 107
46 109
46 110
46 113
46 114
46 115
46 117
46 118
46 120
46 124
46 128
46 129
46 131
46 132
46 136
46 137
46 138
46 139
46 140
46 144
46 145
46 146
46 147
46 148
46 149
46 150
46 151
46 153
46 159
46 161
46 162
46 163
46 164
46 166
46 172
46 175
46 178
46 180
46 182
46 184
46 186
46 189
46 190
46 191
46 193
46 196
47 52
47 53
47 55
47 57
47 58
47 61
47 65
47 67
47 69
47 70
47 71
47 72
47 75
47 76
47 78
47 79
47 81
47 82
47 83
47 84
47 85
47 87
47 88
47 89
47 90
47 93
47 94
47 95
47 96
47 98
47 99
47 100
47 102
47 103
47 105
47 106
47 107
47 108
47 110
47 112
47 113
47 114
47 116
47 117
47 118
47 119
47 120
47 121
47 123
47 124
47 126
47 128
47 129
47 131
47 132
47 134
47 135
47 137
47 138
47 139
47 142
47 145
47 146
47 147
47 151
47 156
47 159
47 160
47 161
47 162
47 164
47 165
47 166
47 167
47 169
47 170
47 172
47 173
47 175
47 176
47 181
47 183
47 184
47 185
47 186
47 187
47 188
47 192
47 193
47 198
47 199
48 49
48 50
48 51
48 52
48 54
48 55
48 56
48 57
48 61
48 62
48 63
48 65
48 66
48 67
48 69
48 71
48 75
48 77
48 78
48 80
48 81
48 82
48 83
48 85
48 86
48 87
48 90
48 91
48 92
48 93
48 94
48 98
48 99
48 101
48 103
48 104
48 105
48 106
48 107
48 108
48 113
48 117
48 118
48 120
48 121
48 122
48 124
48 128
48 129
48 131
48 132
48 134
48 137
48 138
48 141
48 142
48 144
48 146
48 147
48 148
48 149
48 151
48 152
48 153
48 157
48 160
48 161
48 162
48 167
48 169
48 172
48 174
48 175
48 177
48 178
48 179
48 182
48 187
48 188
48 189
48 190
48 191
48 192
48 193
48 197
48 199
49 54
49 55
49 56
49 57
49 58
49 59
49 61
49 65
49 67
49 70
49 71
49 72
49 73
49 75
49 76
49 77
49 78
49 79
49 80
49 83
49 84
49 85
49 86
49 87
49 88
49 90
49 92
49 93
49 94
49 96
49 97
49 98
49 99
49 100
49 101
49 102
49 103
49 104
49 106
49 108
49 113
49 114
49 116
49 117
49 122
49 124
49 125
49 126
49 127
49 128
49 129
49 130
49 131
49 132
49 133
49 135
49 137
49 138
49 139
49 140
49 144
49 146
49 148
49 149
49 153
49 154
49 156
49 157
49 158
49 159
49 160
49 162
49 163
49 165
49 166
49 170
49 171
49 173
49 175
49 176
49 177
49 178
49 179
49 181
49 182
49 183
49 184
49 186
49 187
49 188
49 189
49 190
49 191
49 194
49 195
49 198
49 199
50 52
50 53
50 54
50 55
50 57
50 59
50 60
50 62
50 65
50 67
50 68
50 69
50 71
50 72
50 73
50 75
50 77
50 80
50 81
50 84
50 86
50 87
50 92
50 93
50 94
50 96
50 97
50 98
50 101
50 102
50 103
50 104
50 105
50 109
50 111
50 116
50 118
50 119
50 122
50 123
50 125
50 126
50 127
50 130
50 137
50 138
50 139
50 140
50 142
50 145
50 146
50 148
50 152
50 157
50 160
50 161
50 162
50 163
50 164
50 166
50 167
50 170
50 172
50 174
50 175
50 176
50 178
50 179
50 180
50 184
50 185
50 186
50 187
50 188
50 189
50 190
50 191
50 196
50 197
50 199
51 52
51 54
51 55
51 57
51 60
51 62
51 64
51 65
51 66
51 67
51 68
51 69
51 70
51 71
51 72
51 74
51 75
51 76
51 77
51 78
51 81
51 82
51 83
51 90
51 93
51 94
51 95
51 97
51 98
51 99
51 101
51 102
51 104
51 107
51 109
51 110
51 112
51 113
51 114
51 117
51 118
51 119
51 121
51 123
51 125
51 126
51 127
51 128
51 133
51 134
51 135
51 137
51 139
51 140
51 141
51 142
51 143
51 144
51 145
51 146
51 147
51 148
51 149
51 150
51 152
51 153
51 154
51 155
51 156
51 157
51 158
51 159
51 161
51 162
51 167
51 169
51 170
51 171
51 173
51 175
51 176
51 179
51 181
51 182
51 184
51 186
51 187
51 191
51 192
51 195
51 196
51 197
51 198
51 199
52 53
52 54
52 55
52 56
52 58
52 59
52 60
52 63
52 64
52 66
52 67
52 71
52 72
52 73
52 76
52 77
52 78
52 79
52 81
52 82
52 85
52 86
52 90
52 91
52 95
52 96
52 97
52 98
52 101
52 102
52 103
52 104
52 108
52 112
52 113
52 114
52 115
52 116
52 117
52 118
52 119
52 121
52 122
52 123
52 124
52 125
52 126
52 130
52 131
52 132
52 133
52 137
52 138
52 139
52 140
52 141
52 142
52 144
52 146
52 147
52 149
52 151
52 152
52 153
52 154
52 158
52 159
52 160
52 162
52 163
52 164
52 165
52 166
52 167
52 168
52 170
52 172
52 173
52 175
52 176
52 177
52 178
52 180
52 181
52 184
52 185
52 187
52 188
52 191
52 192
52 193
52 194
52 195
52 196
52 198
52 199
53 55
53 56
53 58
53 60
53 61
53 63
53 64
53 66
53 69
53 71
53 72
53 74
53 75
53 76
53 81
53 83
53 85
53 86
53 87
53 89
53 90
53 91
53 92
53 93
53 99
53 100
53 101
53 102
53 104
53 107
53 110
53 111
53 112
53 113
53 116
53 120
53 122
53 123
53 125
53 126
53 127
53 129
53 130
53 132
53 133
53 134
53 135
53 137
53 138
53 139
53 141
53 142
53 143
53 146
53 147
53 149
53 151
53 152
53 154
53 156
53 157
53 158
53 160
53 162
53 164
53 165
53 168
53 169
53 170
53 171
53 172
53 173
53 174
53 175
53 179
53 181
53 183
53 184
53 185
53 187
53 190
53 191
53 193
53 196
53 199
54 55
54 56
54 58
54 59
54 60
54 61
54 65
54 66
54 67
54 70
54 72
54 74
54 76
54 77
54 78
54 79
54 80
54 81
54 89
54 92
54 93
54 94
54 97
54 101
54 105
54 106
54 107
54 109
54 112
54 114
54 115
54 117
54 120
54 122
54 125
54 127
54 131
54 132
54 133
54 134
54 135
54 136
54 138
54 139
54 140
54 141
54 143
54 145
54 147
54 152
54 156
54 160
54 163
54 165
54 167
54 168
54 169
54 171
54 174
54 176
54 178
54 179
54 181
54 182
54 183
54 184
54 186
54 188
54 191
54 193
54 197
55 57
55 58
55 62
55 63
55 66
55 68
55 69
55 70
55 71
55 72
55 73
55 74
55 75
55 76
55 77
55 80
55 81
55 82
55 83
55 86
55 87
55 88
55 90
55 91
55 92
55 93
55 96
55 97
55 101
55 102
55 104
55 105
55 108
55 109
55 112
55 114
55 116
55 117
55 118
55 120
55 121
55 122
55 123
55 124
55 125
55 126
55 127
55 129
55 132
55 133
55 134
55 136
55 138
55 140
55 141
55 143
55 144
55 147
55 148
55 151
55 153
55 154
55 155
55 156
55 159
55 160
55 162
55 163
55 164
55 165
55 167
55 170
55 171
55 174
55 175
55 176
55 177
55 178
55 180
55 181
55 182
55 183
55 188
55 189
55 190
55 191
55 192
55 193
55 194
55 195
55 197
56 58
56 60
56 61
56 63
56 65
56 66
56 67
56 70
56 71
56 72
56 73
56 74
56 75
56 76
56 77
56 78
56 79
56 82
56 85
56 86
56 91
56 94
56 95
56 96
56 98
56 99
56 100
56 103
56 104
56 105
56 106
56 107
56 109
56 110
56 111
56 112
56 113
56 114
56 117
56 118
56 119
56 120
56 121
56 122
56 125
56 126
56 130
56 131
56 132
56 134
56 136
56 137
56 138
56 139
56 140
56 146
56 150
56 152
56 155
56 157
56 159
56 162
56 163
56 164
56 166
56 168
56 169
56 171
56 175
56 177
56 178
56 180
56 182
56 183
56 185
56 186
56 189
56 190
56 192
56 193
56 194
56 195
56 197
56 199
57 60
57 61
57 62
57 64
57 65
57 69
57 71
57 73
57 74
57 75
57 77
57 79
57 80
57 81
57 83
57 87
57 88
57 89
57 90
57 91
57 92
57 94
57 95
57 96
57 97
57 98
57 104
57 105
57 106
57 107
57 108
57 114
57 115
57 116
57 118
57 119
57 121
57 122
57 123
57 124
57 125
57 128
57 130
57 132
57 133
57 134
57 135
57 137
57 138
57 141
57 142
57 144
57 146
57 148
57 150
57 153
57 156
57 157
57 163
57 164
57 165
57 167
57 168
57 169
57 170
57 171
57 174
57 175
57 176
57 177
57 178
57 181
57 183
57 189
57 191
57 192
57 193
57 196
58 59
58 60
58 61
58 63
58 64
58 65
58 67
58 68
58 69
58 71
58 72
58 74
58 77
58 80
58 81
58 84
58 85
58 86
58 87
58 89
58 90
58 92
58 94
58 97
58 98
58 99
58 101
58 105
58 106
58 107
58 112
58 114
58 116
58 117
58 118
58 120
58 122
58 125
58 127
58 128
58 129
58 130
58 131
58 132
58 133
58 134
58 135
58 136
58 138
58 139
58 141
58 142
58 147
58 148
58 149
58 150
58 151
58 153
58 154
58 155
58 157
58 158
58 159
58 160
58 161
58 166
58 167
58 169
58 171
58 172
58 173
58 176
58 177
58 178
58 180
58 181
58 182
58 183
58 187
58 189
58 190
58 192
58 194
58 195
58 198
58 199
59 67
59 68
59 70
59 75
59 76
59 77
59 81
59 82
59 85
59 89
59 91
59 93
59 94
59 95
59 96
59 99
59 100
59 102
59 104
59 105
59 106
59 111
59 114
59 118
59 120
59 121
59 123
59 127
59 128
59 130
59 132
59 133
59 135
59 136
59 137
59 138
59 139
59 140
59 144
59 145
59 147
59 148
59 149
59 151
59 153
59 155
59 156
59 158
59 159
59 160
59 161
59 163
59 167
59 168
59 169
59 171
59 174
59 175
59 179
59 180
59 181
59 182
59 184
59 185
59 186
59 188
59 190
59 192
59 194
59 195
59 198
60 62
60 63
60 64
60 65
60 66
60 69
60 70
60 73
60 74
60 75
60 79
60 81
60 82
60 83
60 84
60 87
60 88
60 89
60 91
60 92
60 96
60 97
60 98
60 99
60 100
60 101
60 102
60 103
60 105
60 106
60 109
60 110
60 111
60 115
60 116
60 117
60 118
60 120
60 122
60 124
60 125
60 126
60 127
60 129
60 130
60 131
60 132
60 134
60 137
60 139
60 140
60 143
60 146
60 147
60 149
60 151
60 152
60 155
60 156
60 161
60 164
60 166
60 167
60 168
60 169
60 170
60 171
60 173
60 174
60 175
60 178
60 179
60 180
60 182
60 187
60 188
60 191
60 192
60 193
60 194
60 197
61 64
61 65
61 72
61 74
61 75
61 76
61 78
61 79
61 81
61 84
61 87
61 88
61 91
61 92
61 93
61 95
61 96
61 97
61 99
61 102
61 105
61 106
61 110
61 112
61 113
61 115
61 116
61 118
61 119
61 120
61 121
61 122
61 123
61 124
61 125
61 126
61 127
61 128
61 130
61 132
61 133
61 134
61 135
61 136
61 137
61 138
61 139
61 140
61 141
61 143
61 145
61 146
61 149
61 153
61 154
61 156
61 158
61 159
61 160
61 164
61 165
61 166
61 167
61 168
61 169
61 170
61 171
61 174
61 175
61 177
61 179
61 181
61 182
61 183
61 184
61 187
61 189
61 192
61 193
61 197
61 198
61 199
62 64
62 66
62 68
62 69
62 71
62 73
62 74
62 76
62 77
62 78
62 79
62 80
62 81
62 83
62 85
62 87
62 88
62 90
62 93
62 96
62 99
62 101
62 103
62 104
62 105
62 106
62 107
62 110
62 111
62 112
62 115
62 117
62 121
62 123
62 126
62 127
62 128
62 129
62 130
62 131
62 134
62 135
62 136
62 137
62 138
62 139
62 140
62 141
62 142
62 143
62 147
62 148
62 150
62 153
62 154
62 155
62 157
62 158
62 161
62 162
62 163
62 165
62 166
62 167
62 170
62 171
62 172
62 173
62 178
62 179
62 180
62 181
62 183
62 184
62 185
62 186
62 187
62 192
62 195
62 196
62 197
62 199
63 64
63 67
63 68
63 69
63 72
63 73
63 74
63 80
63 81
63 82
63 83
63 86
63 87
63 90
63 93
63 94
63 99
63 103
63 104
63 105
63 106
63 108
63 109
63 110
63 111
63 113
63 116
63 118
63 120
63 122
63 123
63 125
63 126
63 127
63 129
63 130
63 131
63 132
63 133
63 139
63 140
63 142
63 143
63 144
63 145
63 147
63 148
63 150
63 156
63 158
63 160
63 161
63 163
63 164
63 167
63 169
63 170
63 172
63 174
63 176
63 177
63 178
63 179
63 181
63 182
63 184
63 185
63 186
63 188
63 189
63 191
63 192
63 195
63 197
63 198
63 199
64 65
64 66
64 67
64 68
64 69
64 70
64 72
64 74
64 76
64 78
64 79
64 80
64 81
64 82
64 83
64 84
64 87
64 88
64 89
64 90
64 91
64 92
64 93
64 95
64 96
64 98
64 99
64 101
64 102
64 103
64 104
64 106
64 107
64 108
64 109
64 110
64 114
64 116
64 117
64 122
64 124
64 127
64 130
64 131
64 132
64 134
64 136
64 137
64 140
64 143
64 144
64 145
64 146
64 147
64 149
64 150
64 151
64 152
64 153
64 154
64 156
64 157
64 160
64 161
64 162
64 163
64 164
64 165
64 166
64 167
64 171
64 172
64 173
64 174
64 175
64 177
64 178
64 180
64 181
64 182
64 183
64 185
64 186
64 187
64 188
64 190
64 191
64 192
64 194
64 195
64 196
64 197
64 198
64 199
65 66
65 68
65 70
65 71
65 72
65 74
65 76
65 77
65 78
65 82
65 83
65 87
65 90
65 92
65 95
65 96
65 98
65 99
65 100
65 102
65 103
65 104
65 106
65 107
65 108
65 109
65 110
65 111
65 112
65 116
65 117
65 118
65 119
65 121
65 123
65 126
65 127
65 129
65 130
65 131
65 132
65 133
65 134
65 136
65 138
65 139
65 140
65 141
65 142
65 143
65 144
65 146
65 150
65 151
65 152
65 153
65 154
65 156
65 157
65 159
65 160
65 162
65 163
65 164
65 166
65 167
65 168
65 171
65 172
65 173
65 175
65 179
65 180
65 182
65 184
65 186
65 190
65 191
65 192
65 194
65 195
65 197
65 199
66 67
66 68
66 70
66 73
66 74
66 75
66 76
66 77
66 78
66 81
66 82
66 83
66 84
66 85
66 87
66 88
66 90
66 94
66 95
66 97
66 98
66 102
66 103
66 105
66 107
66 108
66 109
66 111
66 112
66 115
66 116
66 117
66 121
66 122
66 123
66 124
66 125
66 130
66 133
66 136
66 137
66 141
66 143
66 146
66 148
66 150
66 152
66 154
66 155
66 156
66 158
66 159
66 161
66 163
66 164
66 165
66 167
66 168
66 171
66 173
66 175
66 176
66 178
66 179
66 180
66 181
66 182
66 183
66 185
66 187
66 188
66 192
66 193
66 194
66 196
66 197
66 199
67 69
67 70
67 71
67 72
67 74
67 77
67 78
67 79
67 81
67 82
67 83
67 84
67 85
67 87
67 89
67 90
67 91
67 92
67 93
67 94
67 95
67 96
67 97
67 98
67 102
67 103
67 105
67 107
67 109
67 110
67 113
67 115
67 116
67 117
67 118
67 121
67 123
67 125
67 126
67 127
67 129
67 132
67 134
67 135
67 138
67 140
67 142
67 143
67 145
67 146
67 147
67 148
67 150
67 151
67 152
67 153
67 154
67 156
67 157
67 158
67 159
67 160
67 161
67 163
67 164
67 165
67 166
67 167
67 168
67 169
67 170
67 178
67 179
67 180
67 182
67 183
67 186
67 187
67 188
67 189
67 190
67 192
67 193
67 194
67 195
67 196
67 197
67 198
67 199
68 69
68 70
68 72
68 75
68 77
68 78
68 84
68 85
68 86
68 89
68 90
68 92
68 93
68 94
68 95
68 98
68 100
68 101
68 102
68 104
68 105
68 106
68 107
68 109
68 110
68 111
68 113
68 114
68 116
68 117
68 118
68 119
68 120
68 124
68 126
68 128
68 129
68 132
68 133
68 137
68 138
68 139
68 142
68 146
68 148
68 149
68 150
68 151
68 152
68 153
68 154
68 155
68 156
68 157
68 158
68 162
68 163
68 164
68 167
68 168
68 169
68 170
68 171
68 179
68 181
68 182
68 183
68 184
68 191
68 193
68 194
68 195
68 196
68 197
68 198
68 199
69 71
69 72
69 73
69 74
69 76
69 77
69 80
69 81
69 82
69 83
69 85
69 86
69 87
69 88
69 89
69 91
69 92
69 93
69 94
69 95
69 96
69 99
69 100
69 103
69 104
69 105
69 106
69 107
69 111
69 113
69 115
69 117
69 119
69 120
69 121
69 123
69 124
69 125
69 126
69 127
69 132
69 133
69 134
69 137
69 138
69 139
69 140
69 141
69 142
69 143
69 144
69 146
69 147
69 151
69 155
69 156
69 157
69 158
69 161
69 162
69 163
69 166
69 170
69 173
69 176
69 178
69 180
69 183
69 184
69 186
69 187
69 188
69 189
69 190
69 192
69 194
69 195
69 198
70 71
70 75
70 77
70 78
70 80
70 81
70 82
70 84
70 86
70 90
70 92
70 93
70 95
70 97
70 100
70 102
70 103
70 104
70 105
70 106
70 107
70 109
70 111
70 112
70 114
70 115
70 116
70 118
70 119
70 121
70 124
70 125
70 126
70 127
70 128
70 129
70 131
70 132
70 133
70 135
70 137
70 139
70 141
70 142
70 143
70 144
70 145
70 146
70 147
70 148
70 149
70 150
70 151
70 153
70 154
70 155
70 156
70 157
70 158
70 161
70 162
70 164
70 167
70 169
70 171
70 172
70 173
70 174
70 179
70 180
70 181
70 183
70 188
70 191
70 192
70 193
70 194
70 198
71 73
71 75
71 77
71 78
71 80
71 82
71 83
71 85
71 87
71 92
71 95
71 96
71 98
71 99
71 100
71 101
71 104
71 105
71 106
71 107
71 108
71 112
71 113
71 114
71 115
71 117
71 118
71 119
71 122
71 123
71 124
71 126
71 127
71 128
71 130
71 131
71 132
71 134
71 137
71 139
71 141
71 142
71 143
71 145
71 146
71 147
71 150
71 151
71 153
71 156
71 158
71 159
71 160
71 161
71 162
71 163
71 164
71 165
71 166
71 167
71 169
71 170
71 171
71 174
71 175
71 176
71 182
71 183
71 186
71 187
71 188
71 196
71 198
71 199
72 73
72 74
72 75
72 76
72 78
72 79
72 80
72 81
72 82
72 84
72 86
72 87
72 91
72 93
72 94
72 95
72 97
72 99
72 101
72 102
72 103
72 108
72 110
72 112
72 113
72 114
72 116
72 117
72 119
72 120
72 121
72 122
72 123
72 124
72 127
72 128
72 130
72 131
72 132
72 133
72 134
72 136
72 137
72 138
72 140
72 141
72 142
72 143
72 146
72 152
72 153
72 155
72 157
72 158
72 160
72 161
72 162
72 164
72 165
72 166
72 167
72 168
72 170
72 172
72 173
72 176
72 178
72 179
72 180
72 181
72 182
72 183
72 186
72 191
72 192
72 193
72 194
72 197
72 198
72 199
73 74
73 75
73 77
73 80
73 81
73 82
73 83
73 84
73 86
73 89
73 90
73 92
73 93
73 95
73 96
73 98
73 99
73 101
73 102
73 103
73 104
73 105
73 106
73 111
73 113
73 114
73 115
73 121
73 122
73 124
73 126
73 128
73 130
73 131
73 138
73 140
73 141
73 142
73 145
73 147
73 148
73 150
73 151
73 156
73 157
73 158
73 162
73 163
73 164
73 165
73 170
73 171
73 172
73 174
73 177
73 179
73 180
73 181
73 182
73 184
73 185
73 186
73 188
73 190
73 191
73 193
73 195
73 196
73 197
73 198
73 199
74 77
74 78
74 80
74 82
74 85
74 86
74 88
74 90
74 91
74 93
74 94
74 95
74 97
74 99
74 101
74 103
74 105
74 106
74 109
74 110
74 112
74 113
74 115
74 118
74 119
74 122
74 123
74 124
74 125
74 127
74 128
74 131
74 132
74 134
74 135
74 137
74 138
74 140
74 141
74 143
74 144
74 146
74 148
74 151
74 152
74 156
74 157
74 158
74 159
74 162
74 164
74 165
74 167
74 169
74 171
74 172
74 173
74 175
74 176
74 177
74 179
74 181
74 182
74 184
74 186
74 188
74 190
74 191
74 192
74 193
74 195
74 196
74 197
74 199
75 76
75 77
75 81
75 82
75 83
75 90
75 96
75 97
75 100
75 101
75 102
75 104
75 106
75 108
75 113
75 114
75 115
75 120
75 121
75 122
75 123
75 125
75 126
75 129
75 130
75 134
75 136
75 137
75 140
75 141
75 143
75 145
75 147
75 148
75 149
75 150
75 151
75 153
75 155
75 156
75 158
75 160
75 161
75 162
75 164
75 165
75 166
75 167
75 168
75 169
75 170
75 171
75 172
75 174
75 176
75 177
75 179
75 181
75 184
75 185
75 186
75 188
75 189
75 190
75 192
75 193
75 194
75 195
75 196
75 198
75 199
76 81
76 82
76 84
76 85
76 87
76 88
76 92
76 93
76 95
76 96
76 98
76 99
76 101
76 102
76 103
76 104
76 105
76 106
76 111
76 112
76 114
76 116
76 117
76 118
76 120
76 121
76 122
76 123
76 124
76 125
76 126
76 127
76 129
76 130
76 131
76 132
76 133
76 135
76 136
76 138
76 139
76 140
76 141
76 142
76 144
76 146
76 148
76 150
76 151
76 154
76 157
76 158
76 159
76 160
76 161
76 162
76 163
76 165
76 166
76 167
76 168
76 169
76 171
76 172
76 173
76 175
76 177
76 178
76 180
76 182
76 183
76 184
76 187
76 188
76 189
76 191
76 194
76 195
76 196
76 197
76 199
77 78
77 79
77 80
77 85
77 88
77 89
77 90
77 92
77 94
77 95
77 96
77 97
77 98
77 99
77 102
77 104
77 106
77 107
77 108
77 110
77 111
77 113
77 115
77 116
77 118
77 121
77 122
77 123
77 124
77 125
77 126
77 127
77 128
77 129
77 131
77 132
77 136
77 137
77 138
77 139
77 143
77 144
77 146
77 148
77 149
77 150
77 151
77 152
77 153
77 154
77 155
77 156
77 157
77 162
77 164
77 166
77 167
77 170
77 171
77 172
77 173
77 174
77 175
77 177
77 178
77 179
77 180
77 183
77 184
77 185
77 186
77 188
77 190
77 196
77 199
78 79
78 80
78 82
78 84
78 85
78 86
78 88
78 89
78 92
78 93
78 94
78 95
78 96
78 97
78 100
78 102
78 104
78 105
78 106
78 107
78 109
78 110
78 112
78 114
78 115
78 116
78 118
78 119
78 120
78 123
78 124
78 126
78 128
78 130
78 134
78 135
78 136
78 139
78 140
78 141
78 144
78 145
78 146
78 147
78 148
78 151
78 152
78 153
78 159
78 160
78 161
78 162
78 163
78 166
78 168
78 170
78 171
78 173
78 174
78 176
78 177
78 179
78 182
78 184
78 185
78 186
78 187
78 189
78 193
78 194
78 196
78 197
78 198
78 199
79 80
79 81
79 82
79 83
79 84
79 85
79 86
79 87
79 90
79 94
79 96
79 99
79 100
79 101
79 102
79 103
79 104
79 105
79 106
79 108
79 110
79 111
79 113
79 117
79 119
79 121
79 122
79 123
79 127
79 128
79 129
79 130
79 131
79 133
79 134
79 138
79 140
79 142
79 143
79 144
79 145
79 146
79 147
79 148
79 149
79 150
79 152
79 153
79 156
79 159
79 163
79 164
79 165
79 168
79 169
79 171
79 173
79 175
79 176
79 178
79 180
79 183
79 184
79 185
79 187
79 188
79 192
79 193
79 194
79 197
79 198
80 81
80 82
80 84
80 86
80 88
80 89
80 90
80 93
80 95
80 96
80 97
80 98
80 100
80 101
80 102
80 106
80 107
80 108
80 109
80 111
80 112
80 118
80 120
80 121
80 122
80 123
80 125
80 126
80 131
80 132
80 133
80 135
80 138
80 140
80 141
80 143
80 146
80 147
80 149
80 150
80 152
80 159
80 161
80 162
80 164
80 165
80 166
80 167
80 168
80 172
80 176
80 179
80 180
80 182
80 183
80 187
80 188
80 189
80 190
80 191
80 192
80 193
80 194
80 195
80 197
81 82
81 83
81 84
81 85
81 88
81 96
81 99
81 106
81 107
81 108
81 111
81 113
81 114
81 115
81 116
81 119
81 121
81 122
81 124
81 125
81 128
81 130
81 131
81 132
81 134
81 135
81 137
81 138
81 139
81 140
81 141
81 142
81 144
81 146
81 149
81 150
81 151
81 152
81 153
81 154
81 155
81 156
81 157
81 160
81 161
81 162
81 163
81 165
81 166
81 167
81 168
81 169
81 173
81 175
81 178
81 179
81 180
81 181
81 183
81 187
81 188
81 189
81 190
81 191
81 192
81 194
81 196
81 197
81 199
82 85
82 87
82 89
82 90
82 92
82 93
82 94
82 98
82 99
82 100
82 103
82 107
82 109
82 110
82 111
82 112
82 114
82 117
82 119
82 123
82 127
82 128
82 129
82 130
82 132
82 134
82 135
82 136
82 138
82 140
82 142
82 143
82 144
82 146
82 147
82 150
82 152
82 153
82 154
82 155
82 156
82 157
82 158
82 161
82 162
82 164
82 165
82 166
82 167
82 168
82 169
82 172
82 174
82 175
82 177
82 179
82 181
82 183
82 184
82 187
82 190
82 191
82 192
82 193
82 194
82 197
82 199
83 84
83 86
83 90
83 92
83 94
83 96
83 97
83 98
83 100
83 102
83 103
83 104
83 105
83 106
83 107
83 108
83 109
83 112
83 114
83 115
83 116
83 118
83 120
83 122
83 123
83 125
83 126
83 128
83 130
83 132
83 133
83 134
83 139
83 141
83 143
83 145
83 147
83 148
83 152
83 154
83 155
83 156
83 158
83 159
83 160
83 164
83 165
83 166
83 167
83 168
83 170
83 173
83 174
83 176
83 177
83 179
83 180
83 181
83 182
83 183
83 185
83 187
83 190
83 191
83 192
83 193
83 195
83 198
83 199
84 85
84 86
84 88
84 89
84 91
84 92
84 93
84 96
84 103
84 105
84 107
84 108
84 109
84 110
84 111
84 112
84 113
84 116
84 117
84 119
84 120
84 121
84 123
84 125
84 126
84 127
84 129
84 131
84 132
84 133
84 138
84 140
84 142
84 143
84 145
84 146
84 147
84 148
84 153
84 154
84 155
84 157
84 158
84 160
84 161
84 162
84 164
84 166
84 167
84 168
84 169
84 173
84 175
84 177
84 178
84 179
84 181
84 187
84 189
84 190
84 192
84 193
84 195
84 196
84 197
84 198
84 199
85 89
85 91
85 93
85 96
85 97
85 98
85 101
85 103
85 104
85 105
85 107
85 108
85 112
85 114
85 118
85 119
85 120
85 121
85 124
85 125
85 127
85 128
85 129
85 130
85 131
85 132
85 133
85 135
85 136
85 140
85 143
85 144
85 145
85 147
85 149
85 150
85 152
85 154
85 156
85 157
85 159
85 162
85 164
85 165
85 166
85 170
85 172
85 173
85 175
85 177
85 180
85 183
85 184
85 185
85 186
85 187
85 188
85 189
85 190
85 192
85 193
85 194
85 198
86 87
86 89
86 91
86 93
86 96
86 98
86 99
86 100
86 101
86 104
86 105
86 106
86 110
86 111
86 116
86 117
86 118
86 119
86 122
86 123
86 124
86 126
86 130
86 131
86 133
86 134
86 135
86 137
86 138
86 139
86 142
86 143
86 144
86 146
86 148
86 149
86 150
86 151
86 153
86 156
86 159
86 160
86 162
86 163
86 165
86 166
86 171
86 173
86 174
86 175
86 176
86 178
86 180
86 183
86 184
86 186
86 187
86 188
86 191
86 192
86 195
86 197
86 198
86 199
87 89
87 90
87 93
87 94
87 95
87 96
87 97
87 100
87 101
87 103
87 104
87 107
87 108
87 109
87 110
87 111
87 112
87 115
87 116
87 117
87 118
87 120
87 121
87 122
87 124
87 125
87 126
87 127
87 133
87 134
87 136
87 137
87 139
87 142
87 143
87 144
87 146
87 147
87 148
87 152
87 154
87 156
87 158
87 159
87 160
87 161
87 163
87 164
87 167
87 168
87 169
87 170
87 171
87 173
87 174
87 175
87 176
87 177
87 178
87 179
87 181
87 184
87 185
87 186
87 187
87 188
87 189
87 191
87 193
87 194
87 195
87 196
87 197
87 198
88 90
88 92
88 94
88 95
88 97
88 98
88 99
88 100
88 102
88 105
88 108
88 109
88 110
88 111
88 115
88 119
88 122
88 124
88 126
88 127
88 128
88 131
88 132
88 133
88 134
88 137
88 139
88 143
88 144
88 145
88 150
88 151
88 152
88 155
88 158
88 159
88 160
88 161
88 163
88 164
88 165
88 166
88 168
88 169
88 170
88 171
88 172
88 174
88 176
88 179
88 183
88 184
88 185
88 186
88 188
88 189
88 190
88 191
88 192
88 194
88 195
88 196
88 197
89 90
89 91
89 92
89 93
89 95
89 96
89 97
89 98
89 100
89 101
89 103
89 104
89 106
89 107
89 109
89 110
89 111
89 114
89 115
89 117
89 119
89 120
89 122
89 125
89 126
89 128
89 129
89 130
89 131
89 132
89 133
89 134
89 135
89 136
89 137
89 139
89 140
89 144
89 146
89 147
89 148
89 149
89 151
89 153
89 154
89 155
89 156
89 157
89 160
89 161
89 163
89 167
89 169
89 170
89 172
89 173
89 175
89 176
89 177
89 178
89 179
89 181
89 182
89 183
89 184
89 185
89 186
89 187
89 189
89 191
89 192
89 193
89 194
89 196
89 197
89 199
90 94
90 95
90 96
90 97
90 98
90 99
90 101
90 102
90 103
90 104
90 106
90 108
90 109
90 110
90 111
90 112
90 113
90 114
90 115
90 116
90 119
90 120
90 124
90 125
90 126
90 131
90 135
90 136
90 140
90 141
90 142
90 143
90 144
90 145
90 146
90 148
90 153
90 154
90 155
90 158
90 160
90 161
90 162
90 165
90 166
90 168
90 172
90 173
90 174
90 176
90 177
90 178
90 179
90 182
90 185
90 186
90 188
90 189
90 192
90 193
90 194
90 195
90 197
90 199
91 92
91 93
91 94
91 98
91 99
91 100
91 104
91 107
91 116
91 120
91 121
91 123
91 125
91 127
91 129
91 130
91 132
91 134
91 135
91 137
91 138
91 139
91 140
91 142
91 143
91 144
91 149
91 150
91 152
91 156
91 157
91 161
91 163
91 165
91 166
91 169
91 173
91 175
91 176
91 177
91 178
91 181
91 184
91 185
91 186
91 188
91 189
91 191
91 192
91 193
91 194
91 199
92 93
92 96
92 97
92 98
92 101
92 103
92 105
92 108
92 109
92 111
92 112
92 113
92 114
92 116
92 118
92 119
92 121
92 122
92 123
92 124
92 125
92 127
92 128
92 131
92 134
92 136
92 139
92 140
92 141
92 143
92 145
92 147
92 148
92 149
92 150
92 151
92 152
92 153
92 154
92 155
92 156
92 157
92 160
92 162
92 164
92 166
92 167
92 169
92 170
92 173
92 174
92 176
92 177
92 178
92 179
92 181
92 182
92 183
92 184
92 189
92 191
92 192
92 193
92 194
92 195
92 197
92 198
93 97
93 98
93 100
93 104
93 107
93 108
93 109
93 110
93 111
93 112
93 114
93 115
93 116
93 118
93 120
93 123
93 124
93 127
93 128
93 129
93 130
93 131
93 132
93 133
93 134
93 136
93 137
93 138
93 139
93 140
93 141
93 142
93 145
93 148
93 149
93 150
93 151
93 152
93 154
93 155
93 158
93 166
93 167
93 168
93 172
93 174
93 175
93 176
93 178
93 180
93 181
93 182
93 183
93 184
93 185
93 186
93 187
93 188
93 193
93 194
93 195
93 196
93 197
94 96
94 97
94 98
94 99
94 101
94 104
94 107
94 108
94 109
94 110
94 113
94 114
94 115
94 116
94 119
94 120
94 121
94 123
94 125
94 127
94 130
94 131
94 132
94 133
94 135
94 136
94 137
94 138
94 140
94 141
94 142
94 143
94 144
94 145
94 148
94 149
94 150
94 152
94 154
94 155
94 156
94 160
94 161
94 162
94 163
94 165
94 167
94 169
94 171
94 172
94 173
94 175
94 176
94 177
94 182
94 184
94 185
94 187
94 188
94 189
94 190
94 191
94 192
94 193
94 194
94 195
94 198
94 199
95 99
95 101
95 102
95 104
95 106
95 107
95 108
95 109
95 110
95 113
95 114
95 115
95 116
95 117
95 118
95 120
95 121
95 122
95 123
95 124
95 125
95 127
95 128
95 129
95 130
95 132
95 133
95 134
95 135
95 136
95 137
95 140
95 143
95 147
95 149
95 150
95 153
95 154
95 155
95 156
95 158
95 159
95 163
95 165
95 166
95 167
95 168
95 169
95 171
95 172
95 174
95 175
95 177
95 178
95 180
95 181
95 183
95 185
95 186
95 188
95 189
95 191
95 192
95 194
95 196
95 197
95 199
96 97
96 98
96 99
96 101
96 102
96 104
96 106
96 110
96 111
96 112
96 113
96 115
96 116
96 117
96 118
96 119
96 121
96 122
96 123
96 124
96 125
96 126
96 127
96 128
96 129
96 131
96 132
96 136
96 137
96 138
96 139
96 140
96 141
96 142
96 143
96 146
96 147
96 149
96 150
96 151
96 154
96 156
96 157
96 159
96 160
96 161
96 165
96 166
96 167
96 168
96 170
96 171
96 172
96 173
96 176
96 177
96 178
96 179
96 181
96 183
96 184
96 185
96 187
96 188
96 189
96 192
96 193
96 196
96 198
97 99
97 100
97 101
97 102
97 104
97 105
97 107
97 110
97 111
97 112
97 113
97 118
97 120
97 123
97 124
97 126
97 127
97 128
97 129
97 130
97 131
97 133
97 134
97 135
97 137
97 138
97 139
97 141
97 142
97 143
97 145
97 146
97 147
97 148
97 149
97 151
97 152
97 154
97 155
97 156
97 158
97 160
97 162
97 164
97 165
97 167
97 169
97 170
97 171
97 172
97 173
97 175
97 176
97 177
97 178
97 179
97 180
97 181
97 182
97 185
97 187
97 188
97 192
97 196
97 198
97 199
98 99
98 100
98 101
98 107
98 108
98 109
98 111
98 114
98 115
98 116
98 117
98 118
98 119
98 122
98 123
98 124
98 126
98 130
98 132
98 133
98 134
98 136
98 137
98 138
98 141
98 142
98 143
98 145
98 148
98 152
98 155
98 158
98 159
98 160
98 162
98 163
98 166
98 167
98 170
98 172
98 174
98 178
98 181
98 184
98 187
98 188
98 189
98 190
98 191
98 193
98 194
98 195
98 198
99 102
99 104
99 108
99 113
99 114
99 118
99 120
99 121
99 122
99 124
99 126
99 127
99 128
99 130
99 131
99 132
99 133
99 134
99 136
99 137
99 138
99 140
99 141
99 143
99 144
99 145
99 147
99 148
99 149
99 150
99 151
99 152
99 154
99 156
99 157
99 158
99 159
99 160
99 162
99 163
99 165
99 166
99 169
99 173
99 174
99 179
99 180
99 182
99 183
99 186
99 188
99 189
99 191
99 192
99 194
99 195
99 197
99 198
99 199
100 102
100 105
100 107
100 109
100 110
100 112
100 114
100 115
100 116
100 117
100 118
100 119
100 120
100 121
100 124
100 127
100 129
100 130
100 131
100 132
100 133
100 134
100 136
100 137
100 138
100 141
100 142
100 143
100 145
100 146
100 147
100 149
100 150
100 154
100 156
100 159
100 160
100 161
100 162
100 164
100 165
100 166
100 168
100 169
100 174
100 175
100 177
100 178
100 179
100 181
100 182
100 186
100 189
100 190
100 192
100 194
100 197
100 199
101 102
101 103
101 105
101 106
101 108
101 110
101 113
101 115
101 116
101 117
101 118
101 119
101 121
101 122
101 123
101 124
101 128
101 130
101 131
101 132
101 134
101 135
101 136
101 139
101 140
101 142
101 143
101 144
101 145
101 147
101 148
101 152
101 153
101 154
101 157
101 158
101 159
101 162
101 164
101 165
101 166
101 168
101 169
101 172
101 177
101 179
101 181
101 182
101 183
101 186
101 188
101 191
101 192
101 193
102 103
102 105
102 109
102 114
102 115
102 116
102 118
102 120
102 121
102 124
102 125
102 126
102 127
102 128
102 129
102 130
102 131
102 132
102 133
102 134
102 137
102 138
102 139
102 141
102 143
102 144
102 146
102 147
102 149
102 150
102 152
102 153
102 155
102 156
102 157
102 158
102 159
102 160
102 161
102 163
102 164
102 165
102 167
102 168
102 169
102 170
102 172
102 173
102 175
102 177
102 178
102 179
102 180
102 181
102 182
102 183
102 184
102 185
102 187
102 193
102 198
102 199
103 104
103 105
103 108
103 112
103 114
103 115
103 117
103 119
103 120
103 122
103 125
103 126
103 127
103 130
103 132
103 134
103 135
103 138
103 139
103 143
103 144
103 145
103 146
103 147
103 148
103 149
103 150
103 151
103 152
103 153
103 154
103 156
103 157
103 159
103 160
103 161
103 162
103 163
103 166
103 168
103 171
103 172
103 173
103 175
103 176
103 182
103 183
103 185
103 187
103 189
103 192
103 193
103 194
103 195
104 107
104 108
104 113
104 114
104 115
104 120
104 121
104 122
104 123
104 124
104 125
104 127
104 129
104 130
104 133
104 134
104 135
104 136
104 137
104 138
104 141
104 142
104 144
104 145
104 148
104 149
104 150
104 154
104 155
104 157
104 159
104 160
104 161
104 163
104 165
104 166
104 169
104 170
104 172
104 175
104 176
104 177
104 178
104 181
104 183
104 185
104 186
104 187
104 188
104 192
104 193
104 194
104 195
104 197
105 106
105 107
105 108
105 112
105 114
105 115
105 116
105 117
105 118
105 120
105 121
105 122
105 123
105 124
105 126
105 127
105 130
105 132
105 133
105 135
105 136
105 138
105 140
105 141
105 142
105 144
105 145
105 146
105 150
105 152
105 153
105 154
105 156
105 158
105 159
105 160
105 161
105 162
105 163
105 165
105 167
105 168
105 169
105 170
105 171
105 174
105 175
105 177
105 178
105 179
105 181
105 183
105 184
105 185
105 186
105 188
105 189
105 190
105 191
105 193
105 196
105 198
105 199
106 107
106 109
106 110
106 113
106 114
106 115
106 116
106 123
106 124
106 125
106 126
106 127
106 130
106 131
106 135
106 137
106 139
106 140
106 141
106 143
106 146
106 147
106 149
106 150
106 151
106 152
106 153
106 154
106 155
106 156
106 157
106 158
106 161
106 162
106 164
106 166
106 167
106 168
106 169
106 172
106 173
106 179
106 182
106 183
106 185
106 186
106 187
106 188
106 189
106 190
106 192
106 194
106 195
106 196
106 198
107 109
107 110
107 111
107 113
107 115
107 116
107 119
107 123
107 126
107 131
107 132
107 133
107 134
107 136
107 138
107 139
107 140
107 143
107 144
107 147
107 148
107 149
107 151
107 157
107 158
107 159
107 161
107 164
107 166
107 167
107 168
107 169
107 170
107 171
107 172
107 173
107 178
107 179
107 180
107 181
107 182
107 184
107 186
107 192
107 193
107 194
107 197
108 109
108 111
108 113
108 116
108 117
108 118
108 120
108 122
108 127
108 128
108 130
108 131
108 132
108 133
108 134
108 138
108 140
108 143
108 144
108 145
108 147
108 149
108 150
108 151
108 152
108 153
108 155
108 156
108 159
108 160
108 161
108 162
108 164
108 168
108 169
108 170
108 172
108 173
108 175
108 176
108 177
108 178
108 181
108 183
108 184
108 190
108 193
108 194
108 195
108 196
108 197
108 198
108 199
109 113
109 116
109 118
109 120
109 121
109 122
109 124
109 127
109 133
109 134
109 135
109 138
109 139
109 142
109 143
109 145
109 148
109 153
109 154
109 155
109 157
109 158
109 159
109 160
109 161
109 162
109 163
109 165
109 168
109 170
109 171
109 172
109 175
109 177
109 178
109 181
109 183
109 184
109 185
109 187
109 191
109 192
109 193
109 194
109 197
109 198
109 199
110 112
110 113
110 114
110 115
110 116
110 119
110 123
110 124
110 125
110 130
110 131
110 132
110 133
110 135
110 138
110 143
110 145
110 146
110 148
110 149
110 150
110 152
110 153
110 155
110 159
110 161
110 162
110 164
110 165
110 167
110 168
110 170
110 171
110 173
110 174
110 175
110 176
110 177
110 180
110 181
110 182
110 183
110 184
110 185
110 188
110 189
110 190
110 191
110 192
110 194
110 195
110 198
110 199
111 112
111 113
111 114
111 115
111 116
111 117
111 118
111 121
111 123
111 126
111 127
111 128
111 131
111 132
111 133
111 134
111 135
111 137
111 138
111 141
111 142
111 143
111 144
111 145
111 147
111 148
111 150
111 152
111 154
111 156
111 158
111 159
111 162
111 164
111 165
111 167
111 170
111 172
111 176
111 179
111 180
111 181
111 184
111 185
111 187
111 193
111 194
111 196
111 199
112 113
112 114
112 115
112 118
112 119
112 120
112 123
112 125
112 126
112 127
112 128
112 129
112 135
112 138
112 139
112 141
112 142
112 144
112 147
112 151
112 152
112 155
112 157
112 158
112 162
112 166
112 167
112 170
112 172
112 175
112 177
112 179
112 181
112 182
112 185
112 186
112 188
112 189
112 190
112 191
112 192
112 194
112 196
112 198
112 199
113 114
113 115
113 119
113 120
113 121
113 122
113 124
113 125
113 126
113 127
113 129
113 131
113 135
113 137
113 138
113 139
113 140
113 141
113 144
113 147
113 148
113 150
113 151
113 152
113 154
113 155
113 156
113 157
113 158
113 159
113 162
113 163
113 164
113 165
113 166
113 167
113 169
113 171
113 172
113 173
113 175
113 176
113 177
113 179
113 181
113 182
113 183
113 184
113 185
113 187
113 188
113 190
113 191
113 192
113 194
113 195
113 196
113 197
113 198
113 199
114 115
114 118
114 119
114 122
114 123
114 124
114 130
114 131
114 133
114 137
114 143
114 144
114 147
114 148
114 150
114 152
114 154
114 155
114 156
114 158
114 160
114 161
114 165
114 166
114 167
114 170
114 171
114 176
114 177
114 179
114 181
114 183
114 184
114 186
114 187
114 188
114 190
114 192
114 195
114 197
114 198
115 118
115 119
115 123
115 125
115 126
115 127
115 128
115 130
115 134
115 135
115 138
115 141
115 144
115 145
115 147
115 152
115 153
115 154
115 156
115 158
115 159
115 160
115 161
115 163
115 164
115 166
115 167
115 168
115 169
115 170
115 171
115 174
115 175
115 176
115 177
115 178
115 180
115 183
115 186
115 188
115 189
115 191
115 193
115 196
115 197
115 198
115 199
116 117
116 123
116 124
116 126
116 127
116 129
116 130
116 131
116 132
116 135
116 136
116 138
116 139
116 140
116 147
116 149
116 150
116 151
116 152
116 154
116 155
116 158
116 159
116 160
116 163
116 164
116 167
116 168
116 169
116 170
116 172
116 173
116 174
116 177
116 180
116 181
116 183
116 186
116 187
116 188
116 189
116 190
116 191
116 192
116 198
117 118
117 119
117 120
117 124
117 127
117 129
117 130
117 132
117 134
117 135
117 136
117 141
117 142
117 145
117 146
117 148
117 151
117 152
117 154
117 156
117 162
117 164
117 166
117 168
117 169
117 171
117 172
117 173
117 176
117 177
117 181
117 182
117 186
117 188
117 190
117 191
117 192
117 193
117 194
117 196
117 197
117 198
118 119
118 120
118 121
118 123
118 124
118 126
118 127
118 128
118 131
118 134
118 137
118 138
118 141
118 142
118 144
118 145
118 146
118 147
118 149
118 151
118 152
118 157
118 159
118 160
118 162
118 164
118 165
118 169
118 171
118 173
118 174
118 178
118 180
118 181
118 182
118 183
118 184
118 185
118 186
118 187
118 188
118 191
118 195
118 196
118 197
118 198
118 199
119 120
119 121
119 122
119 123
119 124
119 126
119 130
119 133
119 135
119 136
119 137
119 138
119 139
119 144
119 146
119 150
119 151
119 152
119 153
119 155
119 160
119 161
119 165
119 166
119 168
119 169
119 170
119 172
119 173
119 174
119 175
119 176
119 177
119 178
119 180
119 181
119 182
119 184
119 187
119 188
119 191
119 193
119 194
119 195
119 196
119 197
119 199
120 122
120 126
120 127
120 128
120 129
120 131
120 132
120 134
120 135
120 136
120 137
120 138
120 141
120 142
120 143
120 144
120 145
120 146
120 149
120 150
120 152
120 153
120 155
120 157
120 159
120 160
120 161
120 162
120 163
120 164
120 172
120 174
120 175
120 176
120 178
120 181
120 185
120 186
120 187
120 189
120 190
120 192
120 193
120 195
120 196
120 197
120 198
121 122
121 123
121 124
121 125
121 126
121 127
121 129
121 130
121 131
121 132
121 133
121 136
121 137
121 138
121 139
121 140
121 141
121 143
121 144
121 145
121 147
121 148
121 149
121 151
121 152
121 153
121 154
121 156
121 157
121 159
121 160
121 163
121 164
121 166
121 167
121 169
121 170
121 172
121 173
121 174
121 175
121 176
121 177
121 178
121 179
121 180
121 181
121 183
121 185
121 186
121 188
121 190
121 191
121 193
121 194
121 196
121 197
121 198
121 199
122 123
122 124
122 125
122 126
122 128
122 130
122 131
122 132
122 133
122 134
122 137
122 138
122 139
122 144
122 146
122 147
122 149
122 150
122 151
122 153
122 154
122 155
122 156
122 158
122 162
122 163
122 164
122 166
122 167
122 168
122 169
122 170
122 171
122 173
122 174
122 175
122 176
122 178
122 179
122 182
122 183
122 185
122 186
122 188
122 193
122 194
122 195
122 196
122 198
122 199
123 125
123 126
123 128
123 134
123 135
123 136
123 138
123 139
123 140
123 141
123 144
123 145
123 146
123 147
123 148
123 149
123 150
123 153
123 156
123 157
123 158
123 159
123 161
123 162
123 163
123 164
123 166
123 167
123 171
123 173
123 174
123 175
123 176
123 177
123 180
123 181
123 182
123 184
123 185
123 188
123 189
123 191
123 192
123 195
123 197
123 199
124 125
124 127
124 128
124 130
124 131
124 132
124 133
124 134
124 136
124 137
124 138
124 139
124 140
124 141
124 142
124 143
124 144
124 145
124 147
124 148
124 150
124 151
124 153
124 154
124 155
124 158
124 161
124 163
124 164
124 166
124 167
124 170
124 174
124 175
124 176
124 177
124 179
124 180
124 182
124 185
124 186
124 187
124 193
124 194
124 195
124 199
125 126
125 130
125 133
125 134
125 135
125 137
125 138
125 140
125 141
125 143
125 149
125 150
125 155
125 156
125 160
125 161
125 163
125 166
125 168
125 170
125 172
125 174
125 175
125 176
125 177
125 179
125 180
125 182
125 184
125 186
125 189
125 190
125 193
125 194
125 195
125 196
125 197
125 198
125 199
126 128
126 131
126 135
126 138
126 139
126 140
126 141
126 143
126 148
126 150
126 152
126 153
126 154
126 155
126 156
126 157
126 160
126 161
126 162
126 163
126 165
126 166
126 167
126 168
126 169
126 170
126 171
126 173
126 174
126 175
126 178
126 180
126 181
126 184
126 185
126 188
126 189
126 192
126 194
126 195
126 196
126 197
126 198
127 129
127 130
127 134
127 136
127 138
127 139
127 140
127 141
127 142
127 143
127 145
127 147
127 148
127 150
127 152
127 156
127 157
127 159
127 161
127 162
127 164
127 166
127 167
127 168
127 169
127 170
127 172
127 174
127 178
127 179
127 180
127 182
127 183
127 184
127 185
127 186
127 189
127 190
127 191
127 192
127 193
127 194
127 198
127 199
128 130
128 132
128 134
128 136
128 137
128 138
128 141
128 142
128 143
128 147
128 148
128 150
128 151
128 153
128 154
128 155
128 156
128 158
128 159
128 161
128 163
128 166
128 168
128 170
128 171
128 172
128 173
128 174
128 175
128 176
128 177
128 178
128 179
128 180
128 181
128 184
128 185
128 186
128 188
128 189
128 191
128 196
128 197
128 198
129 130
129 132
129 133
129 134
129 135
129 136
129 137
129 138
129 139
129 140
129 141
129 142
129 146
129 147
129 148
129 149
129 150
129 152
129 153
129 156
129 158
129 160
129 161
129 162
129 164
129 165
129 167
129 168
129 169
129 170
129 173
129 174
129 176
129 179
129 182
129 186
129 187
129 188
129 189
129 191
129 192
129 193
129 194
129 195
129 196
129 198
130 131
130 133
130 134
130 138
130 140
130 142
130 143
130 144
130 145
130 146
130 151
130 152
130 153
130 154
130 159
130 160
130 161
130 162
130 166
130 167
130 168
130 170
130 171
130 173
130 176
130 177
130 178
130 181
130 182
130 184
130 185
130 186
130 187
130 189
130 190
130 194
130 197
130 198
130 199
131 132
131 133
131 134
131 137
131 138
131 140
131 141
131 142
131 143
131 144
131 147
131 149
131 152
131 153
131 154
131 156
131 161
131 162
131 163
131 164
131 165
131 166
131 167
131 168
131 169
131 172
131 173
131 174
131 175
131 177
131 178
131 180
131 183
131 184
131 185
131 186
131 190
131 191
131 193
131 194
131 197
132 133
132 134
132 136
132 137
132 138
132 139
132 141
132 142
132 143
132 146
132 147
132 148
132 149
132 151
132 153
132 157
132 158
132 164
132 165
132 166
132 167
132 168
132 169
132 174
132 176
132 177
132 179
132 182
132 190
132 191
132 192
132 196
132 197
132 199
133 134
133 135
133 136
133 138
133 140
133 143
133 144
133 145
133 146
133 147
133 151
133 155
133 156
133 157
133 159
133 163
133 164
133 165
133 166
133 167
133 168
133 169
133 170
133 171
133 172
133 174
133 175
133 177
133 181
133 182
133 184
133 185
133 188
133 191
133 192
133 193
133 194
133 195
133 197
133 198
134 135
134 136
134 137
134 138
134 140
134 141
134 144
134 145
134 148
134 150
134 151
134 153
134 154
134 156
134 157
134 160
134 165
134 166
134 168
134 171
134 172
134 173
134 176
134 177
134 178
134 179
134 183
134 185
134 186
134 187
134 188
134 189
134 190
134 191
134 192
134 193
135 136
135 139
135 140
135 141
135 144
135 146
135 148
135 150
135 152
135 155
135 158
135 159
135 161
135 162
135 163
135 166
135 168
135 171
135 172
135 173
135 174
135 175
135 177
135 179
135 181
135 182
135 183
135 185
135 186
135 187
135 189
135 190
135 195
135 196
135 197
136 137
136 141
136 143
136 145
136 146
136 147
136 152
136 153
136 154
136 155
136 156
136 158
136 159
136 160
136 161
136 163
136 165
136 168
136 169
136 170
136 171
136 172
136 174
136 175
136 179
136 184
136 185
136 186
136 189
136 190
136 192
136 193
136 194
136 195
136 196
136 199
137 138
137 140
137 142
137 143
137 144
137 145
137 146
137 147
137 148
137 149
137 150
137 154
137 155
137 156
137 157
137 163
137 164
137 166
137 168
137 171
137 174
137 175
137 176
137 177
137 178
137 181
137 182
137 183
137 185
137 188
137 189
137 190
137 192
137 196
137 197
137 198
137 199
138 140
138 143
138 144
138 148
138 149
138 150
138 153
138 156
138 158
138 160
138 163
138 164
138 165
138 166
138 167
138 168
138 169
138 170
138 172
138 173
138 174
138 176
138 178
138 179
138 181
138 183
138 184
138 186
138 188
138 189
138 192
138 193
138 195
138 197
138 198
139 141
139 142
139 146
139 148
139 149
139 151
139 153
139 155
139 157
139 160
139 161
139 165
139 166
139 167
139 169
139 170
139 172
139 176
139 177
139 182
139 183
139 186
139 189
139 190
139 191
139 194
139 195
139 197
139 198
139 199
140 141
140 142
140 143
140 145
140 147
140 148
140 149
140 150
140 151
140 152
140 153
140 154
140 157
140 158
140 159
140 164
140 165
140 166
140 167
140 169
140 170
140 171
140 172
140 174
140 175
140 176
140 177
140 178
140 179
140 181
140 182
140 186
140 187
140 190
140 191
140 193
140 194
140 195
140 198
140 199
141 144
141 145
141 146
141 148
141 149
141 150
141 151
141 152
141 153
141 155
141 157
141 158
141 159
141 160
141 163
141 164
141 165
141 166
141 168
141 172
141 173
141 174
141 176
141 185
141 187
141 188
141 189
141 190
141 191
141 192
141 193
141 196
141 197
141 198
141 199
142 144
142 145
142 148
142 149
142 150
142 151
142 152
142 153
142 156
142 157
142 158
142 159
142 162
142 163
142 165
142 166
142 167
142 168
142 171
142 172
142 173
142 175
142 177
142 178
142 179
142 181
142 182
142 183
142 184
142 185
142 186
142 188
142 189
142 191
142 194
142 195
142 196
142 198
143 144
143 145
143 146
143 149
143 152
143 153
143 154
143 155
143 157
143 158
143 159
143 162
143 163
143 164
143 165
143 166
143 167
143 170
143 171
143 174
143 175
143 176
143 177
143 178
143 180
143 183
143 184
143 185
143 186
143 187
143 190
143 192
143 195
143 196
143 197
144 146
144 148
144 150
144 151
144 152
144 153
144 156
144 157
144 159
144 160
144 161
144 163
144 166
144 167
144 168
144 170
144 173
144 174
144 176
144 177
144 178
144 179
144 181
144 182
144 186
144 187
144 189
144 191
144 195
144 196
144 198
145 147
145 148
145 149
145 151
145 152
145 155
145 156
145 157
145 160
145 161
145 164
145 165
145 167
145 168
145 169
145 170
145 171
145 173
145 174
145 176
145 177
145 178
145 180
145 181
145 183
145 184
145 186
145 187
145 188
145 190
145 191
145 192
145 193
145 194
145 195
145 196
146 147
146 148
146 150
146 151
146 152
146 153
146 154
146 156
146 157
146 159
146 160
146 161
146 162
146 165
146 168
146 169
146 174
146 175
146 176
146 177
146 178
146 179
146 181
146 184
146 185
146 186
146 187
146 188
146 189
146 190
146 192
146 193
146 195
146 198
147 148
147 149
147 150
147 152
147 154
147 155
147 156
147 158
147 159
147 160
147 162
147 163
147 164
147 165
147 167
147 168
147 170
147 171
147 172
147 173
147 174
147 176
147 178
147 181
147 183
147 186
147 187
147 189
147 190
147 193
147 194
147 195
147 196
147 197
147 198
147 199
148 149
148 150
148 151
148 153
148 154
148 155
148 161
148 162
148 163
148 164
148 165
148 167
148 171
148 172
148 173
148 175
148 176
148 178
148 180
148 181
148 182
148 185
148 187
148 188
148 189
148 190
148 191
148 193
148 195
148 198
149 151
149 154
149 155
149 156
149 157
149 160
149 161
149 164
149 166
149 167
149 169
149 170
149 171
149 172
149 173
149 174
149 177
149 179
149 180
149 185
149 186
149 187
149 192
149 194
149 195
149 197
149 198
150 154
150 155
150 156
150 157
150 161
150 162
150 163
150 167
150 169
150 170
150 171
150 172
150 174
150 176
150 178
150 180
150 181
150 182
150 183
150 185
150 186
150 187
150 188
150 190
150 192
150 193
150 194
150 197
150 198
150 199
151 153
151 154
151 155
151 156
151 158
151 159
151 161
151 163
151 164
151 165
151 166
151 168
151 171
151 173
151 174
151 178
151 180
151 181
151 182
151 183
151 186
151 187
151 189
151 190
151 191
151 194
151 195
151 197
151 198
152 153
152 154
152 155
152 156
152 157
152 158
152 162
152 164
152 165
152 166
152 169
152 170
152 174
152 175
152 176
152 177
152 178
152 179
152 181
152 189
152 191
152 192
152 196
152 197
152 198
152 199
153 154
153 156
153 158
153 161
153 165
153 166
153 168
153 172
153 175
153 177
153 178
153 180
153 182
153 183
153 184
153 185
153 187
153 188
153 190
153 191
153 193
153 194
153 198
153 199
154 156
154 157
154 160
154 161
154 162
154 163
154 164
154 166
154 167
154 168
154 169
154 172
154 174
154 175
154 180
154 181
154 184
154 187
154 188
154 189
154 190
154 191
154 192
154 193
154 194
154 196
154 197
154 199
155 156
155 157
155 158
155 160
155 161
155 162
155 164
155 165
155 167
155 168
155 175
155 177
155 178
155 179
155 180
155 181
155 182
155 183
155 185
155 189
155 190
155 191
155 192
155 194
155 196
155 198
155 199
156 158
156 159
156 160
156 161
156 163
156 164
156 165
156 166
156 167
156 168
156 169
156 170
156 172
156 173
156 174
156 175
156 176
156 182
156 183
156 184
156 185
156 187
156 190
156 193
156 195
156 199
157 158
157 161
157 162
157 163
157 166
157 167
157 168
157 169
157 172
157 174
157 175
157 178
157 179
157 181
157 182
157 187
157 188
157 190
157 191
157 192
157 197
157 198
158 159
158 160
158 161
158 162
158 164
158 166
158 168
158 171
158 174
158 175
158 176
158 177
158 178
158 181
158 182
158 183
158 184
158 185
158 186
158 187
158 188
158 193
158 194
158 196
158 197
158 198
158 199
159 160
159 162
159 163
159 164
159 165
159 166
159 168
159 170
159 171
159 174
159 175
159 176
159 177
159 178
159 179
159 180
159 182
159 183
159 184
159 186
159 189
159 190
159 191
159 194
159 197
159 198
159 199
160 161
160 162
160 163
160 166
160 168
160 176
160 178
160 179
160 180
160 183
160 184
160 185
160 189
160 191
160 192
160 193
160 195
160 197
160 198
161 164
161 165
161 166
161 168
161 169
161 170
161 174
161 175
161 177
161 178
161 180
161 182
161 183
161 184
161 185
161 186
161 187
161 189
161 190
161 191
161 193
161 194
161 195
161 196
161 198
161 199
162 167
162 168
162 169
162 172
162 176
162 178
162 179
162 180
162 182
162 186
162 187
162 188
162 189
162 190
162 192
162 193
162 194
162 196
162 198
162 199
163 164
163 165
163 166
163 167
163 168
163 170
163 171
163 172
163 173
163 174
163 175
163 177
163 179
163 181
163 183
163 184
163 186
163 187
163 190
163 191
163 195
163 197
163 199
164 165
164 167
164 168
164 170
164 171
164 173
164 174
164 178
164 179
164 182
164 183
164 184
164 185
164 188
164 189
164 192
164 193
164 195
164 196
164 197
164 198
165 166
165 167
165 168
165 170
165 172
165 173
165 174
165 179
165 182
165 185
165 186
165 187
165 188
165 189
165 190
165 192
165 193
165 194
165 195
165 197
165 199
166 169
166 171
166 172
166 175
166 178
166 179
166 180
166 181
166 185
166 187
166 188
166 190
166 191
166 199
167 168
167 169
167 170
167 171
167 172
167 173
167 174
167 175
167 176
167 177
167 178
167 179
167 180
167 183
167 184
167 185
167 186
167 187
167 189
167 192
167 195
167 197
168 169
168 170
168 171
168 175
168 177
168 180
168 181
168 182
168 183
168 184
168 185
168 186
168 189
168 191
168 193
168 194
168 195
168 196
168 197
168 198
168 199
169 170
169 171
169 172
169 173
169 174
169 175
169 176
169 177
169 182
169 184
169 185
169 186
169 188
169 189
169 190
169 191
169 194
169 198
169 199
170 172
170 173
170 174
170 177
170 179
170 180
170 185
170 186
170 187
170 188
170 189
170 191
170 192
170 193
170 195
170 196
170 197
170 198
171 174
171 175
171 176
171 180
171 181
171 183
171 184
171 186
171 187
171 190
171 191
171 196
171 197
171 199
172 176
172 177
172 178
172 179
172 181
172 182
172 183
172 184
172 185
172 186
172 188
172 190
172 191
172 196
172 199
173 175
173 176
173 177
173 178
173 179
173 186
173 190
173 192
173 193
173 194
173 195
173 196
173 197
173 198
174 176
174 178
174 181
174 182
174 183
174 185
174 187
174 190
174 191
174 194
174 195
174 196
174 197
175 176
175 182
175 183
175 184
175 186
175 187
175 189
175 190
175 191
175 192
175 193
175 194
175 195
175 196
175 198
175 199
176 179
176 180
176 183
176 184
176 187
176 188
176 189
176 190
176 194
176 195
176 197
176 198
177 179
177 181
177 182
177 183
177 184
177 185
177 186
177 187
177 188
177 189
177 190
177 191
177 193
177 194
177 195
177 197
177 199
178 180
178 181
178 184
178 185
178 187
178 189
178 191
178 192
178 194
178 195
178 197
178 198
179 181
179 183
179 185
179 186
179 187
179 190
179 193
179 196
179 197
179 198
180 182
180 184
180 187
180 190
180 192
180 193
180 195
180 199
181 182
181 183
181 184
181 185
181 186
181 187
181 188
181 190
181 191
181 193
181 194
181 197
182 183
182 184
182 185
182 187
182 189
182 192
182 193
182 194
182 195
182 198
182 199
183 187
183 188
183 191
183 192
183 193
183 194
183 196
183 198
183 199
184 185
184 186
184 191
184 192
184 194
184 196
185 188
185 189
185 191
185 193
185 194
185 196
185 198
185 199
186 187
186 191
186 193
186 194
186 196
186 197
186 199
187 188
187 189
187 193
187 194
187 195
187 196
187 197
187 198
188 190
188 196
188 198
188 199
189 190
189 191
189 194
189 195
189 196
189 197
189 199
190 193
190 194
190 198
191 192
191 193
191 194
191 195
192 197
193 194
193 195
193 196
193 197
193 198
193 199
194 195
194 199
195 196
195 197
196 197
196 198
196 199
197 198
197 199
