150 4226
97 22
43 24
41 52
51 77
32 48
72 31
50 72
18 82
68 25
66 47
96 25
13 84
36 31
82 42
69 49
30 80
82 74
28 54
90 52
48 77
54 18
15 100
21 62
83 45
17 61
20 99
57 76
80 75
14 28
91 21
75 27
100 94
98 47
53 94
89 41
78 29
87 86
18 87
43 56
70 85
39 80
13 62
67 57
73 89
26 86
21 53
69 65
49 12
67 27
56 59
35 12
56 34
34 77
63 41
81 52
23 95
26 86
68 64
44 30
45 18
36 85
91 57
49 15
30 40
55 87
43 96
79 44
59 49
68 19
32 96
62 34
94 99
81 13
40 63
80 74
26 51
22 18
24 37
98 70
97 49
55 99
42 38
38 73
44 23
66 88
32 46
59 64
23 44
35 66
45 56
37 93
38 96
47 58
79 16
39 56
12 68
54 55
78 16
92 25
39 79
75 34
86 45
96 29
88 54
14 14
44 28
49 76
20 72
42 10
13 29
16 21
74 93
38 100
31 34
14 93
36 56
86 96
69 59
74 57
21 33
66 31
38 41
79 92
54 66
26 96
24 27
22 86
59 72
19 76
36 69
74 93
35 22
51 29
74 67
79 66
24 70
17 58
62 83
56 87
44 13
59 28
25 89
85 69
56 19
80 70
64 51
22 92
18 63
35 23
57 38
2163
0 1
0 4
0 5
0 17
0 32
0 44
0 46
0 49
0 53
0 54
0 61
0 70
0 72
0 77
0 81
0 89
0 97
0 101
0 103
0 113
0 115
0 117
0 127
0 129
0 130
0 138
0 141
1 14
1 21
1 22
1 23
1 27
1 28
1 32
1 44
1 46
1 52
1 54
1 55
1 60
1 65
1 72
1 76
1 79
1 81
1 94
1 102
1 110
1 116
1 123
1 125
1 126
1 130
1 134
1 146
2 5
2 8
2 10
2 14
2 15
2 17
2 19
2 20
2 21
2 43
2 49
2 53
2 57
2 58
2 59
2 63
2 74
2 81
2 90
2 91
2 98
2 105
2 107
2 111
2 113
2 114
2 119
2 120
2 122
2 132
2 135
2 139
2 143
2 144
2 147
2 149
3 7
3 22
3 40
3 45
3 49
3 51
3 52
3 78
3 86
3 92
3 93
3 103
3 108
3 112
3 114
3 120
3 123
3 126
3 135
4 10
4 11
4 12
4 15
4 16
4 25
4 29
4 31
4 37
4 38
4 44
4 49
4 58
4 59
4 65
4 68
4 75
4 77
4 79
4 89
4 90
4 104
4 114
4 127
4 130
4 139
4 143
4 148
5 6
5 8
5 22
5 23
5 30
5 31
5 32
5 37
5 44
5 52
5 56
5 59
5 76
5 99
5 100
5 113
5 115
5 118
5 123
5 124
5 131
5 133
5 135
5 140
5 141
5 148
6 8
6 10
6 17
6 19
6 28
6 41
6 45
6 47
6 49
6 57
6 59
6 61
6 71
6 81
6 83
6 85
6 88
6 95
6 98
6 99
6 103
6 108
6 117
6 120
6 126
6 129
6 131
6 139
6 140
6 144
7 9
7 23
7 41
7 47
7 58
7 60
7 66
7 70
7 71
7 72
7 73
7 77
7 81
7 91
7 100
7 104
7 109
7 116
7 119
7 120
7 123
7 126
7 131
7 137
7 138
7 143
7 144
7 149
8 10
8 12
8 15
8 21
8 22
8 26
8 28
8 30
8 35
8 40
8 41
8 43
8 46
8 57
8 62
8 68
8 78
8 79
8 85
8 88
8 89
8 104
8 111
8 116
8 119
8 128
8 129
8 134
8 135
8 141
8 145
8 148
8 149
9 13
9 20
9 27
9 28
9 30
9 36
9 37
9 41
9 47
9 54
9 59
9 60
9 67
9 68
9 80
9 84
9 97
9 99
9 106
9 109
9 112
9 113
9 134
9 141
9 143
9 144
10 15
10 22
10 34
10 35
10 44
10 57
10 60
10 64
10 72
10 73
10 76
10 80
10 85
10 101
10 102
10 103
10 108
10 110
10 112
10 113
10 117
10 128
10 136
10 138
10 139
10 144
11 17
11 18
11 34
11 42
11 54
11 55
11 60
11 64
11 66
11 73
11 77
11 89
11 91
11 94
11 108
11 111
11 117
11 118
11 121
11 122
11 129
11 131
11 136
11 137
11 138
11 139
11 143
11 144
11 147
12 15
12 16
12 17
12 21
12 24
12 41
12 43
12 53
12 54
12 59
12 64
12 65
12 71
12 74
12 75
12 76
12 78
12 92
12 100
12 113
12 114
12 116
12 130
12 133
12 134
12 138
12 147
13 22
13 28
13 31
13 43
13 46
13 51
13 55
13 66
13 70
13 75
13 79
13 80
13 82
13 85
13 88
13 90
13 95
13 96
13 103
13 107
13 108
13 114
13 117
13 130
13 140
13 145
14 16
14 19
14 22
14 29
14 31
14 34
14 36
14 38
14 40
14 43
14 46
14 47
14 49
14 50
14 54
14 59
14 60
14 66
14 70
14 77
14 80
14 86
14 88
14 89
14 91
14 95
14 98
14 103
14 104
14 125
14 136
14 140
14 141
14 143
14 146
15 17
15 19
15 23
15 27
15 34
15 36
15 38
15 39
15 45
15 47
15 50
15 63
15 67
15 77
15 99
15 102
15 112
15 113
15 114
15 126
15 139
15 142
15 145
15 148
16 19
16 20
16 21
16 28
16 32
16 36
16 40
16 41
16 42
16 51
16 61
16 68
16 69
16 70
16 72
16 76
16 77
16 79
16 88
16 92
16 94
16 95
16 105
16 111
16 115
16 116
16 126
16 130
16 142
16 146
17 20
17 24
17 29
17 34
17 38
17 48
17 49
17 61
17 62
17 72
17 73
17 74
17 75
17 76
17 84
17 86
17 95
17 98
17 100
17 102
17 107
17 108
17 111
17 112
17 118
17 127
17 130
17 131
17 137
17 147
17 149
18 19
18 24
18 36
18 37
18 47
18 55
18 65
18 68
18 71
18 73
18 78
18 84
18 88
18 89
18 100
18 102
18 104
18 107
18 116
18 118
18 120
18 124
18 129
18 130
18 134
18 136
18 142
18 144
18 147
18 148
19 24
19 27
19 42
19 52
19 64
19 71
19 86
19 97
19 100
19 102
19 103
19 110
19 120
19 122
19 134
19 135
19 138
19 139
19 142
19 146
19 148
20 22
20 28
20 30
20 32
20 37
20 39
20 42
20 46
20 49
20 51
20 58
20 61
20 64
20 68
20 71
20 82
20 89
20 92
20 94
20 97
20 98
20 101
20 105
20 107
20 114
20 115
20 127
20 131
20 137
20 143
21 27
21 37
21 41
21 44
21 45
21 48
21 58
21 72
21 78
21 79
21 81
21 82
21 85
21 93
21 98
21 103
21 106
21 111
21 112
21 114
21 116
21 119
21 130
21 132
21 133
21 146
22 23
22 26
22 37
22 43
22 47
22 49
22 50
22 55
22 59
22 68
22 75
22 86
22 87
22 100
22 119
22 124
22 125
22 132
22 134
22 137
22 148
23 25
23 33
23 34
23 36
23 42
23 43
23 45
23 48
23 50
23 56
23 60
23 61
23 63
23 67
23 69
23 71
23 85
23 90
23 91
23 93
23 94
23 99
23 101
23 102
23 121
23 125
23 129
23 137
23 140
23 142
23 149
24 25
24 37
24 39
24 47
24 50
24 54
24 56
24 58
24 60
24 77
24 85
24 88
24 93
24 100
24 104
24 111
24 113
24 114
24 125
24 134
24 139
24 142
24 146
25 38
25 39
25 43
25 46
25 55
25 61
25 65
25 75
25 99
25 105
25 106
25 108
25 118
25 119
25 120
25 121
25 123
25 139
25 140
25 142
25 143
25 145
25 148
26 41
26 42
26 44
26 46
26 49
26 58
26 66
26 68
26 74
26 95
26 99
26 101
26 118
26 129
26 136
26 138
26 141
27 32
27 43
27 47
27 62
27 63
27 64
27 75
27 84
27 88
27 92
27 96
27 98
27 111
27 113
27 118
27 120
27 130
27 133
27 134
27 140
27 143
28 41
28 60
28 63
28 64
28 73
28 77
28 78
28 89
28 94
28 100
28 117
28 126
28 128
28 141
28 143
28 146
29 37
29 38
29 49
29 50
29 52
29 54
29 60
29 62
29 64
29 65
29 68
29 71
29 72
29 75
29 80
29 96
29 98
29 119
29 124
29 125
29 127
29 132
29 139
29 142
29 145
30 35
30 36
30 37
30 40
30 42
30 44
30 49
30 55
30 56
30 58
30 62
30 72
30 94
30 107
30 112
30 115
30 120
30 131
30 132
30 133
30 134
30 135
30 144
30 146
31 36
31 41
31 49
31 53
31 56
31 57
31 64
31 65
31 71
31 73
31 87
31 95
31 98
31 107
31 113
31 115
31 116
31 117
31 119
31 120
31 125
31 128
31 132
31 134
32 36
32 38
32 52
32 54
32 60
32 64
32 70
32 72
32 80
32 86
32 97
32 98
32 100
32 113
32 122
32 144
32 149
33 34
33 36
33 41
33 43
33 44
33 47
33 50
33 52
33 53
33 55
33 62
33 63
33 74
33 88
33 98
33 100
33 107
33 116
33 124
33 138
33 139
33 141
34 35
34 38
34 39
34 46
34 53
34 54
34 59
34 60
34 61
34 63
34 70
34 72
34 76
34 84
34 88
34 89
34 95
34 109
34 113
34 114
34 115
34 117
34 120
34 127
34 137
34 139
34 144
34 146
34 147
35 40
35 44
35 47
35 64
35 69
35 70
35 73
35 79
35 87
35 92
35 95
35 100
35 106
35 112
35 123
35 137
35 149
36 40
36 43
36 45
36 48
36 52
36 67
36 69
36 70
36 74
36 92
36 104
36 106
36 110
36 113
36 115
36 127
36 142
36 145
36 146
36 148
37 40
37 43
37 46
37 48
37 58
37 61
37 69
37 70
37 90
37 95
37 98
37 99
37 102
37 105
37 114
37 120
37 123
37 124
37 126
37 128
37 136
37 149
38 42
38 43
38 50
38 55
38 65
38 67
38 70
38 76
38 83
38 85
38 86
38 104
38 109
38 113
38 119
38 125
38 136
38 140
38 145
38 148
39 64
39 72
39 87
39 92
39 95
39 99
39 104
39 105
39 119
39 122
39 128
39 130
39 132
39 142
40 47
40 56
40 58
40 62
40 76
40 82
40 95
40 101
40 102
40 106
40 108
40 117
40 123
40 131
40 134
40 136
40 142
40 148
40 149
41 42
41 45
41 49
41 56
41 64
41 70
41 73
41 79
41 86
41 89
41 90
41 97
41 98
41 105
41 117
41 119
41 121
41 124
41 127
41 128
41 133
41 134
41 145
41 146
42 45
42 46
42 47
42 52
42 54
42 55
42 57
42 59
42 73
42 82
42 85
42 104
42 110
42 116
42 118
42 123
42 132
42 134
42 138
42 142
43 53
43 58
43 59
43 60
43 69
43 82
43 86
43 87
43 89
43 106
43 110
43 121
43 123
43 129
43 131
43 134
43 135
43 139
43 142
44 46
44 47
44 52
44 53
44 55
44 56
44 57
44 58
44 60
44 63
44 64
44 73
44 84
44 88
44 92
44 114
44 116
44 118
44 140
44 143
44 144
45 53
45 65
45 68
45 72
45 79
45 83
45 89
45 96
45 98
45 105
45 106
45 107
45 126
45 138
45 141
46 47
46 48
46 51
46 53
46 61
46 68
46 70
46 73
46 76
46 80
46 89
46 116
46 118
46 119
46 123
46 130
46 132
46 138
46 146
46 147
46 148
46 149
47 48
47 51
47 56
47 57
47 71
47 78
47 85
47 91
47 94
47 101
47 102
47 106
47 114
47 125
47 127
47 142
47 143
47 148
48 50
48 53
48 78
48 85
48 93
48 98
48 99
48 111
48 113
48 120
48 121
48 122
48 127
48 128
48 140
49 54
49 60
49 63
49 66
49 67
49 77
49 78
49 79
49 87
49 90
49 93
49 97
49 107
49 109
49 119
49 120
49 123
49 128
49 134
49 137
49 140
49 143
49 147
49 148
50 64
50 66
50 76
50 79
50 82
50 86
50 91
50 102
50 103
50 106
50 107
50 118
50 125
50 129
50 146
50 147
51 52
51 54
51 58
51 61
51 72
51 73
51 75
51 81
51 82
51 87
51 92
51 93
51 112
51 113
51 114
51 117
51 123
51 125
51 126
51 138
51 140
51 145
51 146
51 148
52 53
52 55
52 60
52 64
52 74
52 79
52 83
52 88
52 93
52 110
52 119
52 121
52 124
52 132
52 133
52 137
52 144
52 145
52 147
53 54
53 55
53 58
53 60
53 61
53 69
53 76
53 78
53 81
53 88
53 91
53 96
53 111
53 112
53 114
53 115
53 117
53 119
53 121
53 122
53 123
53 129
53 130
53 131
53 136
53 142
53 144
54 56
54 58
54 62
54 64
54 65
54 68
54 71
54 73
54 80
54 89
54 95
54 102
54 115
54 120
54 121
54 124
54 128
54 130
54 136
54 139
54 142
54 144
55 61
55 65
55 66
55 72
55 85
55 91
55 98
55 99
55 100
55 111
55 115
55 119
55 127
55 130
55 131
55 134
55 136
55 138
55 145
55 148
55 149
56 65
56 67
56 70
56 76
56 78
56 80
56 81
56 83
56 85
56 90
56 98
56 100
56 103
56 107
56 110
56 112
56 114
56 117
56 139
56 141
56 146
56 147
56 148
57 62
57 69
57 79
57 83
57 92
57 99
57 106
57 108
57 119
57 121
57 123
57 129
57 142
57 145
57 146
58 72
58 77
58 78
58 81
58 82
58 99
58 101
58 117
58 121
58 122
58 133
58 143
58 145
58 146
59 98
59 102
59 130
59 135
59 136
59 143
59 149
60 78
60 79
60 80
60 81
60 87
60 109
60 113
60 116
60 117
60 128
60 132
60 136
60 137
60 148
60 149
61 62
61 65
61 66
61 71
61 79
61 82
61 83
61 99
61 105
61 107
61 112
61 113
61 118
61 123
61 128
61 133
61 134
61 143
61 147
62 66
62 73
62 85
62 87
62 90
62 91
62 93
62 96
62 99
62 103
62 107
62 109
62 110
62 111
62 117
62 120
62 121
62 131
62 133
62 136
62 137
62 138
62 141
63 69
63 70
63 71
63 79
63 81
63 93
63 97
63 104
63 105
63 106
63 108
63 114
63 117
63 118
63 126
63 128
63 130
63 131
63 135
63 137
63 148
64 70
64 91
64 94
64 101
64 102
64 108
64 134
64 136
64 138
64 141
65 73
65 92
65 94
65 96
65 97
65 100
65 107
65 108
65 110
65 114
65 121
65 123
65 126
65 129
65 136
65 142
65 146
66 71
66 86
66 91
66 92
66 94
66 95
66 98
66 99
66 101
66 103
66 105
66 108
66 110
66 115
66 119
66 120
66 133
66 135
66 140
67 68
67 82
67 93
67 100
67 102
67 106
67 107
67 110
67 112
67 113
67 121
67 125
67 126
67 143
68 73
68 76
68 85
68 88
68 92
68 93
68 102
68 104
68 116
68 127
68 132
68 135
68 137
68 146
68 147
69 70
69 73
69 78
69 85
69 88
69 92
69 93
69 103
69 111
69 115
69 127
69 135
70 79
70 96
70 99
70 115
70 119
70 120
70 121
70 130
70 141
70 144
71 90
71 92
71 99
71 102
71 105
71 110
71 113
71 114
71 117
71 123
71 133
72 73
72 76
72 79
72 89
72 96
72 97
72 110
72 111
72 116
72 123
72 125
72 129
72 130
72 131
72 147
73 76
73 77
73 84
73 92
73 95
73 97
73 99
73 102
73 103
73 116
73 124
73 127
73 129
73 130
73 133
73 146
73 147
73 149
74 81
74 82
74 85
74 88
74 110
74 116
74 120
74 121
74 136
74 143
75 79
75 80
75 83
75 90
75 95
75 101
75 106
75 111
75 115
75 121
75 132
75 140
75 142
75 146
75 148
75 149
76 80
76 83
76 85
76 89
76 92
76 99
76 108
76 109
76 110
76 116
76 118
76 120
76 137
76 138
76 139
76 146
77 86
77 87
77 102
77 113
77 114
77 115
77 135
77 136
77 137
77 140
77 146
77 148
78 87
78 99
78 104
78 112
78 113
78 119
78 127
78 134
78 138
78 149
79 80
79 84
79 86
79 89
79 92
79 95
79 96
79 98
79 102
79 109
79 113
79 121
79 134
79 139
79 140
79 141
79 144
79 145
79 149
80 86
80 88
80 102
80 103
80 106
80 110
80 111
80 113
80 119
80 124
80 145
80 149
81 86
81 100
81 102
81 107
81 108
81 112
81 117
81 131
81 132
81 141
81 147
81 149
82 87
82 90
82 92
82 97
82 105
82 108
82 109
82 118
82 120
82 139
82 149
83 88
83 100
83 101
83 103
83 115
83 118
83 122
83 123
83 125
83 127
83 128
83 133
83 135
83 147
83 148
84 96
84 99
84 100
84 104
84 106
84 110
84 115
84 116
84 129
84 131
84 132
84 144
84 149
85 89
85 99
85 103
85 111
85 121
85 123
85 125
85 133
85 145
86 89
86 92
86 94
86 96
86 101
86 106
86 107
86 113
86 117
86 118
86 123
86 132
86 133
86 137
86 139
86 143
87 90
87 91
87 102
87 103
87 112
87 119
87 127
87 130
87 133
87 134
87 147
88 92
88 97
88 103
88 106
88 109
88 110
88 113
88 115
88 119
88 123
88 126
88 132
88 134
88 146
89 90
89 95
89 96
89 100
89 104
89 111
89 112
89 113
89 117
89 122
89 125
89 126
89 130
89 139
90 94
90 95
90 99
90 103
90 104
90 105
90 111
90 117
90 118
90 120
90 127
90 129
90 132
90 137
90 141
91 98
91 100
91 102
91 103
91 119
91 120
91 121
91 122
91 130
91 131
91 141
91 142
91 148
92 98
92 100
92 106
92 107
92 112
92 113
92 116
92 121
92 124
92 129
92 130
92 135
92 136
92 138
93 94
93 95
93 102
93 107
93 109
93 119
93 122
93 125
93 141
93 143
93 144
94 118
94 125
94 128
94 133
94 134
95 103
95 108
95 132
95 134
95 140
95 144
96 103
96 104
96 110
96 116
96 121
96 125
96 129
96 142
96 148
97 111
97 120
97 123
97 124
97 125
97 128
97 133
97 135
97 139
97 148
98 102
98 103
98 108
98 110
98 119
98 134
98 138
98 146
99 100
99 112
99 118
99 119
99 127
99 129
99 135
99 139
99 140
99 143
99 145
99 149
100 105
100 108
100 110
100 111
100 115
100 119
100 128
100 129
100 134
100 136
100 142
100 146
100 147
101 106
101 108
101 110
101 112
101 116
101 118
101 129
101 133
101 140
102 112
102 114
102 122
102 123
102 132
102 139
102 143
102 146
102 148
103 104
103 114
103 125
103 134
103 137
103 140
103 141
103 143
103 146
104 105
104 107
104 111
104 115
104 117
104 118
104 124
104 130
104 131
104 137
104 144
104 148
105 109
105 114
105 130
105 134
105 137
105 144
106 112
106 114
106 121
106 127
106 137
106 138
106 142
107 111
107 113
107 123
107 124
107 125
107 139
107 140
107 141
108 112
108 116
108 143
108 147
109 111
109 116
109 122
109 140
109 141
109 142
109 145
109 146
110 120
110 121
110 124
110 125
110 137
110 143
111 112
111 116
111 125
111 135
111 144
111 145
112 119
112 120
112 122
112 127
112 129
112 133
112 138
112 140
112 141
112 142
112 145
112 149
113 115
113 117
113 122
113 124
113 130
113 140
114 116
114 117
114 121
114 126
114 128
114 129
114 135
114 138
114 148
115 125
115 133
115 140
115 141
115 144
116 121
116 123
116 126
116 134
117 118
117 128
117 141
117 145
117 147
118 122
118 123
118 124
118 125
118 127
118 138
118 139
118 141
118 143
118 147
119 126
119 129
119 134
119 135
119 136
119 142
119 145
119 149
120 123
120 127
120 128
120 130
120 131
121 125
121 127
121 129
121 134
121 136
121 139
121 140
122 123
122 126
122 133
122 137
122 144
123 130
123 132
123 133
123 135
123 146
123 147
123 148
123 149
124 137
124 143
124 148
125 129
125 135
125 137
125 138
125 140
125 141
125 145
125 146
126 141
127 128
127 143
127 146
128 130
128 131
128 136
128 138
128 144
128 148
129 132
129 135
129 136
129 137
129 140
129 141
129 142
129 146
130 134
130 136
130 140
130 141
130 144
130 147
131 132
131 140
132 134
132 139
133 137
133 145
133 146
134 136
134 144
134 146
134 149
135 145
135 148
136 142
136 149
137 138
137 139
137 141
138 146
139 148
140 142
140 145
140 146
140 149
141 148
144 149
145 147
145 149
