100 2725
10 35
25 99
40 56
84 76
81 77
77 36
52 49
19 66
17 28
91 70
22 82
21 38
16 39
90 10
41 91
38 14
63 62
47 21
52 27
42 73
55 48
36 31
90 29
90 49
15 34
86 39
11 57
91 13
84 62
54 87
17 14
83 17
14 24
46 92
75 56
38 34
77 16
37 39
66 10
60 51
26 26
29 91
35 32
32 65
47 57
27 68
45 38
48 47
30 70
61 97
44 65
39 61
88 66
63 94
62 88
18 46
20 29
46 53
80 17
52 84
50 19
80 55
51 78
39 30
18 65
50 96
12 32
81 59
77 57
22 35
63 52
17 42
32 20
78 96
87 84
19 90
66 83
88 95
75 27
41 70
62 10
67 98
55 52
94 12
27 57
15 75
44 29
23 87
50 64
60 45
100 52
11 71
32 72
80 100
14 64
85 35
32 99
40 58
31 90
61 50
2008
0 1
0 2
0 12
0 13
0 15
0 16
0 24
0 25
0 27
0 31
0 34
0 37
0 43
0 44
0 46
0 48
0 50
0 51
0 53
0 54
0 55
0 59
0 61
0 63
0 66
0 67
0 68
0 70
0 81
0 86
0 88
0 93
0 94
0 96
0 98
0 99
1 3
1 11
1 12
1 13
1 15
1 16
1 19
1 20
1 21
1 22
1 25
1 27
1 28
1 29
1 32
1 34
1 37
1 39
1 41
1 42
1 43
1 45
1 46
1 48
1 53
1 54
1 60
1 61
1 64
1 71
1 74
1 75
1 76
1 80
1 81
1 82
1 84
1 88
1 92
1 93
1 96
1 97
2 4
2 9
2 11
2 15
2 16
2 17
2 19
2 20
2 22
2 23
2 24
2 26
2 27
2 28
2 29
2 31
2 32
2 36
2 37
2 38
2 39
2 41
2 42
2 43
2 47
2 50
2 51
2 53
2 59
2 60
2 63
2 64
2 66
2 67
2 70
2 76
2 77
2 78
2 79
2 80
2 81
2 83
2 84
2 85
2 88
2 90
2 91
2 92
3 5
3 14
3 18
3 23
3 24
3 31
3 34
3 36
3 38
3 45
3 49
3 52
3 54
3 55
3 56
3 62
3 64
3 65
3 69
3 71
3 76
3 77
3 78
3 85
3 89
3 90
4 5
4 7
4 8
4 11
4 14
4 16
4 17
4 21
4 24
4 25
4 27
4 28
4 29
4 32
4 33
4 34
4 35
4 37
4 38
4 39
4 44
4 45
4 47
4 50
4 51
4 52
4 53
4 58
4 61
4 62
4 65
4 70
4 71
4 73
4 76
4 78
4 79
4 80
4 81
4 85
4 87
4 88
4 92
4 94
4 96
4 98
5 7
5 8
5 13
5 14
5 17
5 18
5 19
5 22
5 23
5 26
5 27
5 30
5 31
5 36
5 39
5 41
5 42
5 46
5 51
5 56
5 57
5 58
5 64
5 65
5 67
5 68
5 72
5 74
5 75
5 77
5 79
5 81
5 85
5 87
5 96
5 97
5 99
6 9
6 14
6 15
6 19
6 20
6 21
6 23
6 24
6 25
6 29
6 32
6 34
6 35
6 38
6 44
6 46
6 47
6 48
6 52
6 54
6 57
6 58
6 60
6 61
6 63
6 65
6 66
6 69
6 72
6 74
6 75
6 78
6 79
6 87
6 88
6 89
6 91
6 94
6 95
7 11
7 13
7 14
7 16
7 17
7 18
7 19
7 21
7 23
7 24
7 25
7 26
7 33
7 35
7 37
7 38
7 40
7 42
7 43
7 44
7 46
7 47
7 50
7 54
7 56
7 60
7 61
7 62
7 67
7 78
7 80
7 82
7 84
7 87
7 91
7 93
7 98
7 99
8 9
8 11
8 15
8 17
8 18
8 21
8 24
8 25
8 27
8 28
8 29
8 30
8 32
8 33
8 37
8 38
8 43
8 44
8 46
8 48
8 49
8 53
8 55
8 56
8 58
8 60
8 62
8 67
8 68
8 75
8 79
8 80
8 82
8 83
8 85
8 86
8 95
8 98
9 11
9 13
9 14
9 16
9 21
9 23
9 30
9 31
9 32
9 33
9 34
9 37
9 40
9 41
9 43
9 44
9 45
9 48
9 49
9 50
9 52
9 54
9 55
9 56
9 60
9 61
9 70
9 71
9 73
9 75
9 77
9 78
9 83
9 87
9 90
9 91
9 92
9 93
9 94
9 95
9 96
9 97
10 11
10 13
10 14
10 15
10 19
10 21
10 24
10 25
10 27
10 31
10 33
10 34
10 38
10 41
10 42
10 44
10 47
10 48
10 51
10 53
10 63
10 64
10 66
10 67
10 70
10 71
10 75
10 76
10 77
10 79
10 81
10 86
10 88
10 89
10 90
10 92
10 94
10 99
11 14
11 15
11 19
11 21
11 22
11 26
11 27
11 29
11 35
11 36
11 37
11 38
11 39
11 41
11 43
11 47
11 48
11 50
11 52
11 53
11 55
11 56
11 60
11 61
11 62
11 63
11 66
11 69
11 70
11 71
11 73
11 76
11 80
11 82
11 83
11 85
11 86
11 88
11 89
11 90
11 91
11 92
12 14
12 15
12 22
12 23
12 25
12 27
12 28
12 30
12 34
12 35
12 39
12 40
12 43
12 46
12 53
12 54
12 58
12 59
12 63
12 64
12 65
12 66
12 67
12 70
12 74
12 75
12 78
12 79
12 80
12 81
12 89
12 97
12 98
13 17
13 22
13 24
13 25
13 30
13 32
13 34
13 37
13 39
13 40
13 43
13 46
13 48
13 49
13 50
13 52
13 54
13 56
13 60
13 64
13 66
13 67
13 70
13 72
13 75
13 77
13 83
13 87
13 89
13 90
13 91
13 96
13 98
14 18
14 19
14 20
14 21
14 26
14 28
14 29
14 31
14 34
14 35
14 38
14 39
14 40
14 41
14 43
14 44
14 48
14 50
14 55
14 60
14 64
14 66
14 67
14 68
14 72
14 76
14 77
14 80
14 85
14 89
14 93
14 94
14 95
14 97
15 20
15 21
15 24
15 27
15 30
15 31
15 36
15 37
15 38
15 42
15 43
15 44
15 46
15 47
15 49
15 50
15 53
15 54
15 56
15 57
15 59
15 62
15 63
15 65
15 66
15 67
15 71
15 73
15 74
15 75
15 76
15 81
15 82
15 83
15 84
15 87
15 89
15 90
15 95
15 96
16 18
16 19
16 21
16 22
16 23
16 24
16 26
16 27
16 30
16 32
16 35
16 39
16 40
16 41
16 43
16 45
16 46
16 52
16 53
16 58
16 59
16 61
16 63
16 68
16 73
16 78
16 81
16 82
16 87
16 89
16 92
16 96
16 97
16 98
17 18
17 19
17 20
17 22
17 24
17 25
17 28
17 30
17 38
17 40
17 41
17 43
17 44
17 46
17 48
17 52
17 56
17 58
17 61
17 65
17 67
17 69
17 70
17 72
17 74
17 77
17 80
17 81
17 83
17 87
17 88
17 91
17 92
17 95
17 97
17 99
18 26
18 29
18 33
18 35
18 36
18 38
18 39
18 40
18 41
18 43
18 44
18 46
18 48
18 50
18 52
18 55
18 56
18 57
18 58
18 60
18 61
18 62
18 64
18 67
18 68
18 70
18 71
18 78
18 83
18 88
18 91
18 92
18 94
18 95
18 98
19 21
19 23
19 24
19 25
19 29
19 30
19 32
19 34
19 36
19 37
19 39
19 46
19 52
19 53
19 59
19 62
19 64
19 66
19 68
19 69
19 72
19 81
19 85
19 88
19 89
19 90
19 94
19 95
19 97
19 98
20 24
20 27
20 35
20 38
20 40
20 42
20 43
20 48
20 50
20 52
20 55
20 57
20 58
20 59
20 61
20 62
20 64
20 66
20 71
20 72
20 73
20 74
20 81
20 82
20 83
20 85
20 87
20 90
20 91
20 92
20 95
20 96
20 98
20 99
21 24
21 27
21 31
21 35
21 38
21 40
21 41
21 43
21 47
21 50
21 52
21 53
21 55
21 57
21 59
21 60
21 61
21 65
21 69
21 72
21 74
21 75
21 76
21 84
21 87
21 89
21 92
21 94
21 98
22 23
22 29
22 32
22 34
22 35
22 38
22 40
22 43
22 44
22 45
22 46
22 52
22 55
22 56
22 58
22 64
22 66
22 70
22 71
22 72
22 82
22 84
22 85
22 89
22 90
22 91
22 96
23 25
23 26
23 32
23 40
23 41
23 44
23 47
23 48
23 52
23 55
23 56
23 57
23 58
23 59
23 64
23 66
23 67
23 68
23 69
23 70
23 71
23 72
23 76
23 78
23 89
23 90
23 91
23 94
23 95
24 27
24 32
24 34
24 38
24 39
24 44
24 46
24 54
24 55
24 56
24 57
24 60
24 62
24 70
24 71
24 76
24 77
24 79
24 82
24 86
24 88
24 91
24 97
25 29
25 31
25 32
25 33
25 34
25 36
25 38
25 42
25 43
25 44
25 45
25 47
25 48
25 50
25 52
25 54
25 58
25 63
25 66
25 71
25 76
25 77
25 78
25 79
25 80
25 82
25 84
25 86
25 94
25 98
26 27
26 29
26 32
26 33
26 38
26 39
26 45
26 48
26 51
26 52
26 55
26 56
26 61
26 62
26 66
26 69
26 77
26 83
26 88
26 89
26 91
26 94
27 30
27 31
27 32
27 33
27 38
27 39
27 40
27 42
27 43
27 44
27 45
27 46
27 47
27 49
27 51
27 52
27 53
27 55
27 56
27 57
27 58
27 59
27 61
27 66
27 67
27 68
27 69
27 75
27 78
27 80
27 81
27 89
27 92
27 93
27 95
27 97
27 98
28 30
28 32
28 35
28 37
28 38
28 39
28 42
28 44
28 45
28 46
28 48
28 53
28 55
28 58
28 59
28 62
28 63
28 64
28 77
28 78
28 81
28 83
28 84
28 86
28 88
28 93
28 96
29 34
29 37
29 38
29 39
29 40
29 43
29 46
29 47
29 54
29 55
29 56
29 57
29 61
29 65
29 67
29 69
29 73
29 74
29 75
29 76
29 77
29 78
29 79
29 83
29 84
29 85
29 87
29 91
29 94
29 95
29 97
30 32
30 34
30 36
30 37
30 39
30 41
30 43
30 45
30 46
30 49
30 51
30 52
30 53
30 56
30 57
30 58
30 63
30 64
30 68
30 70
30 71
30 72
30 73
30 75
30 77
30 79
30 83
30 86
30 88
30 90
30 91
30 94
30 95
30 99
31 32
31 33
31 37
31 38
31 39
31 40
31 43
31 45
31 46
31 48
31 49
31 52
31 56
31 57
31 58
31 61
31 67
31 70
31 72
31 76
31 78
31 79
31 80
31 81
31 83
31 84
31 85
31 86
31 94
31 95
31 96
31 97
31 98
31 99
32 35
32 36
32 38
32 39
32 44
32 45
32 46
32 47
32 48
32 51
32 52
32 55
32 59
32 61
32 66
32 75
32 77
32 78
32 79
32 82
32 83
32 84
32 85
32 87
32 88
32 91
32 92
32 93
32 98
33 34
33 37
33 41
33 44
33 46
33 47
33 50
33 53
33 54
33 55
33 60
33 65
33 69
33 73
33 75
33 77
33 78
33 82
33 85
33 86
33 87
33 89
33 91
33 92
33 94
33 96
33 98
33 99
34 37
34 39
34 42
34 50
34 53
34 55
34 58
34 60
34 61
34 62
34 65
34 69
34 70
34 72
34 73
34 86
34 88
34 91
34 93
34 95
34 98
35 38
35 39
35 41
35 42
35 43
35 44
35 45
35 55
35 56
35 58
35 59
35 60
35 62
35 69
35 72
35 73
35 75
35 78
35 80
35 83
35 86
35 87
35 89
35 93
35 95
35 96
35 97
36 40
36 41
36 42
36 43
36 45
36 47
36 49
36 50
36 51
36 58
36 59
36 60
36 63
36 64
36 66
36 67
36 68
36 69
36 71
36 72
36 73
36 74
36 76
36 79
36 81
36 82
36 91
36 92
36 93
36 94
36 95
36 97
37 39
37 41
37 42
37 44
37 50
37 52
37 57
37 59
37 61
37 65
37 66
37 70
37 72
37 76
37 77
37 86
37 88
37 91
37 92
37 93
37 97
37 98
38 39
38 41
38 46
38 50
38 51
38 52
38 53
38 56
38 60
38 62
38 65
38 67
38 70
38 71
38 80
38 82
38 83
38 85
38 86
38 88
38 92
38 94
38 95
38 96
38 97
38 98
38 99
39 43
39 45
39 46
39 52
39 53
39 54
39 57
39 60
39 62
39 69
39 73
39 74
39 76
39 79
39 80
39 82
39 88
39 91
39 93
39 99
40 43
40 45
40 46
40 49
40 54
40 56
40 57
40 58
40 59
40 64
40 65
40 72
40 73
40 74
40 76
40 82
40 83
40 84
40 86
40 89
40 90
40 91
40 92
40 93
40 95
40 99
41 43
41 46
41 49
41 50
41 51
41 52
41 54
41 58
41 59
41 63
41 68
41 71
41 72
41 74
41 75
41 80
41 81
41 91
41 94
41 96
42 45
42 49
42 52
42 53
42 55
42 56
42 61
42 62
42 66
42 67
42 68
42 69
42 71
42 73
42 78
42 79
42 80
42 81
42 82
42 83
42 84
42 85
42 86
42 96
42 98
43 45
43 47
43 48
43 50
43 52
43 56
43 60
43 61
43 62
43 63
43 66
43 68
43 70
43 72
43 73
43 76
43 77
43 84
43 88
43 89
43 90
43 94
43 95
43 97
43 99
44 46
44 48
44 52
44 53
44 54
44 56
44 57
44 60
44 64
44 65
44 66
44 69
44 70
44 71
44 73
44 74
44 79
44 80
44 83
44 84
44 87
44 88
44 89
44 90
44 91
44 93
44 94
44 95
44 99
45 47
45 48
45 49
45 51
45 54
45 58
45 59
45 60
45 61
45 64
45 68
45 69
45 70
45 71
45 73
45 74
45 75
45 79
45 87
45 91
45 93
45 94
45 96
45 97
45 99
46 47
46 49
46 50
46 53
46 56
46 57
46 62
46 65
46 68
46 70
46 72
46 73
46 74
46 77
46 79
46 83
46 84
46 85
46 86
46 90
46 93
46 98
47 48
47 49
47 54
47 58
47 59
47 60
47 63
47 64
47 65
47 66
47 67
47 70
47 71
47 75
47 77
47 80
47 85
47 87
47 88
47 89
47 91
47 93
47 94
47 96
48 49
48 50
48 51
48 52
48 55
48 56
48 57
48 59
48 63
48 65
48 67
48 71
48 73
48 74
48 76
48 77
48 86
48 94
48 95
48 98
48 99
49 51
49 52
49 55
49 56
49 57
49 68
49 72
49 75
49 77
49 79
49 80
49 81
49 87
49 89
49 90
49 91
49 93
49 95
49 97
50 52
50 53
50 54
50 55
50 56
50 57
50 63
50 68
50 69
50 70
50 71
50 74
50 75
50 77
50 78
50 79
50 80
50 81
50 82
50 83
50 86
50 89
50 90
50 91
50 93
50 94
50 97
51 52
51 57
51 58
51 59
51 63
51 68
51 69
51 71
51 72
51 74
51 76
51 77
51 80
51 84
51 87
51 89
51 90
51 91
51 92
51 93
51 98
52 61
52 66
52 67
52 73
52 74
52 79
52 86
52 92
52 94
52 95
52 98
53 55
53 58
53 60
53 61
53 66
53 69
53 70
53 75
53 82
53 83
53 90
53 92
53 93
53 95
54 56
54 57
54 59
54 65
54 68
54 69
54 71
54 74
54 76
54 77
54 80
54 81
54 87
54 90
54 91
54 93
54 94
54 95
55 56
55 58
55 59
55 60
55 61
55 68
55 72
55 74
55 76
55 77
55 78
55 80
55 81
55 83
55 85
55 89
55 93
55 94
55 95
55 96
55 97
55 98
55 99
56 57
56 60
56 62
56 63
56 64
56 66
56 68
56 72
56 73
56 74
56 76
56 80
56 81
56 87
56 88
56 90
56 91
56 92
56 94
56 99
57 58
57 60
57 61
57 62
57 64
57 65
57 66
57 68
57 69
57 70
57 74
57 76
57 77
57 82
57 83
57 86
57 87
57 91
57 92
57 94
57 98
58 59
58 63
58 65
58 67
58 72
58 76
58 77
58 81
58 82
58 83
58 85
58 86
58 88
58 90
59 61
59 63
59 64
59 68
59 70
59 74
59 76
59 77
59 79
59 81
59 84
59 93
59 99
60 65
60 68
60 69
60 75
60 77
60 78
60 80
60 93
60 94
60 98
61 64
61 65
61 69
61 75
61 77
61 78
61 83
61 84
61 85
61 86
61 87
61 88
61 92
61 93
61 95
61 97
61 98
62 70
62 71
62 72
62 73
62 74
62 75
62 76
62 78
62 83
62 84
62 86
62 87
62 88
62 89
62 92
62 95
62 96
62 97
62 98
62 99
63 64
63 65
63 66
63 67
63 75
63 78
63 80
63 87
63 88
63 90
63 92
63 93
63 95
64 65
64 66
64 67
64 69
64 70
64 74
64 75
64 77
64 79
64 81
64 84
64 88
64 90
64 93
64 95
65 66
65 68
65 69
65 71
65 72
65 80
65 81
65 86
65 93
65 94
65 95
65 99
66 68
66 69
66 70
66 71
66 72
66 78
66 79
66 80
66 81
66 83
66 85
66 86
66 93
66 94
66 97
66 98
67 70
67 72
67 73
67 75
67 77
67 81
67 94
67 97
68 71
68 72
68 75
68 77
68 78
68 81
68 83
68 84
68 85
68 87
68 90
68 95
68 96
68 97
68 98
69 72
69 73
69 75
69 76
69 79
69 86
69 87
69 89
70 75
70 78
70 82
70 84
70 93
70 96
71 76
71 79
71 82
71 83
71 92
72 76
72 77
72 78
72 82
72 84
72 86
72 91
72 93
72 94
72 96
73 76
73 78
73 80
73 81
73 82
73 83
73 90
73 92
73 93
73 94
74 81
74 85
74 86
74 89
74 90
74 93
74 98
75 77
75 78
75 84
75 85
75 87
75 89
75 94
76 82
76 85
76 87
76 90
76 92
76 97
76 98
76 99
77 78
77 80
77 82
77 83
77 87
77 88
77 93
77 95
78 82
78 89
78 93
78 94
78 98
78 99
79 80
79 82
79 84
79 87
79 88
79 89
79 92
79 93
79 96
79 99
80 88
80 91
80 94
80 95
81 82
81 84
81 85
81 86
81 87
81 89
81 92
81 93
81 94
81 95
81 96
81 98
82 84
82 90
82 91
82 92
83 91
83 95
83 96
83 98
84 86
84 91
84 92
84 94
84 95
84 96
84 99
85 88
85 89
85 93
85 94
85 95
85 97
85 99
86 95
86 99
87 88
87 92
87 95
87 96
87 97
88 92
88 97
88 98
89 90
89 91
89 92
90 92
90 97
90 98
90 99
91 92
91 93
91 96
92 96
92 98
92 99
93 96
93 98
93 99
95 96
95 97
95 99
96 97
97 99
