200 5467
75 11
21 47
72 26
75 42
48 78
94 95
72 49
69 11
69 20
14 85
53 97
42 42
83 42
37 89
43 13
98 72
61 60
37 53
96 95
13 79
86 78
69 11
86 55
98 93
22 69
98 89
39 66
55 51
100 77
45 100
61 52
35 65
79 17
91 48
29 96
26 92
88 63
52 14
75 10
39 39
46 22
15 36
72 26
19 26
60 96
36 92
92 71
52 36
84 51
86 42
69 91
57 52
26 13
82 96
93 53
71 31
95 65
25 31
73 13
48 55
73 81
45 56
69 45
24 92
56 87
13 54
97 32
68 50
98 15
94 13
32 64
85 86
47 35
45 87
88 75
82 50
62 29
45 19
72 41
41 22
96 20
90 29
15 70
33 31
62 55
95 12
68 29
60 42
78 90
38 94
65 87
90 78
73 37
23 59
38 11
76 71
100 42
49 25
87 72
48 96
73 19
22 25
65 87
41 97
78 71
19 39
22 55
78 46
83 44
22 75
99 71
77 11
13 66
62 94
38 43
30 17
60 33
29 71
57 45
13 27
55 44
69 72
30 94
29 68
77 19
28 46
19 13
20 54
96 99
32 13
71 79
71 46
87 51
77 58
100 37
22 67
49 68
39 81
81 55
24 41
53 54
29 88
17 88
48 60
87 72
27 15
12 39
97 21
18 53
65 95
65 13
93 89
79 39
10 85
45 36
10 11
85 22
66 43
32 44
23 10
11 72
71 35
46 59
77 21
47 86
55 69
32 58
66 63
14 99
10 83
16 49
11 21
70 40
31 63
97 97
34 31
13 74
71 80
55 43
14 74
24 84
82 61
11 61
86 56
16 33
17 77
83 46
69 90
96 78
44 41
74 88
62 19
25 77
47 79
36 31
66 71
76 33
68 54
51 65
100 84
11868
0 1
0 3
0 4
0 5
0 6
0 8
0 9
0 10
0 13
0 14
0 19
0 21
0 22
0 26
0 27
0 29
0 31
0 32
0 34
0 35
0 36
0 37
0 40
0 42
0 44
0 46
0 47
0 49
0 50
0 51
0 52
0 53
0 54
0 55
0 57
0 58
0 60
0 62
0 64
0 65
0 68
0 70
0 74
0 75
0 78
0 79
0 81
0 82
0 86
0 87
0 89
0 90
0 92
0 93
0 94
0 95
0 97
0 98
0 99
0 100
0 101
0 102
0 106
0 107
0 109
0 112
0 114
0 115
0 116
0 123
0 124
0 125
0 129
0 130
0 131
0 134
0 135
0 137
0 138
0 143
0 145
0 146
0 149
0 151
0 153
0 156
0 157
0 160
0 161
0 164
0 166
0 167
0 168
0 169
0 171
0 174
0 175
0 176
0 177
0 178
0 181
0 183
0 184
0 185
0 186
0 189
0 190
0 191
0 192
0 193
0 196
0 197
0 199
1 2
1 3
1 4
1 5
1 6
1 7
1 8
1 9
1 10
1 12
1 13
1 14
1 15
1 16
1 17
1 18
1 19
1 20
1 21
1 23
1 24
1 25
1 27
1 28
1 29
1 30
1 31
1 34
1 37
1 41
1 42
1 45
1 48
1 49
1 53
1 55
1 59
1 60
1 61
1 62
1 63
1 65
1 66
1 67
1 68
1 69
1 70
1 71
1 72
1 73
1 75
1 76
1 78
1 79
1 80
1 81
1 84
1 86
1 89
1 90
1 91
1 95
1 97
1 98
1 99
1 100
1 105
1 110
1 111
1 112
1 114
1 117
1 120
1 123
1 125
1 127
1 128
1 129
1 132
1 133
1 134
1 138
1 142
1 146
1 149
1 151
1 152
1 153
1 154
1 155
1 156
1 158
1 159
1 161
1 162
1 163
1 164
1 166
1 167
1 168
1 169
1 170
1 171
1 177
1 178
1 179
1 181
1 183
1 185
1 187
1 189
1 190
1 195
1 196
1 197
1 198
1 199
2 3
2 7
2 8
2 12
2 19
2 20
2 21
2 22
2 26
2 27
2 28
2 29
2 30
2 31
2 33
2 35
2 36
2 37
2 38
2 39
2 40
2 41
2 42
2 44
2 45
2 47
2 48
2 49
2 53
2 55
2 59
2 60
2 61
2 62
2 65
2 66
2 67
2 70
2 71
2 72
2 74
2 76
2 78
2 79
2 80
2 82
2 84
2 85
2 86
2 87
2 89
2 91
2 92
2 93
2 94
2 95
2 96
2 99
2 100
2 101
2 102
2 103
2 104
2 107
2 111
2 112
2 113
2 114
2 116
2 120
2 121
2 125
2 126
2 127
2 128
2 130
2 134
2 137
2 139
2 140
2 142
2 144
2 145
2 146
2 147
2 148
2 150
2 153
2 154
2 155
2 156
2 158
2 159
2 163
2 164
2 165
2 166
2 167
2 168
2 171
2 173
2 175
2 176
2 177
2 178
2 179
2 180
2 181
2 182
2 187
2 188
2 189
2 190
2 191
2 192
2 194
2 195
2 196
2 198
2 199
3 5
3 7
3 11
3 12
3 13
3 14
3 15
3 17
3 18
3 19
3 24
3 25
3 26
3 30
3 32
3 34
3 35
3 37
3 38
3 40
3 41
3 47
3 48
3 49
3 50
3 51
3 52
3 53
3 59
3 60
3 62
3 63
3 64
3 66
3 67
3 69
3 70
3 72
3 73
3 74
3 75
3 77
3 79
3 81
3 82
3 88
3 90
3 91
3 92
3 93
3 94
3 97
3 99
3 100
3 102
3 103
3 104
3 106
3 107
3 108
3 112
3 113
3 114
3 117
3 118
3 119
3 120
3 121
3 122
3 123
3 124
3 126
3 128
3 129
3 130
3 131
3 134
3 136
3 137
3 138
3 139
3 140
3 141
3 145
3 147
3 150
3 151
3 154
3 157
3 158
3 162
3 163
3 169
3 170
3 171
3 172
3 173
3 174
3 175
3 177
3 179
3 180
3 181
3 182
3 183
3 184
3 185
3 186
3 187
3 188
3 189
3 190
3 193
3 199
4 6
4 7
4 8
4 9
4 10
4 11
4 12
4 14
4 15
4 19
4 20
4 21
4 24
4 25
4 28
4 30
4 31
4 32
4 33
4 34
4 38
4 40
4 43
4 44
4 45
4 47
4 48
4 49
4 52
4 53
4 55
4 57
4 60
4 63
4 64
4 65
4 67
4 68
4 69
4 70
4 73
4 76
4 77
4 79
4 81
4 82
4 83
4 87
4 88
4 89
4 90
4 92
4 94
4 97
4 101
4 102
4 106
4 108
4 109
4 114
4 116
4 117
4 120
4 121
4 122
4 123
4 124
4 127
4 128
4 129
4 130
4 131
4 132
4 133
4 134
4 136
4 138
4 139
4 140
4 141
4 142
4 145
4 146
4 147
4 148
4 152
4 155
4 156
4 158
4 160
4 162
4 167
4 170
4 175
4 176
4 177
4 178
4 179
4 182
4 184
4 187
4 188
4 190
4 191
4 192
4 193
4 194
4 197
4 198
4 199
5 6
5 7
5 9
5 10
5 11
5 12
5 14
5 15
5 17
5 19
5 20
5 21
5 22
5 23
5 24
5 26
5 30
5 31
5 35
5 36
5 37
5 38
5 39
5 41
5 47
5 49
5 50
5 52
5 53
5 54
5 56
5 57
5 58
5 61
5 62
5 63
5 64
5 69
5 71
5 73
5 74
5 75
5 77
5 78
5 79
5 81
5 85
5 86
5 87
5 88
5 89
5 90
5 97
5 98
5 100
5 101
5 103
5 104
5 105
5 106
5 108
5 110
5 111
5 112
5 113
5 117
5 118
5 119
5 120
5 121
5 122
5 124
5 125
5 129
5 130
5 131
5 132
5 133
5 135
5 136
5 137
5 138
5 142
5 143
5 144
5 147
5 149
5 150
5 151
5 152
5 154
5 155
5 157
5 161
5 162
5 163
5 164
5 165
5 166
5 168
5 169
5 174
5 175
5 177
5 178
5 179
5 180
5 182
5 183
5 185
5 186
5 187
5 191
5 193
5 195
5 196
5 197
5 198
5 199
6 9
6 12
6 13
6 16
6 17
6 19
6 20
6 21
6 25
6 27
6 28
6 29
6 31
6 33
6 35
6 36
6 37
6 39
6 40
6 45
6 47
6 48
6 51
6 52
6 53
6 54
6 55
6 57
6 58
6 60
6 61
6 62
6 64
6 66
6 68
6 74
6 77
6 78
6 79
6 81
6 82
6 83
6 84
6 85
6 88
6 89
6 90
6 91
6 94
6 98
6 99
6 100
6 101
6 102
6 103
6 104
6 107
6 108
6 110
6 114
6 116
6 118
6 119
6 123
6 124
6 126
6 127
6 130
6 132
6 135
6 136
6 138
6 139
6 141
6 142
6 143
6 144
6 145
6 146
6 147
6 148
6 153
6 154
6 156
6 157
6 158
6 159
6 160
6 161
6 162
6 163
6 164
6 165
6 166
6 169
6 170
6 172
6 173
6 178
6 179
6 181
6 182
6 183
6 184
6 187
6 192
6 193
6 194
6 195
6 196
6 197
6 198
7 9
7 10
7 11
7 12
7 15
7 16
7 17
7 18
7 19
7 20
7 22
7 23
7 25
7 27
7 28
7 29
7 30
7 32
7 33
7 35
7 37
7 38
7 40
7 41
7 44
7 45
7 46
7 47
7 51
7 54
7 55
7 57
7 60
7 63
7 64
7 65
7 66
7 69
7 70
7 71
7 72
7 74
7 75
7 77
7 78
7 79
7 80
7 83
7 84
7 86
7 87
7 89
7 91
7 92
7 95
7 96
7 98
7 99
7 100
7 102
7 103
7 104
7 105
7 106
7 109
7 111
7 112
7 114
7 116
7 120
7 121
7 122
7 126
7 128
7 129
7 132
7 133
7 136
7 138
7 139
7 140
7 141
7 146
7 147
7 150
7 151
7 153
7 154
7 155
7 156
7 157
7 159
7 161
7 163
7 166
7 167
7 168
7 170
7 171
7 172
7 175
7 177
7 180
7 182
7 183
7 185
7 187
7 188
7 189
7 190
7 191
7 193
7 195
7 196
7 197
7 198
8 9
8 11
8 12
8 14
8 18
8 20
8 21
8 23
8 24
8 25
8 26
8 29
8 30
8 31
8 32
8 33
8 34
8 35
8 37
8 40
8 42
8 44
8 45
8 46
8 49
8 50
8 51
8 52
8 55
8 60
8 61
8 64
8 65
8 66
8 68
8 69
8 72
8 74
8 75
8 76
8 77
8 79
8 80
8 82
8 84
8 85
8 87
8 89
8 90
8 93
8 96
8 98
8 100
8 101
8 102
8 104
8 105
8 106
8 107
8 108
8 113
8 115
8 116
8 117
8 122
8 123
8 125
8 128
8 132
8 135
8 137
8 139
8 141
8 142
8 146
8 150
8 151
8 152
8 155
8 156
8 157
8 158
8 160
8 161
8 164
8 166
8 167
8 170
8 171
8 172
8 174
8 175
8 176
8 178
8 181
8 182
8 184
8 186
8 189
8 192
8 194
8 196
8 198
9 11
9 13
9 15
9 17
9 18
9 19
9 20
9 22
9 24
9 25
9 27
9 31
9 32
9 33
9 34
9 35
9 40
9 41
9 43
9 45
9 46
9 50
9 52
9 53
9 54
9 56
9 57
9 62
9 63
9 66
9 71
9 73
9 74
9 75
9 76
9 78
9 79
9 80
9 81
9 83
9 89
9 90
9 92
9 97
9 101
9 103
9 105
9 106
9 107
9 108
9 109
9 110
9 112
9 113
9 114
9 115
9 117
9 118
9 121
9 122
9 124
9 125
9 126
9 128
9 130
9 131
9 132
9 133
9 134
9 135
9 138
9 140
9 143
9 144
9 145
9 146
9 147
9 150
9 151
9 152
9 154
9 155
9 158
9 159
9 161
9 163
9 166
9 167
9 168
9 170
9 171
9 172
9 174
9 175
9 176
9 179
9 180
9 182
9 183
9 184
9 187
9 188
9 194
9 195
9 196
9 197
9 198
10 11
10 12
10 13
10 14
10 17
10 18
10 19
10 21
10 22
10 23
10 24
10 25
10 28
10 29
10 32
10 34
10 36
10 38
10 39
10 41
10 42
10 43
10 44
10 49
10 52
10 56
10 60
10 63
10 64
10 65
10 68
10 71
10 72
10 74
10 75
10 76
10 77
10 78
10 79
10 80
10 81
10 82
10 83
10 84
10 88
10 91
10 92
10 93
10 94
10 95
10 96
10 98
10 99
10 100
10 102
10 103
10 104
10 105
10 106
10 109
10 110
10 111
10 113
10 115
10 116
10 117
10 120
10 122
10 123
10 124
10 125
10 126
10 127
10 128
10 130
10 132
10 135
10 137
10 139
10 141
10 142
10 143
10 146
10 147
10 148
10 149
10 150
10 151
10 154
10 155
10 157
10 159
10 161
10 164
10 166
10 167
10 168
10 169
10 171
10 173
10 176
10 177
10 179
10 180
10 185
10 186
10 188
10 189
10 190
10 191
10 194
10 197
10 199
11 12
11 13
11 14
11 15
11 16
11 17
11 18
11 19
11 20
11 23
11 24
11 25
11 26
11 27
11 30
11 31
11 32
11 33
11 34
11 37
11 39
11 41
11 46
11 47
11 49
11 53
11 54
11 55
11 58
11 60
11 63
11 64
11 65
11 66
11 67
11 69
11 71
11 72
11 74
11 77
11 78
11 79
11 81
11 82
11 83
11 84
11 85
11 86
11 88
11 91
11 99
11 100
11 101
11 104
11 106
11 107
11 108
11 109
11 112
11 113
11 114
11 116
11 119
11 123
11 124
11 125
11 126
11 132
11 139
11 140
11 141
11 142
11 143
11 144
11 145
11 146
11 147
11 148
11 149
11 150
11 151
11 152
11 154
11 156
11 157
11 160
11 161
11 164
11 165
11 167
11 168
11 169
11 171
11 172
11 173
11 175
11 176
11 180
11 181
11 183
11 184
11 185
11 186
11 187
11 188
11 189
11 192
11 198
12 13
12 15
12 16
12 17
12 18
12 21
12 22
12 25
12 26
12 28
12 31
12 33
12 34
12 36
12 37
12 38
12 40
12 45
12 46
12 47
12 49
12 50
12 52
12 53
12 54
12 61
12 64
12 65
12 66
12 68
12 69
12 71
12 72
12 73
12 74
12 75
12 76
12 77
12 78
12 79
12 81
12 82
12 84
12 85
12 86
12 87
12 89
12 90
12 91
12 92
12 93
12 94
12 95
12 96
12 98
12 102
12 109
12 112
12 114
12 115
12 116
12 117
12 118
12 121
12 122
12 123
12 124
12 126
12 127
12 134
12 135
12 136
12 137
12 139
12 141
12 142
12 144
12 147
12 148
12 149
12 150
12 152
12 153
12 155
12 157
12 158
12 159
12 161
12 166
12 170
12 171
12 172
12 174
12 175
12 176
12 177
12 179
12 180
12 186
12 187
12 188
12 189
12 191
12 194
12 199
13 14
13 15
13 16
13 17
13 18
13 19
13 20
13 22
13 23
13 24
13 27
13 28
13 30
13 31
13 32
13 34
13 35
13 36
13 37
13 38
13 40
13 41
13 42
13 43
13 44
13 46
13 47
13 48
13 49
13 50
13 51
13 52
13 53
13 57
13 58
13 60
13 61
13 62
13 63
13 65
13 66
13 70
13 71
13 72
13 75
13 76
13 78
13 79
13 80
13 81
13 82
13 84
13 85
13 87
13 88
13 92
13 93
13 94
13 95
13 97
13 99
13 102
13 103
13 105
13 106
13 109
13 110
13 111
13 112
13 114
13 116
13 117
13 119
13 120
13 122
13 123
13 124
13 125
13 126
13 128
13 129
13 130
13 133
13 134
13 135
13 136
13 137
13 138
13 140
13 142
13 143
13 144
13 145
13 147
13 148
13 152
13 156
13 160
13 161
13 162
13 165
13 168
13 169
13 171
13 173
13 174
13 176
13 180
13 181
13 182
13 184
13 187
13 188
13 189
13 190
13 191
13 192
13 193
13 195
13 196
13 197
13 198
13 199
14 15
14 16
14 17
14 18
14 20
14 21
14 24
14 25
14 26
14 30
14 31
14 32
14 34
14 35
14 37
14 39
14 40
14 44
14 45
14 49
14 51
14 52
14 54
14 55
14 56
14 57
14 59
14 63
14 64
14 65
14 67
14 68
14 69
14 71
14 73
14 74
14 75
14 76
14 77
14 79
14 81
14 83
14 84
14 85
14 86
14 87
14 88
14 89
14 91
14 92
14 93
14 97
14 99
14 100
14 102
14 103
14 104
14 105
14 107
14 108
14 110
14 111
14 112
14 114
14 115
14 118
14 120
14 125
14 127
14 128
14 129
14 132
14 133
14 134
14 135
14 138
14 140
14 141
14 142
14 143
14 146
14 147
14 149
14 150
14 151
14 152
14 157
14 158
14 160
14 161
14 166
14 167
14 170
14 171
14 174
14 177
14 179
14 181
14 183
14 184
14 185
14 187
14 190
14 191
14 192
14 193
14 194
14 198
14 199
15 17
15 19
15 20
15 23
15 27
15 28
15 29
15 30
15 33
15 34
15 37
15 38
15 40
15 41
15 42
15 44
15 45
15 46
15 49
15 50
15 51
15 53
15 56
15 58
15 59
15 62
15 65
15 68
15 70
15 71
15 73
15 75
15 76
15 80
15 82
15 83
15 86
15 89
15 90
15 91
15 97
15 98
15 99
15 100
15 102
15 103
15 104
15 105
15 106
15 108
15 111
15 113
15 114
15 117
15 118
15 119
15 120
15 122
15 123
15 124
15 125
15 127
15 128
15 129
15 131
15 134
15 135
15 136
15 137
15 139
15 141
15 143
15 144
15 145
15 146
15 148
15 154
15 155
15 156
15 157
15 159
15 161
15 163
15 165
15 167
15 168
15 171
15 173
15 174
15 175
15 176
15 177
15 179
15 181
15 182
15 186
15 187
15 189
15 191
15 195
15 196
15 199
16 18
16 20
16 22
16 25
16 26
16 27
16 28
16 31
16 34
16 38
16 40
16 42
16 43
16 44
16 45
16 46
16 49
16 50
16 52
16 53
16 54
16 58
16 59
16 60
16 66
16 71
16 72
16 73
16 74
16 75
16 77
16 78
16 79
16 81
16 83
16 84
16 85
16 86
16 87
16 88
16 89
16 92
16 93
16 95
16 97
16 99
16 101
16 102
16 104
16 105
16 106
16 108
16 109
16 112
16 113
16 114
16 115
16 116
16 120
16 121
16 122
16 124
16 125
16 127
16 130
16 133
16 137
16 140
16 144
16 146
16 147
16 148
16 150
16 152
16 154
16 156
16 157
16 158
16 161
16 163
16 164
16 168
16 169
16 170
16 171
16 172
16 174
16 176
16 180
16 182
16 185
16 186
16 188
16 189
16 191
16 193
16 194
16 195
16 197
16 198
16 199
17 18
17 23
17 24
17 26
17 27
17 28
17 29
17 30
17 31
17 32
17 35
17 36
17 39
17 40
17 41
17 43
17 46
17 47
17 48
17 49
17 50
17 51
17 52
17 53
17 54
17 55
17 57
17 60
17 61
17 67
17 69
17 70
17 71
17 72
17 74
17 75
17 76
17 79
17 83
17 84
17 86
17 87
17 88
17 90
17 91
17 92
17 93
17 95
17 96
17 98
17 99
17 105
17 106
17 107
17 109
17 111
17 113
17 117
17 121
17 122
17 129
17 130
17 132
17 134
17 135
17 137
17 139
17 141
17 144
17 145
17 146
17 147
17 148
17 150
17 151
17 153
17 156
17 157
17 158
17 164
17 165
17 166
17 168
17 170
17 172
17 173
17 174
17 175
17 176
17 177
17 178
17 180
17 181
17 182
17 183
17 184
17 185
17 189
17 190
17 191
17 193
17 195
17 197
18 19
18 22
18 25
18 26
18 29
18 30
18 31
18 32
18 33
18 34
18 35
18 37
18 38
18 41
18 42
18 43
18 45
18 46
18 48
18 51
18 53
18 55
18 57
18 59
18 60
18 61
18 62
18 64
18 65
18 66
18 68
18 70
18 72
18 73
18 74
18 76
18 78
18 79
18 80
18 82
18 83
18 84
18 85
18 87
18 88
18 90
18 93
18 94
18 95
18 97
18 99
18 100
18 101
18 102
18 103
18 105
18 108
18 109
18 111
18 112
18 114
18 115
18 116
18 118
18 119
18 126
18 129
18 130
18 131
18 132
18 133
18 134
18 136
18 137
18 138
18 141
18 142
18 143
18 144
18 145
18 146
18 148
18 150
18 152
18 155
18 156
18 158
18 160
18 161
18 162
18 163
18 166
18 168
18 169
18 170
18 171
18 172
18 174
18 175
18 176
18 177
18 179
18 180
18 183
18 184
18 185
18 186
18 187
18 188
18 189
18 190
18 191
18 192
18 193
18 195
18 196
18 198
18 199
19 20
19 21
19 23
19 24
19 26
19 27
19 30
19 32
19 33
19 34
19 36
19 40
19 41
19 42
19 43
19 44
19 45
19 47
19 50
19 52
19 53
19 55
19 57
19 64
19 65
19 68
19 69
19 70
19 71
19 72
19 73
19 74
19 77
19 79
19 80
19 83
19 84
19 85
19 86
19 88
19 89
19 91
19 92
19 93
19 94
19 96
19 97
19 99
19 100
19 101
19 105
19 107
19 108
19 109
19 111
19 114
19 115
19 117
19 118
19 119
19 120
19 122
19 124
19 127
19 129
19 130
19 131
19 133
19 134
19 135
19 136
19 137
19 138
19 140
19 141
19 143
19 145
19 146
19 150
19 151
19 153
19 154
19 156
19 157
19 158
19 159
19 162
19 164
19 166
19 169
19 170
19 172
19 173
19 174
19 176
19 177
19 178
19 180
19 181
19 182
19 183
19 184
19 185
19 186
19 188
19 189
19 190
19 191
19 194
19 197
19 199
20 22
20 23
20 25
20 30
20 32
20 33
20 35
20 37
20 38
20 41
20 42
20 45
20 46
20 50
20 52
20 54
20 56
20 59
20 60
20 61
20 62
20 63
20 64
20 65
20 67
20 69
20 73
20 74
20 76
20 77
20 78
20 79
20 82
20 87
20 89
20 95
20 97
20 98
20 101
20 102
20 103
20 104
20 105
20 108
20 109
20 111
20 112
20 113
20 115
20 116
20 117
20 118
20 119
20 120
20 121
20 122
20 123
20 126
20 127
20 128
20 129
20 130
20 133
20 134
20 138
20 139
20 140
20 142
20 143
20 144
20 145
20 148
20 150
20 153
20 154
20 158
20 160
20 161
20 163
20 164
20 165
20 168
20 170
20 171
20 174
20 177
20 180
20 181
20 183
20 185
20 187
20 189
20 190
20 191
20 192
20 193
20 196
20 197
20 198
21 22
21 23
21 24
21 25
21 26
21 28
21 30
21 31
21 32
21 33
21 35
21 36
21 37
21 38
21 39
21 40
21 41
21 42
21 43
21 44
21 45
21 46
21 47
21 48
21 50
21 52
21 53
21 54
21 56
21 57
21 61
21 62
21 63
21 67
21 69
21 70
21 71
21 72
21 78
21 79
21 81
21 82
21 83
21 87
21 89
21 90
21 92
21 93
21 94
21 95
21 97
21 98
21 99
21 100
21 101
21 103
21 104
21 105
21 110
21 114
21 117
21 119
21 120
21 121
21 122
21 123
21 124
21 125
21 126
21 129
21 132
21 133
21 134
21 135
21 137
21 139
21 141
21 142
21 143
21 144
21 145
21 146
21 147
21 148
21 149
21 152
21 153
21 154
21 156
21 157
21 158
21 161
21 164
21 165
21 167
21 170
21 173
21 176
21 178
21 179
21 180
21 182
21 184
21 187
21 189
21 190
21 191
21 192
21 194
21 195
21 196
22 23
22 24
22 25
22 26
22 27
22 29
22 32
22 33
22 35
22 36
22 39
22 40
22 41
22 42
22 43
22 44
22 45
22 47
22 50
22 51
22 53
22 55
22 56
22 57
22 58
22 60
22 62
22 63
22 66
22 67
22 68
22 70
22 71
22 73
22 74
22 75
22 76
22 77
22 79
22 81
22 82
22 85
22 88
22 91
22 93
22 94
22 95
22 96
22 98
22 99
22 101
22 102
22 106
22 107
22 108
22 109
22 111
22 112
22 115
22 116
22 117
22 118
22 119
22 121
22 122
22 123
22 124
22 125
22 131
22 132
22 133
22 135
22 136
22 142
22 144
22 146
22 148
22 149
22 153
22 157
22 158
22 159
22 160
22 161
22 162
22 163
22 164
22 165
22 168
22 169
22 170
22 173
22 175
22 176
22 177
22 178
22 179
22 180
22 181
22 182
22 184
22 185
22 190
22 191
22 192
22 193
22 195
22 196
22 198
22 199
23 24
23 25
23 26
23 28
23 29
23 30
23 35
23 38
23 39
23 41
23 43
23 44
23 45
23 46
23 47
23 50
23 51
23 52
23 55
23 58
23 59
23 61
23 63
23 65
23 66
23 67
23 68
23 70
23 71
23 72
23 73
23 75
23 78
23 79
23 80
23 82
23 84
23 86
23 87
23 89
23 90
23 91
23 92
23 93
23 95
23 96
23 103
23 105
23 107
23 108
23 109
23 110
23 112
23 113
23 114
23 117
23 118
23 121
23 122
23 123
23 125
23 127
23 128
23 129
23 130
23 131
23 133
23 135
23 136
23 138
23 139
23 141
23 142
23 147
23 148
23 150
23 151
23 152
23 153
23 154
23 155
23 157
23 158
23 159
23 160
23 161
23 162
23 163
23 164
23 166
23 168
23 170
23 172
23 173
23 174
23 175
23 177
23 178
23 180
23 181
23 182
23 185
23 187
23 188
23 189
23 190
23 191
23 194
23 195
23 197
23 198
24 26
24 27
24 30
24 31
24 34
24 37
24 38
24 40
24 43
24 45
24 47
24 49
24 50
24 55
24 58
24 60
24 61
24 62
24 63
24 67
24 68
24 69
24 71
24 73
24 74
24 80
24 81
24 85
24 87
24 88
24 90
24 91
24 93
24 94
24 97
24 98
24 99
24 100
24 101
24 106
24 107
24 108
24 111
24 112
24 114
24 122
24 125
24 130
24 132
24 133
24 136
24 137
24 138
24 139
24 142
24 143
24 145
24 146
24 148
24 149
24 151
24 153
24 155
24 157
24 158
24 159
24 161
24 162
24 163
24 164
24 171
24 173
24 174
24 176
24 177
24 181
24 182
24 184
24 185
24 186
24 188
24 190
24 193
24 196
25 28
25 30
25 32
25 34
25 36
25 37
25 40
25 42
25 44
25 45
25 46
25 47
25 49
25 50
25 51
25 53
25 55
25 57
25 58
25 60
25 63
25 65
25 70
25 72
25 73
25 74
25 75
25 77
25 80
25 81
25 82
25 84
25 86
25 87
25 88
25 96
25 99
25 100
25 102
25 103
25 104
25 105
25 106
25 108
25 111
25 112
25 113
25 114
25 115
25 116
25 118
25 119
25 120
25 123
25 125
25 126
25 128
25 129
25 130
25 133
25 134
25 136
25 137
25 141
25 144
25 146
25 148
25 150
25 152
25 153
25 154
25 155
25 156
25 158
25 161
25 162
25 163
25 164
25 167
25 168
25 169
25 170
25 171
25 172
25 175
25 180
25 181
25 185
25 186
25 187
25 188
25 191
25 192
25 193
25 196
25 197
25 198
26 27
26 28
26 31
26 32
26 33
26 36
26 37
26 38
26 39
26 40
26 45
26 47
26 49
26 50
26 51
26 52
26 53
26 54
26 58
26 59
26 60
26 65
26 67
26 69
26 71
26 72
26 73
26 74
26 76
26 77
26 78
26 80
26 82
26 84
26 85
26 86
26 87
26 88
26 89
26 90
26 91
26 93
26 94
26 95
26 96
26 100
26 104
26 105
26 107
26 108
26 110
26 111
26 113
26 115
26 116
26 117
26 118
26 119
26 120
26 123
26 125
26 126
26 127
26 131
26 132
26 134
26 135
26 136
26 137
26 140
26 141
26 142
26 147
26 148
26 150
26 151
26 153
26 155
26 156
26 159
26 160
26 161
26 162
26 163
26 165
26 166
26 167
26 169
26 171
26 172
26 176
26 177
26 179
26 181
26 182
26 184
26 185
26 186
26 188
26 189
26 190
26 192
26 195
26 196
26 197
26 199
27 28
27 29
27 30
27 31
27 33
27 34
27 35
27 37
27 38
27 40
27 41
27 43
27 44
27 45
27 47
27 48
27 50
27 51
27 52
27 54
27 57
27 58
27 59
27 62
27 63
27 70
27 71
27 74
27 77
27 78
27 81
27 83
27 84
27 85
27 86
27 88
27 92
27 93
27 94
27 96
27 97
27 105
27 106
27 108
27 109
27 111
27 112
27 116
27 118
27 120
27 121
27 124
27 125
27 126
27 129
27 130
27 131
27 132
27 133
27 137
27 139
27 140
27 141
27 146
27 149
27 150
27 151
27 152
27 153
27 155
27 157
27 160
27 161
27 162
27 166
27 171
27 172
27 173
27 174
27 178
27 179
27 180
27 181
27 183
27 184
27 186
27 189
27 190
27 191
27 192
27 193
27 194
27 196
28 29
28 30
28 34
28 35
28 38
28 42
28 43
28 45
28 49
28 51
28 53
28 58
28 59
28 64
28 67
28 68
28 69
28 70
28 71
28 74
28 75
28 82
28 83
28 84
28 87
28 88
28 91
28 92
28 94
28 95
28 96
28 98
28 101
28 102
28 104
28 106
28 109
28 111
28 115
28 117
28 120
28 121
28 122
28 124
28 125
28 127
28 130
28 131
28 132
28 133
28 137
28 138
28 140
28 143
28 145
28 149
28 150
28 151
28 152
28 154
28 155
28 156
28 158
28 160
28 162
28 164
28 165
28 174
28 176
28 177
28 178
28 179
28 184
28 186
28 187
28 191
28 192
28 195
28 197
28 198
28 199
29 30
29 31
29 32
29 33
29 34
29 35
29 38
29 39
29 40
29 42
29 43
29 44
29 47
29 48
29 49
29 52
29 54
29 55
29 56
29 58
29 60
29 61
29 62
29 63
29 65
29 66
29 68
29 69
29 70
29 73
29 75
29 79
29 80
29 81
29 82
29 87
29 88
29 89
29 91
29 92
29 94
29 96
29 97
29 99
29 100
29 102
29 103
29 104
29 108
29 110
29 111
29 112
29 113
29 114
29 115
29 116
29 117
29 118
29 119
29 123
29 124
29 127
29 129
29 130
29 133
29 134
29 135
29 138
29 139
29 140
29 141
29 142
29 145
29 146
29 147
29 148
29 149
29 155
29 158
29 159
29 160
29 162
29 163
29 164
29 165
29 168
29 170
29 174
29 175
29 176
29 177
29 179
29 180
29 181
29 183
29 186
29 187
29 189
29 191
29 193
29 194
29 195
29 196
29 197
30 31
30 32
30 34
30 35
30 36
30 37
30 38
30 39
30 41
30 42
30 44
30 46
30 47
30 48
30 49
30 54
30 56
30 59
30 60
30 61
30 62
30 63
30 65
30 66
30 67
30 69
30 72
30 73
30 74
30 75
30 76
30 77
30 78
30 81
30 82
30 88
30 89
30 91
30 94
30 95
30 96
30 97
30 98
30 99
30 101
30 102
30 103
30 104
30 105
30 106
30 108
30 110
30 111
30 112
30 114
30 115
30 116
30 117
30 118
30 119
30 121
30 123
30 125
30 127
30 128
30 129
30 133
30 134
30 135
30 136
30 137
30 138
30 139
30 142
30 144
30 145
30 149
30 150
30 151
30 152
30 153
30 154
30 155
30 156
30 158
30 159
30 163
30 164
30 166
30 169
30 171
30 172
30 173
30 175
30 177
30 178
30 179
30 181
30 182
30 183
30 184
30 185
30 186
30 188
30 190
30 191
30 192
30 194
30 195
30 196
30 197
31 32
31 33
31 34
31 36
31 37
31 38
31 43
31 45
31 46
31 47
31 48
31 49
31 50
31 54
31 57
31 65
31 67
31 71
31 73
31 74
31 75
31 79
31 80
31 81
31 83
31 84
31 86
31 87
31 88
31 90
31 91
31 92
31 94
31 95
31 96
31 97
31 101
31 103
31 104
31 105
31 109
31 110
31 113
31 116
31 117
31 121
31 123
31 124
31 127
31 128
31 129
31 131
31 132
31 133
31 134
31 135
31 141
31 142
31 143
31 144
31 146
31 151
31 154
31 156
31 158
31 159
31 161
31 164
31 165
31 167
31 168
31 169
31 170
31 173
31 175
31 176
31 177
31 180
31 182
31 185
31 186
31 188
31 189
31 190
31 191
31 192
31 194
31 195
31 196
32 33
32 35
32 36
32 37
32 39
32 41
32 42
32 43
32 45
32 46
32 47
32 48
32 49
32 50
32 53
32 55
32 56
32 58
32 59
32 60
32 63
32 64
32 65
32 66
32 67
32 70
32 71
32 72
32 73
32 74
32 76
32 77
32 78
32 83
32 84
32 85
32 88
32 89
32 91
32 92
32 93
32 95
32 96
32 97
32 99
32 101
32 102
32 103
32 105
32 106
32 107
32 108
32 109
32 110
32 111
32 113
32 115
32 124
32 126
32 127
32 128
32 129
32 131
32 132
32 133
32 134
32 135
32 137
32 140
32 142
32 144
32 145
32 146
32 147
32 149
32 151
32 155
32 160
32 162
32 163
32 164
32 168
32 169
32 172
32 174
32 175
32 181
32 183
32 184
32 185
32 186
32 187
32 188
32 190
32 191
32 193
32 195
32 196
32 197
32 198
32 199
33 34
33 37
33 38
33 40
33 42
33 46
33 48
33 50
33 52
33 53
33 54
33 55
33 56
33 57
33 58
33 62
33 63
33 65
33 66
33 67
33 70
33 71
33 72
33 75
33 78
33 81
33 87
33 88
33 89
33 91
33 92
33 95
33 96
33 97
33 99
33 100
33 102
33 104
33 105
33 106
33 107
33 108
33 109
33 110
33 111
33 112
33 114
33 117
33 118
33 119
33 120
33 124
33 125
33 126
33 128
33 130
33 131
33 132
33 134
33 136
33 137
33 138
33 139
33 141
33 142
33 144
33 145
33 146
33 147
33 148
33 150
33 151
33 152
33 153
33 155
33 157
33 158
33 159
33 161
33 164
33 166
33 168
33 170
33 171
33 172
33 174
33 176
33 179
33 180
33 182
33 183
33 184
33 186
33 187
33 188
33 190
33 192
33 194
33 195
33 197
34 35
34 36
34 37
34 39
34 40
34 41
34 44
34 46
34 47
34 48
34 49
34 50
34 52
34 54
34 57
34 59
34 62
34 64
34 65
34 66
34 67
34 70
34 71
34 72
34 75
34 77
34 78
34 79
34 82
34 85
34 86
34 87
34 88
34 90
34 92
34 94
34 95
34 97
34 98
34 100
34 101
34 102
34 103
34 104
34 105
34 106
34 107
34 108
34 110
34 111
34 114
34 115
34 116
34 117
34 119
34 120
34 121
34 122
34 123
34 127
34 128
34 130
34 131
34 133
34 135
34 136
34 137
34 138
34 139
34 140
34 141
34 143
34 144
34 146
34 149
34 152
34 154
34 155
34 156
34 157
34 159
34 161
34 164
34 165
34 167
34 170
34 172
34 175
34 176
34 177
34 180
34 183
34 184
34 186
34 189
34 191
34 192
34 193
34 196
34 198
34 199
35 37
35 38
35 39
35 40
35 42
35 43
35 44
35 46
35 47
35 48
35 49
35 52
35 53
35 56
35 57
35 59
35 60
35 61
35 63
35 64
35 65
35 66
35 67
35 68
35 69
35 70
35 71
35 73
35 74
35 75
35 79
35 80
35 81
35 82
35 83
35 86
35 88
35 89
35 90
35 91
35 92
35 93
35 97
35 101
35 102
35 104
35 106
35 109
35 111
35 112
35 113
35 115
35 116
35 118
35 119
35 121
35 122
35 123
35 126
35 127
35 128
35 129
35 130
35 131
35 132
35 133
35 138
35 139
35 140
35 141
35 142
35 143
35 144
35 147
35 148
35 152
35 155
35 162
35 163
35 164
35 165
35 166
35 167
35 169
35 170
35 172
35 173
35 174
35 175
35 176
35 178
35 179
35 180
35 181
35 182
35 183
35 185
35 186
35 188
35 192
35 194
35 196
35 197
35 199
36 38
36 40
36 44
36 46
36 47
36 48
36 50
36 51
36 52
36 55
36 57
36 59
36 60
36 62
36 63
36 64
36 65
36 66
36 67
36 68
36 69
36 70
36 76
36 77
36 78
36 82
36 83
36 84
36 85
36 86
36 90
36 91
36 93
36 95
36 97
36 98
36 101
36 105
36 111
36 112
36 113
36 115
36 118
36 119
36 121
36 122
36 123
36 124
36 127
36 133
36 134
36 135
36 137
36 138
36 139
36 140
36 141
36 142
36 143
36 144
36 145
36 146
36 147
36 148
36 149
36 153
36 155
36 159
36 161
36 163
36 165
36 166
36 167
36 168
36 170
36 174
36 176
36 177
36 178
36 179
36 180
36 181
36 185
36 186
36 187
36 190
36 192
36 193
36 195
37 38
37 41
37 42
37 43
37 44
37 48
37 50
37 51
37 54
37 59
37 60
37 61
37 62
37 64
37 65
37 66
37 68
37 71
37 73
37 75
37 77
37 78
37 79
37 80
37 81
37 82
37 83
37 86
37 87
37 88
37 90
37 91
37 93
37 94
37 96
37 98
37 99
37 100
37 102
37 103
37 104
37 108
37 110
37 111
37 113
37 115
37 116
37 118
37 125
37 126
37 128
37 131
37 132
37 134
37 135
37 138
37 141
37 143
37 144
37 145
37 147
37 148
37 149
37 154
37 155
37 156
37 157
37 158
37 159
37 161
37 162
37 163
37 164
37 166
37 168
37 170
37 171
37 172
37 173
37 174
37 175
37 180
37 181
37 183
37 186
37 190
37 193
37 194
37 195
37 196
37 199
38 40
38 41
38 42
38 44
38 46
38 47
38 48
38 50
38 51
38 52
38 53
38 54
38 58
38 59
38 60
38 61
38 63
38 65
38 66
38 67
38 68
38 70
38 71
38 72
38 73
38 74
38 75
38 77
38 78
38 79
38 81
38 82
38 83
38 84
38 85
38 86
38 87
38 90
38 91
38 92
38 95
38 98
38 99
38 101
38 102
38 104
38 106
38 108
38 110
38 111
38 112
38 113
38 115
38 116
38 119
38 121
38 122
38 123
38 125
38 126
38 127
38 128
38 129
38 130
38 131
38 133
38 134
38 135
38 136
38 138
38 139
38 141
38 142
38 143
38 144
38 146
38 147
38 148
38 149
38 150
38 151
38 153
38 154
38 157
38 158
38 159
38 160
38 161
38 162
38 163
38 164
38 165
38 167
38 168
38 170
38 173
38 177
38 179
38 180
38 181
38 185
38 186
38 188
38 193
38 195
38 199
39 42
39 43
39 44
39 48
39 50
39 51
39 52
39 56
39 57
39 59
39 60
39 62
39 67
39 68
39 69
39 72
39 82
39 84
39 86
39 89
39 91
39 94
39 96
39 97
39 98
39 99
39 103
39 105
39 108
39 109
39 110
39 111
39 115
39 116
39 117
39 119
39 120
39 122
39 123
39 124
39 126
39 127
39 130
39 131
39 134
39 135
39 139
39 140
39 142
39 143
39 144
39 145
39 146
39 148
39 149
39 150
39 151
39 153
39 155
39 156
39 157
39 160
39 161
39 162
39 163
39 164
39 165
39 166
39 168
39 169
39 171
39 172
39 174
39 176
39 177
39 179
39 180
39 181
39 183
39 184
39 185
39 187
39 188
39 189
39 190
39 192
39 193
39 195
39 196
39 199
40 42
40 44
40 47
40 50
40 52
40 53
40 55
40 56
40 57
40 59
40 60
40 62
40 63
40 64
40 66
40 68
40 70
40 71
40 72
40 73
40 74
40 75
40 78
40 80
40 81
40 85
40 87
40 88
40 89
40 90
40 94
40 95
40 96
40 97
40 98
40 100
40 101
40 102
40 103
40 104
40 105
40 106
40 108
40 109
40 111
40 113
40 114
40 115
40 116
40 118
40 119
40 120
40 122
40 125
40 126
40 128
40 129
40 131
40 132
40 133
40 134
40 135
40 136
40 137
40 139
40 140
40 141
40 142
40 143
40 144
40 145
40 146
40 147
40 149
40 153
40 154
40 156
40 157
40 159
40 160
40 162
40 165
40 166
40 167
40 170
40 174
40 175
40 176
40 177
40 178
40 179
40 180
40 183
40 184
40 186
40 187
40 188
40 189
40 190
40 195
40 196
40 198
41 42
41 43
41 44
41 47
41 48
41 50
41 51
41 53
41 59
41 62
41 64
41 65
41 66
41 67
41 69
41 70
41 71
41 72
41 73
41 74
41 77
41 79
41 81
41 82
41 83
41 84
41 85
41 86
41 88
41 89
41 90
41 91
41 92
41 94
41 96
41 97
41 98
41 102
41 103
41 104
41 105
41 108
41 111
41 113
41 114
41 117
41 119
41 120
41 124
41 125
41 129
41 132
41 134
41 136
41 138
41 139
41 140
41 141
41 142
41 143
41 144
41 145
41 146
41 147
41 148
41 149
41 150
41 151
41 152
41 154
41 156
41 157
41 160
41 161
41 162
41 163
41 166
41 168
41 169
41 170
41 171
41 172
41 173
41 174
41 175
41 176
41 178
41 180
41 182
41 183
41 184
41 187
41 189
41 192
41 195
41 197
41 199
42 43
42 44
42 47
42 49
42 50
42 51
42 52
42 53
42 55
42 56
42 57
42 58
42 59
42 60
42 61
42 64
42 65
42 67
42 68
42 69
42 70
42 72
42 74
42 76
42 78
42 80
42 81
42 82
42 83
42 84
42 86
42 89
42 91
42 93
42 96
42 97
42 100
42 101
42 103
42 105
42 106
42 107
42 110
42 111
42 112
42 114
42 117
42 118
42 119
42 122
42 123
42 124
42 127
42 128
42 129
42 130
42 133
42 134
42 135
42 136
42 138
42 139
42 142
42 143
42 144
42 145
42 148
42 150
42 152
42 153
42 154
42 156
42 157
42 160
42 161
42 162
42 163
42 164
42 166
42 170
42 172
42 174
42 176
42 178
42 180
42 181
42 182
42 183
42 184
42 185
42 186
42 187
42 188
42 189
42 190
42 191
42 193
42 194
42 195
42 196
42 197
43 45
43 46
43 48
43 49
43 50
43 51
43 52
43 53
43 54
43 56
43 57
43 58
43 59
43 60
43 61
43 62
43 63
43 64
43 65
43 66
43 68
43 72
43 74
43 76
43 77
43 78
43 79
43 81
43 84
43 89
43 90
43 91
43 92
43 95
43 97
43 98
43 99
43 100
43 101
43 102
43 103
43 104
43 105
43 108
43 109
43 111
43 113
43 116
43 117
43 118
43 119
43 121
43 123
43 124
43 126
43 127
43 128
43 132
43 133
43 135
43 136
43 138
43 139
43 142
43 143
43 144
43 145
43 146
43 147
43 148
43 150
43 152
43 153
43 154
43 159
43 161
43 162
43 164
43 165
43 166
43 167
43 168
43 170
43 173
43 175
43 178
43 179
43 180
43 182
43 183
43 184
43 185
43 187
43 188
43 189
43 190
43 191
43 192
43 193
43 195
43 197
43 198
44 45
44 46
44 47
44 50
44 52
44 53
44 55
44 57
44 58
44 59
44 63
44 65
44 66
44 68
44 71
44 72
44 73
44 77
44 78
44 79
44 80
44 81
44 88
44 93
44 94
44 95
44 96
44 97
44 98
44 101
44 102
44 104
44 106
44 107
44 108
44 109
44 110
44 111
44 112
44 113
44 114
44 115
44 118
44 121
44 122
44 123
44 127
44 128
44 129
44 130
44 131
44 133
44 135
44 136
44 138
44 139
44 140
44 141
44 142
44 144
44 146
44 147
44 148
44 149
44 151
44 152
44 153
44 154
44 155
44 157
44 158
44 159
44 160
44 161
44 162
44 163
44 164
44 165
44 166
44 170
44 171
44 172
44 175
44 176
44 178
44 179
44 181
44 183
44 184
44 188
44 189
44 190
44 191
44 192
44 195
44 196
44 197
44 199
45 46
45 47
45 50
45 52
45 54
45 56
45 57
45 60
45 61
45 62
45 63
45 64
45 65
45 66
45 67
45 68
45 69
45 70
45 71
45 72
45 74
45 75
45 77
45 79
45 80
45 81
45 83
45 84
45 87
45 88
45 91
45 92
45 95
45 97
45 99
45 100
45 101
45 102
45 103
45 104
45 106
45 107
45 108
45 109
45 110
45 114
45 117
45 119
45 121
45 122
45 123
45 125
45 126
45 127
45 128
45 129
45 130
45 131
45 132
45 133
45 134
45 137
45 138
45 140
45 141
45 142
45 143
45 146
45 147
45 150
45 154
45 155
45 158
45 159
45 162
45 163
45 166
45 169
45 170
45 173
45 174
45 175
45 177
45 178
45 181
45 188
45 189
45 190
45 194
45 198
46 48
46 49
46 50
46 55
46 56
46 58
46 60
46 61
46 62
46 63
46 65
46 66
46 68
46 69
46 72
46 73
46 74
46 75
46 76
46 79
46 80
46 82
46 84
46 86
46 87
46 89
46 91
46 92
46 93
46 94
46 100
46 103
46 105
46 106
46 107
46 108
46 111
46 112
46 113
46 114
46 115
46 117
46 118
46 121
46 122
46 123
46 125
46 129
46 132
46 134
46 136
46 138
46 140
46 141
46 144
46 145
46 147
46 148
46 149
46 150
46 151
46 152
46 154
46 155
46 157
46 158
46 159
46 160
46 161
46 162
46 163
46 164
46 168
46 170
46 171
46 172
46 174
46 175
46 176
46 179
46 180
46 181
46 182
46 184
46 185
46 186
46 189
46 190
46 191
46 193
46 194
46 195
46 197
46 198
47 49
47 50
47 54
47 55
47 58
47 59
47 60
47 61
47 62
47 66
47 67
47 68
47 69
47 71
47 72
47 74
47 76
47 77
47 78
47 81
47 82
47 83
47 84
47 85
47 86
47 87
47 88
47 89
47 90
47 91
47 92
47 93
47 94
47 98
47 99
47 101
47 102
47 106
47 107
47 108
47 110
47 111
47 112
47 114
47 118
47 121
47 122
47 123
47 124
47 127
47 129
47 133
47 135
47 136
47 137
47 138
47 139
47 140
47 142
47 143
47 144
47 147
47 149
47 150
47 151
47 152
47 153
47 154
47 157
47 159
47 160
47 161
47 164
47 165
47 167
47 169
47 172
47 173
47 174
47 175
47 178
47 179
47 180
47 181
47 182
47 186
47 187
47 188
47 189
47 190
47 191
47 193
47 194
47 195
47 196
47 198
48 49
48 50
48 51
48 52
48 55
48 57
48 58
48 59
48 60
48 62
48 64
48 66
48 67
48 69
48 71
48 72
48 74
48 76
48 78
48 79
48 81
48 82
48 83
48 84
48 86
48 88
48 89
48 92
48 93
48 94
48 95
48 97
48 98
48 99
48 101
48 102
48 104
48 105
48 106
48 107
48 108
48 109
48 110
48 112
48 113
48 117
48 118
48 119
48 120
48 123
48 125
48 126
48 128
48 129
48 130
48 131
48 132
48 133
48 134
48 136
48 138
48 142
48 145
48 146
48 147
48 149
48 154
48 155
48 157
48 160
48 162
48 163
48 164
48 166
48 167
48 169
48 170
48 172
48 173
48 175
48 176
48 177
48 178
48 180
48 181
48 182
48 183
48 184
48 185
48 186
48 188
48 190
48 191
48 192
48 193
48 194
48 196
48 197
48 198
49 50
49 54
49 57
49 59
49 60
49 62
49 63
49 64
49 66
49 71
49 72
49 73
49 75
49 76
49 77
49 78
49 81
49 82
49 83
49 84
49 85
49 88
49 90
49 92
49 93
49 94
49 95
49 97
49 98
49 100
49 103
49 104
49 105
49 106
49 108
49 111
49 112
49 115
49 116
49 118
49 120
49 121
49 122
49 124
49 127
49 129
49 132
49 134
49 136
49 137
49 141
49 144
49 146
49 147
49 148
49 150
49 151
49 152
49 154
49 155
49 160
49 163
49 165
49 166
49 167
49 169
49 170
49 171
49 178
49 181
49 182
49 184
49 185
49 187
49 188
49 189
49 191
49 193
49 194
49 195
49 199
50 51
50 52
50 57
50 58
50 59
50 60
50 62
50 63
50 66
50 67
50 70
50 74
50 76
50 77
50 80
50 82
50 84
50 85
50 86
50 88
50 92
50 93
50 95
50 97
50 99
50 102
50 104
50 105
50 106
50 108
50 109
50 111
50 112
50 113
50 115
50 118
50 119
50 120
50 123
50 124
50 125
50 126
50 127
50 128
50 131
50 133
50 134
50 135
50 137
50 139
50 140
50 143
50 146
50 147
50 149
50 156
50 157
50 160
50 163
50 168
50 169
50 170
50 171
50 172
50 173
50 174
50 177
50 178
50 179
50 180
50 182
50 183
50 187
50 193
50 194
50 195
50 197
50 198
50 199
51 55
51 57
51 60
51 63
51 64
51 68
51 69
51 70
51 71
51 73
51 75
51 77
51 78
51 79
51 80
51 81
51 83
51 85
51 86
51 87
51 88
51 89
51 93
51 95
51 98
51 100
51 101
51 102
51 103
51 104
51 105
51 108
51 111
51 112
51 117
51 119
51 121
51 122
51 123
51 126
51 127
51 128
51 129
51 131
51 132
51 134
51 141
51 142
51 143
51 144
51 146
51 147
51 150
51 152
51 153
51 154
51 155
51 156
51 160
51 161
51 163
51 164
51 166
51 167
51 169
51 170
51 171
51 172
51 173
51 175
51 176
51 180
51 181
51 183
51 184
51 185
51 186
51 187
51 191
51 192
51 193
51 194
51 196
51 197
52 54
52 55
52 57
52 58
52 60
52 61
52 62
52 64
52 65
52 68
52 69
52 74
52 75
52 80
52 83
52 84
52 85
52 87
52 89
52 90
52 93
52 94
52 96
52 97
52 98
52 99
52 100
52 103
52 106
52 107
52 109
52 110
52 112
52 115
52 117
52 118
52 119
52 121
52 125
52 129
52 130
52 132
52 133
52 135
52 137
52 139
52 141
52 143
52 144
52 149
52 150
52 151
52 152
52 153
52 158
52 160
52 162
52 163
52 166
52 167
52 168
52 169
52 170
52 172
52 173
52 174
52 176
52 177
52 178
52 179
52 181
52 183
52 184
52 185
52 187
52 189
52 191
52 196
52 197
52 198
52 199
53 55
53 56
53 57
53 58
53 59
53 61
53 64
53 65
53 66
53 70
53 71
53 72
53 74
53 75
53 77
53 78
53 79
53 81
53 83
53 85
53 88
53 90
53 92
53 94
53 95
53 96
53 97
53 98
53 99
53 100
53 101
53 104
53 105
53 111
53 112
53 113
53 115
53 116
53 117
53 118
53 120
53 122
53 124
53 125
53 126
53 127
53 130
53 132
53 133
53 134
53 135
53 138
53 139
53 140
53 141
53 142
53 143
53 144
53 145
53 146
53 147
53 149
53 152
53 153
53 154
53 157
53 158
53 159
53 161
53 162
53 165
53 166
53 167
53 169
53 170
53 172
53 173
53 176
53 177
53 178
53 183
53 184
53 186
53 187
53 193
53 197
53 198
53 199
54 57
54 58
54 59
54 60
54 61
54 63
54 64
54 65
54 66
54 67
54 68
54 69
54 74
54 76
54 78
54 79
54 80
54 87
54 88
54 90
54 92
54 94
54 95
54 96
54 97
54 101
54 104
54 105
54 106
54 108
54 110
54 111
54 113
54 116
54 117
54 120
54 121
54 122
54 123
54 125
54 127
54 128
54 130
54 133
54 135
54 138
54 139
54 140
54 141
54 142
54 143
54 145
54 146
54 147
54 148
54 150
54 153
54 156
54 157
54 160
54 161
54 162
54 164
54 165
54 166
54 167
54 168
54 169
54 172
54 175
54 176
54 178
54 180
54 181
54 183
54 185
54 187
54 194
54 195
54 197
55 56
55 57
55 58
55 59
55 60
55 61
55 63
55 65
55 66
55 67
55 68
55 69
55 70
55 71
55 73
55 75
55 78
55 79
55 83
55 84
55 86
55 87
55 89
55 90
55 91
55 93
55 94
55 96
55 97
55 98
55 99
55 100
55 101
55 102
55 104
55 105
55 107
55 108
55 109
55 110
55 111
55 113
55 115
55 117
55 120
55 122
55 124
55 127
55 135
55 136
55 138
55 139
55 140
55 141
55 143
55 144
55 145
55 147
55 148
55 150
55 152
55 153
55 154
55 157
55 158
55 160
55 162
55 163
55 164
55 165
55 167
55 168
55 171
55 173
55 174
55 175
55 176
55 178
55 180
55 183
55 185
55 187
55 188
55 189
55 190
55 191
55 193
55 195
55 196
55 197
56 59
56 60
56 62
56 63
56 65
56 71
56 73
56 77
56 79
56 83
56 84
56 89
56 91
56 92
56 95
56 96
56 102
56 104
56 105
56 106
56 107
56 109
56 110
56 111
56 113
56 115
56 116
56 117
56 119
56 121
56 123
56 125
56 127
56 129
56 130
56 131
56 133
56 134
56 135
56 136
56 138
56 139
56 144
56 145
56 146
56 147
56 149
56 152
56 154
56 156
56 157
56 158
56 159
56 160
56 161
56 162
56 163
56 164
56 167
56 168
56 169
56 171
56 175
56 178
56 179
56 181
56 183
56 187
56 189
56 190
56 191
56 192
56 197
57 58
57 59
57 61
57 64
57 65
57 66
57 67
57 68
57 69
57 71
57 72
57 73
57 74
57 76
57 78
57 80
57 81
57 82
57 83
57 91
57 94
57 101
57 103
57 105
57 107
57 109
57 110
57 111
57 112
57 114
57 117
57 118
57 119
57 120
57 121
57 122
57 123
57 125
57 126
57 127
57 129
57 130
57 131
57 134
57 137
57 140
57 141
57 143
57 145
57 146
57 148
57 149
57 152
57 153
57 155
57 158
57 159
57 161
57 162
57 163
57 164
57 167
57 168
57 169
57 170
57 171
57 173
57 175
57 176
57 177
57 178
57 181
57 183
57 184
57 187
57 190
57 191
57 192
57 194
57 196
57 197
57 199
58 59
58 60
58 61
58 62
58 63
58 64
58 67
58 69
58 71
58 72
58 73
58 74
58 75
58 76
58 77
58 78
58 79
58 85
58 86
58 88
58 90
58 92
58 93
58 94
58 95
58 99
58 100
58 101
58 102
58 103
58 104
58 105
58 106
58 107
58 109
58 111
58 113
58 114
58 116
58 117
58 121
58 123
58 125
58 126
58 127
58 129
58 130
58 131
58 132
58 134
58 136
58 139
58 142
58 143
58 147
58 148
58 149
58 150
58 152
58 153
58 155
58 156
58 157
58 158
58 160
58 161
58 163
58 166
58 169
58 175
58 179
58 181
58 182
58 185
58 186
58 189
58 191
58 193
58 195
58 196
58 197
58 199
59 60
59 61
59 62
59 65
59 66
59 68
59 70
59 71
59 72
59 73
59 74
59 76
59 77
59 79
59 80
59 81
59 84
59 86
59 87
59 90
59 92
59 93
59 94
59 95
59 96
59 97
59 98
59 99
59 101
59 102
59 103
59 104
59 105
59 106
59 107
59 110
59 111
59 112
59 114
59 115
59 116
59 117
59 122
59 123
59 124
59 126
59 127
59 128
59 129
59 130
59 131
59 132
59 133
59 134
59 135
59 136
59 137
59 138
59 140
59 141
59 145
59 146
59 148
59 149
59 150
59 151
59 153
59 156
59 158
59 159
59 160
59 161
59 162
59 167
59 168
59 170
59 174
59 175
59 177
59 178
59 179
59 180
59 181
59 182
59 183
59 184
59 185
59 186
59 188
59 189
59 191
59 192
59 193
59 194
59 195
59 196
59 197
59 199
60 63
60 64
60 65
60 66
60 67
60 68
60 70
60 71
60 75
60 77
60 79
60 82
60 83
60 84
60 89
60 90
60 91
60 96
60 97
60 98
60 99
60 100
60 101
60 102
60 103
60 104
60 105
60 107
60 108
60 111
60 112
60 113
60 114
60 117
60 119
60 120
60 121
60 122
60 123
60 125
60 130
60 132
60 134
60 135
60 138
60 139
60 140
60 141
60 142
60 144
60 146
60 148
60 149
60 150
60 151
60 154
60 155
60 157
60 160
60 161
60 162
60 163
60 166
60 170
60 171
60 172
60 174
60 176
60 178
60 179
60 180
60 181
60 182
60 184
60 187
60 188
60 189
60 190
60 191
60 192
60 195
60 196
61 62
61 63
61 64
61 66
61 67
61 68
61 70
61 73
61 74
61 77
61 80
61 83
61 85
61 86
61 87
61 88
61 89
61 94
61 96
61 97
61 99
61 100
61 102
61 103
61 104
61 106
61 109
61 110
61 112
61 113
61 116
61 117
61 118
61 120
61 121
61 126
61 128
61 129
61 130
61 132
61 133
61 134
61 135
61 137
61 138
61 140
61 141
61 142
61 145
61 148
61 150
61 151
61 154
61 155
61 156
61 159
61 161
61 163
61 164
61 165
61 166
61 167
61 169
61 171
61 173
61 177
61 181
61 187
61 188
61 189
61 191
61 192
61 193
61 194
61 195
61 197
61 199
62 63
62 64
62 65
62 66
62 68
62 69
62 71
62 74
62 75
62 77
62 78
62 79
62 80
62 84
62 85
62 87
62 88
62 91
62 93
62 94
62 95
62 97
62 101
62 102
62 108
62 109
62 110
62 111
62 112
62 114
62 116
62 117
62 119
62 121
62 124
62 127
62 128
62 131
62 132
62 134
62 136
62 137
62 140
62 141
62 142
62 144
62 146
62 148
62 149
62 150
62 152
62 153
62 154
62 157
62 159
62 160
62 162
62 163
62 164
62 165
62 167
62 169
62 170
62 172
62 174
62 177
62 180
62 182
62 185
62 189
62 190
62 191
62 194
62 196
62 197
62 198
62 199
63 65
63 66
63 67
63 70
63 71
63 73
63 75
63 79
63 81
63 84
63 86
63 89
63 90
63 91
63 92
63 96
63 97
63 98
63 100
63 103
63 104
63 106
63 107
63 112
63 113
63 114
63 119
63 120
63 121
63 123
63 124
63 125
63 126
63 127
63 128
63 129
63 131
63 132
63 133
63 134
63 135
63 138
63 139
63 140
63 142
63 143
63 144
63 145
63 146
63 147
63 148
63 149
63 151
63 152
63 153
63 155
63 156
63 157
63 158
63 159
63 160
63 162
63 164
63 166
63 167
63 169
63 172
63 173
63 177
63 178
63 179
63 180
63 181
63 182
63 185
63 186
63 187
63 188
63 189
63 191
63 193
63 194
63 195
63 197
63 198
64 67
64 72
64 73
64 75
64 76
64 77
64 78
64 79
64 80
64 82
64 83
64 84
64 86
64 91
64 94
64 97
64 98
64 99
64 100
64 106
64 107
64 109
64 110
64 111
64 112
64 113
64 114
64 115
64 117
64 118
64 119
64 120
64 121
64 124
64 125
64 126
64 128
64 129
64 131
64 132
64 133
64 134
64 137
64 138
64 139
64 143
64 145
64 146
64 147
64 153
64 158
64 159
64 161
64 162
64 163
64 164
64 165
64 166
64 167
64 169
64 171
64 172
64 173
64 174
64 175
64 178
64 179
64 180
64 181
64 183
64 186
64 187
64 188
64 190
64 191
64 192
64 195
64 196
64 197
64 198
64 199
65 66
65 69
65 70
65 71
65 72
65 73
65 74
65 75
65 76
65 78
65 80
65 81
65 83
65 86
65 87
65 88
65 89
65 90
65 91
65 93
65 94
65 95
65 97
65 102
65 103
65 104
65 109
65 110
65 111
65 113
65 115
65 117
65 118
65 119
65 120
65 123
65 125
65 127
65 128
65 130
65 133
65 134
65 135
65 140
65 142
65 143
65 144
65 145
65 149
65 151
65 152
65 153
65 154
65 160
65 161
65 163
65 165
65 167
65 170
65 171
65 172
65 173
65 174
65 176
65 177
65 178
65 180
65 181
65 182
65 183
65 187
65 188
65 191
65 192
65 193
65 194
65 197
65 198
65 199
66 67
66 68
66 72
66 73
66 77
66 79
66 80
66 81
66 85
66 87
66 88
66 89
66 91
66 92
66 93
66 95
66 96
66 97
66 98
66 99
66 102
66 103
66 104
66 105
66 106
66 108
66 110
66 112
66 113
66 114
66 115
66 116
66 117
66 118
66 119
66 120
66 122
66 123
66 124
66 126
66 127
66 128
66 130
66 131
66 132
66 134
66 135
66 137
66 138
66 140
66 142
66 144
66 145
66 150
66 153
66 156
66 157
66 160
66 165
66 166
66 167
66 168
66 171
66 174
66 176
66 177
66 178
66 180
66 183
66 184
66 185
66 189
66 190
66 191
66 192
66 193
66 194
66 196
66 197
66 198
66 199
67 69
67 71
67 73
67 74
67 75
67 77
67 79
67 82
67 83
67 84
67 85
67 88
67 90
67 92
67 93
67 94
67 96
67 99
67 100
67 101
67 102
67 103
67 104
67 105
67 106
67 111
67 112
67 113
67 114
67 115
67 117
67 118
67 120
67 122
67 123
67 124
67 125
67 127
67 132
67 133
67 135
67 136
67 142
67 143
67 144
67 145
67 146
67 147
67 149
67 150
67 152
67 153
67 156
67 158
67 159
67 163
67 164
67 165
67 166
67 168
67 169
67 173
67 174
67 175
67 177
67 178
67 181
67 182
67 183
67 184
67 185
67 191
67 193
67 194
67 197
67 199
68 69
68 71
68 72
68 73
68 74
68 75
68 76
68 79
68 80
68 83
68 85
68 87
68 91
68 92
68 94
68 95
68 96
68 97
68 98
68 99
68 101
68 102
68 104
68 107
68 111
68 113
68 114
68 120
68 121
68 122
68 123
68 124
68 125
68 127
68 130
68 131
68 132
68 133
68 135
68 140
68 142
68 144
68 146
68 147
68 148
68 149
68 151
68 153
68 154
68 158
68 159
68 160
68 161
68 162
68 165
68 168
68 169
68 171
68 172
68 174
68 175
68 178
68 179
68 180
68 183
68 184
68 185
68 188
68 189
68 192
68 195
68 196
68 198
68 199
69 71
69 72
69 73
69 75
69 76
69 77
69 78
69 79
69 80
69 83
69 84
69 85
69 89
69 91
69 92
69 93
69 95
69 97
69 98
69 99
69 101
69 102
69 103
69 104
69 106
69 107
69 109
69 111
69 112
69 113
69 115
69 116
69 119
69 121
69 124
69 125
69 126
69 128
69 130
69 131
69 132
69 135
69 136
69 137
69 138
69 139
69 140
69 141
69 142
69 143
69 144
69 145
69 148
69 152
69 153
69 156
69 157
69 159
69 160
69 162
69 163
69 164
69 165
69 166
69 168
69 169
69 170
69 173
69 174
69 175
69 177
69 178
69 179
69 181
69 183
69 184
69 186
69 188
69 190
69 191
69 194
69 195
69 196
69 197
70 75
70 77
70 79
70 80
70 81
70 82
70 83
70 84
70 85
70 86
70 87
70 88
70 90
70 91
70 92
70 94
70 95
70 97
70 98
70 99
70 102
70 103
70 104
70 105
70 106
70 108
70 109
70 110
70 114
70 118
70 119
70 120
70 121
70 122
70 123
70 124
70 126
70 127
70 128
70 130
70 131
70 132
70 133
70 135
70 138
70 139
70 142
70 143
70 144
70 145
70 147
70 148
70 151
70 152
70 153
70 154
70 155
70 156
70 160
70 162
70 163
70 164
70 165
70 167
70 169
70 170
70 171
70 172
70 174
70 177
70 178
70 179
70 180
70 181
70 182
70 183
70 188
70 191
70 193
70 195
70 196
70 197
70 198
71 73
71 75
71 77
71 81
71 86
71 87
71 88
71 89
71 92
71 101
71 103
71 105
71 106
71 108
71 109
71 113
71 115
71 120
71 122
71 123
71 124
71 125
71 127
71 129
71 131
71 135
71 136
71 137
71 142
71 143
71 144
71 145
71 146
71 148
71 151
71 152
71 153
71 157
71 160
71 161
71 162
71 163
71 164
71 166
71 167
71 168
71 169
71 170
71 171
71 172
71 173
71 174
71 175
71 177
71 178
71 180
71 183
71 184
71 185
71 186
71 187
71 188
71 189
71 192
71 195
71 196
71 199
72 73
72 76
72 78
72 81
72 82
72 84
72 86
72 88
72 90
72 92
72 93
72 94
72 95
72 96
72 97
72 99
72 100
72 101
72 103
72 105
72 106
72 108
72 110
72 111
72 115
72 116
72 117
72 118
72 119
72 121
72 123
72 124
72 126
72 130
72 131
72 133
72 134
72 135
72 138
72 139
72 140
72 141
72 146
72 152
72 154
72 156
72 157
72 158
72 159
72 162
72 163
72 164
72 166
72 167
72 168
72 169
72 170
72 171
72 172
72 173
72 174
72 175
72 178
72 181
72 182
72 183
72 187
72 189
72 191
72 192
72 193
72 196
72 197
72 198
72 199
73 74
73 76
73 77
73 78
73 79
73 80
73 84
73 85
73 88
73 89
73 90
73 91
73 94
73 98
73 99
73 100
73 101
73 102
73 104
73 106
73 109
73 110
73 111
73 113
73 114
73 115
73 116
73 117
73 118
73 119
73 120
73 121
73 123
73 126
73 128
73 129
73 130
73 132
73 133
73 134
73 137
73 138
73 141
73 142
73 143
73 144
73 146
73 150
73 151
73 152
73 154
73 155
73 157
73 158
73 159
73 161
73 163
73 166
73 168
73 169
73 171
73 172
73 176
73 177
73 178
73 179
73 181
73 182
73 183
73 185
73 186
73 187
73 188
73 190
73 192
73 193
73 198
73 199
74 76
74 79
74 81
74 83
74 84
74 86
74 87
74 89
74 92
74 93
74 94
74 96
74 97
74 99
74 101
74 102
74 107
74 110
74 113
74 116
74 117
74 118
74 119
74 120
74 122
74 123
74 125
74 126
74 129
74 130
74 132
74 133
74 134
74 142
74 143
74 145
74 148
74 153
74 155
74 158
74 159
74 160
74 161
74 162
74 164
74 165
74 167
74 169
74 171
74 174
74 175
74 177
74 179
74 181
74 182
74 183
74 184
74 185
74 187
74 189
74 190
74 192
74 194
74 197
74 198
74 199
75 77
75 81
75 82
75 84
75 85
75 90
75 91
75 92
75 94
75 96
75 97
75 100
75 102
75 104
75 105
75 106
75 107
75 109
75 111
75 112
75 116
75 117
75 118
75 119
75 120
75 122
75 123
75 124
75 125
75 127
75 129
75 130
75 132
75 133
75 134
75 136
75 137
75 138
75 139
75 140
75 143
75 145
75 146
75 149
75 151
75 152
75 154
75 155
75 156
75 158
75 160
75 163
75 164
75 165
75 166
75 167
75 168
75 169
75 170
75 171
75 173
75 177
75 178
75 180
75 181
75 183
75 188
75 191
75 193
75 196
75 197
75 199
76 82
76 85
76 87
76 88
76 90
76 94
76 96
76 97
76 98
76 99
76 100
76 101
76 103
76 104
76 107
76 108
76 111
76 113
76 114
76 117
76 118
76 119
76 120
76 121
76 123
76 125
76 126
76 127
76 128
76 129
76 130
76 131
76 133
76 134
76 135
76 136
76 137
76 138
76 139
76 142
76 143
76 144
76 145
76 147
76 150
76 151
76 152
76 155
76 156
76 158
76 159
76 161
76 162
76 163
76 164
76 166
76 168
76 169
76 170
76 172
76 174
76 175
76 177
76 180
76 182
76 183
76 185
76 186
76 187
76 188
76 189
76 191
76 192
76 194
76 196
77 78
77 82
77 84
77 86
77 87
77 88
77 89
77 90
77 93
77 95
77 99
77 102
77 103
77 105
77 107
77 110
77 112
77 117
77 118
77 120
77 122
77 123
77 128
77 129
77 131
77 132
77 133
77 134
77 135
77 136
77 137
77 138
77 139
77 143
77 145
77 147
77 149
77 150
77 152
77 153
77 154
77 156
77 157
77 158
77 159
77 164
77 165
77 166
77 168
77 170
77 171
77 172
77 174
77 178
77 179
77 182
77 183
77 184
77 186
77 188
77 190
77 192
77 193
77 194
77 195
77 196
77 197
77 199
78 80
78 82
78 83
78 85
78 90
78 91
78 93
78 95
78 96
78 97
78 99
78 100
78 103
78 104
78 105
78 107
78 108
78 111
78 112
78 113
78 114
78 115
78 116
78 119
78 121
78 123
78 125
78 126
78 131
78 133
78 134
78 136
78 137
78 141
78 143
78 144
78 145
78 148
78 153
78 155
78 156
78 157
78 159
78 161
78 162
78 163
78 165
78 168
78 171
78 172
78 180
78 182
78 183
78 184
78 185
78 186
78 187
78 188
78 189
78 190
78 193
78 195
78 196
78 199
79 80
79 81
79 84
79 86
79 87
79 88
79 89
79 91
79 92
79 94
79 95
79 96
79 97
79 98
79 99
79 100
79 101
79 102
79 104
79 105
79 106
79 107
79 109
79 113
79 114
79 115
79 116
79 117
79 118
79 119
79 122
79 123
79 127
79 131
79 136
79 137
79 139
79 140
79 141
79 142
79 143
79 144
79 145
79 146
79 147
79 149
79 150
79 152
79 155
79 158
79 160
79 162
79 164
79 165
79 168
79 170
79 171
79 173
79 174
79 180
79 181
79 182
79 183
79 186
79 187
79 191
79 192
79 194
79 196
79 197
79 199
80 82
80 84
80 85
80 86
80 87
80 88
80 89
80 90
80 91
80 92
80 93
80 95
80 96
80 99
80 101
80 102
80 104
80 106
80 107
80 108
80 109
80 110
80 111
80 112
80 113
80 114
80 115
80 117
80 118
80 119
80 120
80 121
80 124
80 125
80 127
80 128
80 129
80 130
80 132
80 134
80 135
80 136
80 138
80 139
80 143
80 144
80 145
80 146
80 147
80 148
80 153
80 155
80 159
80 168
80 174
80 175
80 176
80 177
80 178
80 179
80 180
80 181
80 187
80 191
80 193
80 194
80 196
80 197
80 198
81 82
81 83
81 84
81 86
81 87
81 88
81 89
81 90
81 91
81 93
81 94
81 96
81 97
81 98
81 99
81 100
81 101
81 102
81 103
81 105
81 108
81 109
81 110
81 113
81 116
81 117
81 118
81 119
81 120
81 121
81 123
81 124
81 131
81 133
81 134
81 135
81 138
81 139
81 141
81 142
81 143
81 145
81 146
81 147
81 148
81 150
81 151
81 153
81 162
81 164
81 165
81 166
81 167
81 168
81 169
81 170
81 174
81 175
81 177
81 178
81 179
81 181
81 182
81 183
81 185
81 186
81 187
81 188
81 189
81 192
81 193
81 194
81 195
81 196
81 198
81 199
82 83
82 87
82 89
82 90
82 91
82 92
82 94
82 95
82 96
82 97
82 99
82 101
82 102
82 103
82 106
82 107
82 108
82 110
82 111
82 112
82 114
82 115
82 117
82 119
82 120
82 121
82 122
82 123
82 124
82 127
82 128
82 130
82 131
82 132
82 133
82 135
82 136
82 138
82 139
82 140
82 143
82 144
82 145
82 147
82 148
82 149
82 150
82 154
82 155
82 156
82 157
82 159
82 160
82 161
82 162
82 164
82 165
82 166
82 168
82 169
82 170
82 173
82 175
82 177
82 178
82 179
82 181
82 185
82 186
82 188
82 189
82 193
82 194
82 195
82 196
82 197
82 198
83 84
83 85
83 87
83 88
83 89
83 90
83 92
83 94
83 95
83 96
83 100
83 102
83 104
83 107
83 111
83 114
83 115
83 116
83 119
83 120
83 122
83 123
83 124
83 125
83 126
83 127
83 128
83 130
83 131
83 132
83 134
83 137
83 141
83 143
83 144
83 145
83 146
83 152
83 153
83 157
83 159
83 160
83 161
83 162
83 163
83 164
83 166
83 167
83 168
83 171
83 172
83 173
83 174
83 175
83 176
83 178
83 180
83 182
83 185
83 186
83 187
83 188
83 190
83 193
83 195
83 197
83 198
83 199
84 85
84 86
84 88
84 90
84 92
84 93
84 95
84 97
84 99
84 100
84 101
84 102
84 103
84 104
84 106
84 107
84 108
84 114
84 116
84 117
84 118
84 119
84 120
84 121
84 122
84 123
84 126
84 127
84 128
84 129
84 131
84 133
84 134
84 135
84 136
84 137
84 139
84 141
84 142
84 143
84 144
84 145
84 146
84 148
84 150
84 151
84 152
84 154
84 157
84 161
84 164
84 165
84 166
84 167
84 168
84 169
84 171
84 174
84 176
84 177
84 180
84 181
84 184
84 186
84 188
84 189
84 192
84 193
84 195
84 197
84 199
85 88
85 89
85 91
85 92
85 96
85 97
85 98
85 100
85 101
85 103
85 104
85 105
85 107
85 108
85 109
85 110
85 111
85 112
85 115
85 116
85 117
85 119
85 121
85 123
85 124
85 125
85 126
85 128
85 130
85 131
85 132
85 137
85 139
85 140
85 141
85 143
85 144
85 145
85 146
85 149
85 150
85 151
85 152
85 153
85 156
85 157
85 159
85 160
85 162
85 163
85 164
85 166
85 167
85 168
85 169
85 170
85 171
85 172
85 173
85 175
85 177
85 178
85 180
85 183
85 184
85 185
85 186
85 188
85 189
85 191
85 192
85 194
85 195
85 197
85 199
86 87
86 88
86 90
86 94
86 95
86 96
86 97
86 98
86 100
86 103
86 105
86 106
86 107
86 109
86 110
86 111
86 112
86 113
86 114
86 115
86 116
86 117
86 120
86 121
86 122
86 123
86 124
86 125
86 126
86 128
86 129
86 130
86 132
86 134
86 136
86 137
86 139
86 140
86 146
86 149
86 150
86 153
86 156
86 157
86 158
86 159
86 160
86 162
86 163
86 165
86 166
86 168
86 170
86 171
86 174
86 176
86 177
86 178
86 179
86 180
86 181
86 184
86 186
86 188
86 189
86 191
86 193
86 197
87 88
87 89
87 90
87 91
87 92
87 93
87 96
87 99
87 100
87 101
87 102
87 103
87 105
87 106
87 111
87 112
87 114
87 115
87 118
87 119
87 122
87 126
87 128
87 129
87 133
87 136
87 137
87 140
87 141
87 142
87 143
87 144
87 147
87 149
87 155
87 156
87 157
87 160
87 161
87 162
87 163
87 164
87 165
87 166
87 167
87 170
87 171
87 175
87 179
87 180
87 181
87 186
87 187
87 189
87 190
87 191
87 192
87 193
87 199
88 89
88 90
88 91
88 92
88 93
88 94
88 95
88 96
88 101
88 105
88 106
88 108
88 110
88 111
88 113
88 114
88 117
88 119
88 120
88 122
88 123
88 124
88 125
88 127
88 128
88 129
88 130
88 131
88 132
88 135
88 136
88 137
88 138
88 142
88 144
88 145
88 146
88 148
88 149
88 150
88 151
88 153
88 154
88 156
88 158
88 161
88 163
88 166
88 168
88 169
88 173
88 176
88 177
88 178
88 179
88 180
88 181
88 183
88 184
88 185
88 188
88 193
88 197
88 199
89 92
89 98
89 99
89 100
89 101
89 103
89 104
89 105
89 106
89 109
89 110
89 111
89 112
89 114
89 117
89 119
89 120
89 121
89 124
89 126
89 127
89 130
89 131
89 132
89 135
89 136
89 138
89 139
89 140
89 141
89 142
89 147
89 150
89 151
89 152
89 153
89 155
89 157
89 158
89 159
89 160
89 161
89 162
89 164
89 167
89 168
89 170
89 171
89 172
89 174
89 175
89 176
89 177
89 178
89 179
89 180
89 185
89 187
89 188
89 190
89 192
89 194
89 196
89 198
90 92
90 93
90 94
90 95
90 97
90 100
90 101
90 103
90 104
90 105
90 107
90 108
90 110
90 111
90 114
90 119
90 120
90 121
90 123
90 125
90 126
90 127
90 128
90 131
90 132
90 134
90 135
90 138
90 139
90 140
90 141
90 143
90 144
90 146
90 148
90 149
90 150
90 151
90 153
90 154
90 155
90 157
90 159
90 160
90 162
90 163
90 165
90 167
90 168
90 169
90 171
90 174
90 177
90 178
90 180
90 182
90 184
90 185
90 187
90 188
90 189
90 190
90 191
90 195
90 197
90 198
91 92
91 93
91 95
91 96
91 97
91 99
91 100
91 102
91 103
91 106
91 107
91 108
91 109
91 110
91 111
91 112
91 113
91 114
91 115
91 116
91 119
91 120
91 122
91 123
91 125
91 127
91 129
91 130
91 131
91 132
91 135
91 136
91 137
91 139
91 140
91 142
91 143
91 144
91 146
91 147
91 148
91 150
91 154
91 155
91 158
91 159
91 161
91 162
91 165
91 166
91 168
91 169
91 171
91 172
91 174
91 175
91 179
91 180
91 182
91 183
91 184
91 189
91 192
91 193
91 194
91 195
91 196
91 199
92 93
92 94
92 95
92 97
92 99
92 101
92 102
92 103
92 105
92 107
92 108
92 109
92 111
92 115
92 117
92 120
92 121
92 125
92 126
92 127
92 129
92 130
92 132
92 133
92 136
92 137
92 139
92 140
92 141
92 146
92 147
92 149
92 150
92 151
92 152
92 153
92 154
92 155
92 156
92 159
92 160
92 161
92 162
92 164
92 169
92 170
92 172
92 173
92 175
92 176
92 177
92 178
92 179
92 180
92 181
92 182
92 183
92 184
92 185
92 186
92 187
92 188
92 190
92 192
92 194
92 195
92 198
92 199
93 94
93 95
93 97
93 102
93 104
93 105
93 106
93 107
93 108
93 110
93 111
93 112
93 113
93 115
93 119
93 121
93 124
93 125
93 127
93 128
93 129
93 130
93 132
93 134
93 139
93 141
93 142
93 144
93 145
93 147
93 148
93 149
93 150
93 151
93 152
93 157
93 158
93 159
93 160
93 161
93 162
93 165
93 166
93 167
93 168
93 169
93 171
93 172
93 175
93 176
93 177
93 180
93 181
93 182
93 183
93 185
93 189
93 192
93 194
93 196
93 197
94 95
94 96
94 97
94 98
94 99
94 101
94 102
94 103
94 105
94 106
94 107
94 109
94 111
94 112
94 113
94 119
94 120
94 121
94 122
94 123
94 124
94 125
94 126
94 127
94 129
94 130
94 131
94 133
94 134
94 135
94 138
94 139
94 140
94 143
94 146
94 148
94 149
94 152
94 154
94 155
94 159
94 160
94 161
94 162
94 166
94 167
94 168
94 169
94 170
94 171
94 172
94 173
94 176
94 178
94 180
94 181
94 182
94 183
94 184
94 185
94 186
94 187
94 188
94 189
94 190
94 191
94 192
94 194
94 195
94 198
94 199
95 96
95 97
95 98
95 103
95 105
95 108
95 110
95 112
95 115
95 116
95 117
95 118
95 120
95 121
95 122
95 124
95 125
95 126
95 127
95 128
95 131
95 133
95 134
95 136
95 137
95 138
95 139
95 140
95 141
95 145
95 146
95 147
95 151
95 152
95 153
95 154
95 155
95 157
95 158
95 159
95 160
95 161
95 162
95 163
95 164
95 165
95 167
95 168
95 169
95 170
95 171
95 172
95 173
95 174
95 175
95 179
95 182
95 183
95 184
95 185
95 186
95 188
95 193
95 194
95 197
95 198
95 199
96 97
96 98
96 99
96 100
96 102
96 103
96 104
96 106
96 109
96 111
96 112
96 114
96 115
96 116
96 117
96 118
96 119
96 120
96 121
96 122
96 123
96 124
96 127
96 128
96 129
96 131
96 132
96 133
96 136
96 137
96 138
96 140
96 142
96 143
96 144
96 145
96 146
96 147
96 148
96 150
96 151
96 154
96 155
96 156
96 157
96 158
96 159
96 160
96 161
96 166
96 168
96 169
96 171
96 173
96 174
96 175
96 176
96 178
96 179
96 180
96 181
96 183
96 184
96 185
96 186
96 187
96 188
96 190
96 195
96 196
96 197
96 198
97 100
97 101
97 103
97 106
97 107
97 109
97 110
97 111
97 112
97 113
97 115
97 117
97 119
97 121
97 122
97 123
97 124
97 125
97 127
97 130
97 132
97 133
97 134
97 135
97 136
97 137
97 139
97 140
97 141
97 143
97 147
97 148
97 149
97 150
97 152
97 153
97 154
97 157
97 160
97 161
97 165
97 167
97 168
97 170
97 171
97 172
97 173
97 175
97 176
97 177
97 178
97 180
97 181
97 182
97 183
97 186
97 187
97 188
97 190
97 191
97 194
97 195
97 198
97 199
98 100
98 101
98 105
98 108
98 109
98 111
98 112
98 113
98 115
98 116
98 117
98 118
98 119
98 121
98 122
98 123
98 124
98 126
98 130
98 131
98 132
98 133
98 135
98 136
98 137
98 138
98 139
98 142
98 143
98 149
98 151
98 152
98 153
98 155
98 156
98 158
98 162
98 163
98 164
98 166
98 167
98 168
98 169
98 171
98 173
98 174
98 175
98 176
98 177
98 178
98 180
98 181
98 182
98 183
98 186
98 187
98 188
98 189
98 193
98 194
98 195
98 196
98 197
98 198
99 100
99 101
99 102
99 103
99 104
99 105
99 107
99 108
99 109
99 110
99 111
99 113
99 116
99 117
99 118
99 119
99 120
99 121
99 122
99 125
99 126
99 127
99 128
99 134
99 135
99 136
99 137
99 138
99 139
99 142
99 143
99 144
99 145
99 146
99 148
99 149
99 151
99 152
99 153
99 154
99 160
99 163
99 164
99 165
99 168
99 169
99 170
99 172
99 174
99 175
99 176
99 185
99 186
99 188
99 191
99 192
99 197
99 199
100 101
100 103
100 104
100 105
100 106
100 107
100 110
100 111
100 112
100 114
100 115
100 117
100 118
100 119
100 120
100 124
100 125
100 126
100 127
100 129
100 130
100 133
100 134
100 135
100 136
100 137
100 139
100 140
100 141
100 142
100 143
100 144
100 146
100 148
100 150
100 151
100 152
100 154
100 156
100 158
100 159
100 162
100 164
100 165
100 169
100 170
100 171
100 172
100 173
100 174
100 175
100 179
100 180
100 181
100 182
100 186
100 187
100 191
100 194
100 195
100 196
100 197
100 198
101 102
101 105
101 106
101 107
101 108
101 109
101 110
101 111
101 112
101 113
101 114
101 115
101 116
101 117
101 118
101 119
101 121
101 122
101 124
101 126
101 127
101 128
101 129
101 131
101 132
101 134
101 135
101 136
101 138
101 139
101 140
101 141
101 143
101 144
101 146
101 147
101 148
101 152
101 153
101 155
101 156
101 157
101 158
101 159
101 160
101 162
101 163
101 164
101 165
101 166
101 168
101 169
101 170
101 175
101 176
101 179
101 181
101 182
101 183
101 184
101 185
101 187
101 188
101 191
101 193
101 197
101 198
101 199
102 103
102 104
102 106
102 109
102 110
102 111
102 113
102 115
102 119
102 120
102 122
102 123
102 124
102 127
102 130
102 131
102 132
102 135
102 136
102 137
102 138
102 140
102 141
102 142
102 143
102 144
102 145
102 147
102 148
102 149
102 151
102 152
102 153
102 156
102 157
102 160
102 163
102 164
102 165
102 166
102 167
102 168
102 169
102 171
102 172
102 173
102 174
102 175
102 176
102 177
102 178
102 179
102 182
102 183
102 184
102 185
102 186
102 187
102 188
102 191
102 192
102 193
102 194
102 195
102 196
103 105
103 107
103 113
103 114
103 115
103 117
103 118
103 119
103 122
103 125
103 126
103 128
103 129
103 135
103 136
103 138
103 141
103 143
103 145
103 146
103 148
103 149
103 150
103 151
103 152
103 156
103 157
103 158
103 160
103 161
103 163
103 164
103 167
103 168
103 170
103 171
103 174
103 175
103 177
103 178
103 179
103 180
103 181
103 182
103 184
103 186
103 188
103 189
103 190
103 191
103 192
103 193
103 194
103 195
103 198
104 105
104 106
104 107
104 109
104 110
104 111
104 112
104 113
104 114
104 115
104 116
104 118
104 120
104 121
104 125
104 128
104 130
104 131
104 133
104 135
104 137
104 138
104 140
104 141
104 142
104 143
104 144
104 146
104 148
104 149
104 150
104 151
104 152
104 154
104 155
104 156
104 157
104 159
104 161
104 163
104 164
104 165
104 166
104 168
104 169
104 170
104 171
104 172
104 173
104 174
104 175
104 178
104 179
104 180
104 181
104 182
104 184
104 185
104 187
104 189
104 190
104 192
104 193
104 195
104 199
105 106
105 109
105 110
105 111
105 112
105 113
105 114
105 115
105 116
105 118
105 119
105 120
105 121
105 122
105 123
105 126
105 127
105 129
105 131
105 132
105 134
105 135
105 137
105 138
105 139
105 140
105 141
105 143
105 144
105 147
105 148
105 149
105 151
105 152
105 153
105 154
105 156
105 160
105 161
105 164
105 165
105 166
105 167
105 169
105 170
105 171
105 172
105 175
105 176
105 178
105 179
105 180
105 182
105 184
105 185
105 186
105 187
105 190
105 191
105 195
105 196
105 197
105 198
106 108
106 110
106 111
106 112
106 113
106 114
106 116
106 117
106 118
106 120
106 121
106 126
106 127
106 130
106 131
106 132
106 134
106 135
106 136
106 137
106 139
106 143
106 144
106 146
106 147
106 148
106 150
106 151
106 152
106 154
106 156
106 158
106 159
106 160
106 164
106 167
106 168
106 169
106 171
106 172
106 175
106 178
106 179
106 181
106 182
106 183
106 184
106 185
106 186
106 188
106 189
106 190
106 193
106 194
106 195
106 196
106 197
106 198
107 110
107 116
107 117
107 120
107 122
107 123
107 124
107 125
107 126
107 128
107 130
107 132
107 134
107 135
107 140
107 143
107 147
107 150
107 151
107 152
107 154
107 156
107 158
107 159
107 162
107 165
107 166
107 167
107 168
107 172
107 173
107 175
107 177
107 178
107 179
107 180
107 181
107 182
107 184
107 187
107 189
107 191
107 192
107 194
107 197
107 199
108 109
108 111
108 112
108 113
108 114
108 115
108 116
108 117
108 118
108 119
108 120
108 121
108 124
108 125
108 126
108 129
108 131
108 132
108 134
108 137
108 138
108 139
108 140
108 141
108 142
108 143
108 144
108 145
108 146
108 149
108 150
108 151
108 154
108 155
108 158
108 159
108 160
108 162
108 163
108 164
108 165
108 167
108 170
108 173
108 175
108 178
108 179
108 180
108 181
108 182
108 183
108 185
108 186
108 187
108 188
108 189
108 190
108 191
108 192
108 193
108 194
108 195
108 196
108 197
108 198
108 199
109 110
109 112
109 115
109 116
109 117
109 120
109 121
109 122
109 123
109 125
109 126
109 129
109 130
109 131
109 132
109 133
109 135
109 136
109 137
109 138
109 139
109 140
109 142
109 144
109 145
109 146
109 147
109 148
109 149
109 150
109 151
109 154
109 155
109 156
109 162
109 163
109 164
109 165
109 167
109 168
109 169
109 170
109 171
109 172
109 175
109 176
109 177
109 178
109 180
109 181
109 183
109 185
109 186
109 188
109 189
109 191
109 194
109 196
109 197
109 199
110 113
110 116
110 117
110 118
110 123
110 124
110 125
110 127
110 128
110 130
110 131
110 134
110 135
110 137
110 138
110 139
110 140
110 142
110 143
110 145
110 146
110 148
110 149
110 154
110 158
110 159
110 160
110 161
110 164
110 166
110 167
110 168
110 170
110 171
110 172
110 174
110 176
110 177
110 178
110 180
110 182
110 184
110 185
110 188
110 190
110 191
110 193
110 198
111 113
111 114
111 115
111 116
111 117
111 119
111 120
111 122
111 123
111 124
111 125
111 126
111 128
111 129
111 130
111 131
111 134
111 136
111 137
111 139
111 141
111 142
111 144
111 145
111 146
111 147
111 148
111 151
111 153
111 155
111 156
111 158
111 159
111 160
111 162
111 163
111 165
111 166
111 167
111 168
111 170
111 171
111 174
111 175
111 176
111 177
111 178
111 179
111 180
111 187
111 188
111 189
111 190
111 191
111 193
111 195
111 197
111 198
111 199
112 114
112 117
112 118
112 119
112 121
112 122
112 123
112 125
112 126
112 127
112 129
112 134
112 136
112 140
112 141
112 142
112 144
112 145
112 146
112 149
112 150
112 151
112 152
112 153
112 154
112 155
112 156
112 157
112 159
112 160
112 161
112 163
112 165
112 166
112 167
112 170
112 171
112 174
112 175
112 176
112 177
112 180
112 182
112 184
112 185
112 186
112 188
112 189
112 190
112 192
112 195
112 196
112 197
112 199
113 114
113 116
113 118
113 119
113 120
113 123
113 124
113 128
113 131
113 132
113 133
113 134
113 135
113 138
113 139
113 140
113 142
113 144
113 145
113 146
113 148
113 149
113 151
113 153
113 154
113 156
113 157
113 158
113 160
113 163
113 164
113 166
113 168
113 169
113 170
113 171
113 172
113 174
113 176
113 178
113 179
113 180
113 181
113 182
113 183
113 184
113 185
113 186
113 187
113 188
113 190
113 191
113 193
113 195
113 196
113 197
113 198
113 199
114 115
114 120
114 121
114 125
114 126
114 127
114 129
114 134
114 135
114 137
114 140
114 144
114 147
114 151
114 155
114 157
114 158
114 159
114 160
114 161
114 162
114 166
114 167
114 168
114 169
114 170
114 173
114 175
114 177
114 178
114 181
114 183
114 184
114 186
114 187
114 190
114 192
114 193
114 194
114 195
114 198
115 116
115 117
115 118
115 119
115 123
115 124
115 125
115 126
115 127
115 128
115 129
115 134
115 135
115 136
115 137
115 139
115 141
115 143
115 144
115 149
115 150
115 152
115 153
115 155
115 156
115 160
115 165
115 167
115 169
115 172
115 173
115 174
115 175
115 179
115 180
115 183
115 184
115 185
115 192
115 195
115 197
115 198
115 199
116 117
116 120
116 123
116 124
116 125
116 126
116 127
116 129
116 130
116 132
116 134
116 137
116 138
116 139
116 140
116 142
116 143
116 144
116 145
116 146
116 148
116 149
116 150
116 152
116 156
116 158
116 159
116 160
116 163
116 164
116 165
116 166
116 169
116 173
116 174
116 176
116 177
116 178
116 180
116 181
116 182
116 184
116 187
116 189
116 190
116 192
116 193
116 194
116 197
116 198
116 199
117 118
117 119
117 121
117 122
117 123
117 126
117 128
117 129
117 130
117 132
117 134
117 135
117 136
117 138
117 141
117 143
117 144
117 145
117 146
117 147
117 148
117 149
117 150
117 155
117 157
117 161
117 162
117 163
117 164
117 167
117 168
117 170
117 171
117 173
117 176
117 178
117 179
117 181
117 182
117 183
117 184
117 187
117 188
117 190
117 191
117 192
117 193
117 194
117 195
117 196
117 197
117 199
118 119
118 121
118 124
118 126
118 128
118 129
118 130
118 132
118 133
118 134
118 135
118 136
118 137
118 138
118 141
118 143
118 145
118 146
118 147
118 148
118 149
118 150
118 151
118 152
118 155
118 156
118 157
118 159
118 161
118 162
118 164
118 165
118 168
118 169
118 170
118 171
118 172
118 173
118 174
118 177
118 179
118 181
118 182
118 183
118 187
118 189
118 190
118 192
118 194
118 196
118 197
118 199
119 120
119 121
119 122
119 123
119 126
119 128
119 131
119 132
119 133
119 134
119 135
119 137
119 138
119 141
119 143
119 145
119 147
119 151
119 152
119 153
119 155
119 156
119 157
119 159
119 161
119 162
119 163
119 164
119 166
119 167
119 169
119 171
119 173
119 175
119 176
119 178
119 179
119 180
119 181
119 182
119 183
119 184
119 185
119 188
119 190
119 192
119 196
119 198
119 199
120 122
120 124
120 125
120 126
120 127
120 128
120 129
120 130
120 134
120 135
120 137
120 138
120 141
120 142
120 143
120 144
120 145
120 146
120 148
120 150
120 151
120 152
120 155
120 156
120 157
120 158
120 159
120 160
120 162
120 163
120 165
120 166
120 167
120 169
120 170
120 171
120 172
120 175
120 176
120 180
120 181
120 182
120 184
120 185
120 187
120 189
120 190
120 191
120 195
120 197
120 199
121 123
121 126
121 127
121 128
121 130
121 133
121 134
121 139
121 141
121 142
121 143
121 148
121 150
121 151
121 152
121 154
121 157
121 158
121 159
121 162
121 163
121 165
121 169
121 171
121 173
121 175
121 177
121 178
121 182
121 184
121 185
121 187
121 188
121 190
121 191
121 192
121 193
121 197
121 199
122 123
122 124
122 127
122 128
122 129
122 130
122 131
122 132
122 134
122 135
122 136
122 137
122 138
122 141
122 142
122 143
122 145
122 148
122 149
122 151
122 152
122 153
122 154
122 156
122 157
122 159
122 162
122 163
122 165
122 166
122 168
122 169
122 170
122 171
122 172
122 173
122 176
122 177
122 179
122 183
122 184
122 186
122 188
122 189
122 190
122 191
122 192
122 193
122 194
122 195
123 125
123 126
123 127
123 129
123 131
123 133
123 135
123 136
123 137
123 139
123 140
123 142
123 144
123 147
123 158
123 161
123 163
123 168
123 169
123 171
123 172
123 173
123 176
123 178
123 181
123 184
123 186
123 187
123 188
123 190
123 191
123 192
123 193
123 194
123 195
123 196
123 197
123 198
123 199
124 128
124 130
124 131
124 132
124 136
124 141
124 142
124 143
124 145
124 147
124 149
124 150
124 151
124 152
124 153
124 155
124 156
124 157
124 159
124 161
124 162
124 165
124 166
124 167
124 168
124 169
124 170
124 171
124 172
124 173
124 174
124 175
124 178
124 179
124 180
124 182
124 183
124 184
124 185
124 187
124 188
124 189
124 190
124 191
124 192
124 193
124 194
124 197
124 198
124 199
125 126
125 128
125 129
125 131
125 133
125 134
125 135
125 137
125 138
125 139
125 146
125 147
125 148
125 149
125 150
125 154
125 155
125 157
125 159
125 160
125 162
125 163
125 164
125 165
125 167
125 171
125 172
125 173
125 174
125 175
125 177
125 178
125 179
125 180
125 182
125 183
125 185
125 186
125 188
125 189
125 190
125 191
125 192
125 194
125 196
125 198
126 129
126 133
126 135
126 136
126 138
126 139
126 140
126 141
126 143
126 145
126 146
126 149
126 150
126 151
126 156
126 157
126 158
126 160
126 164
126 165
126 166
126 167
126 168
126 169
126 172
126 173
126 174
126 175
126 177
126 178
126 180
126 181
126 184
126 186
126 187
126 190
126 191
126 192
126 193
126 194
127 128
127 129
127 130
127 131
127 132
127 136
127 137
127 138
127 139
127 141
127 146
127 147
127 148
127 150
127 151
127 152
127 153
127 154
127 155
127 158
127 159
127 161
127 162
127 165
127 166
127 167
127 168
127 169
127 172
127 173
127 174
127 175
127 178
127 181
127 184
127 185
127 186
127 187
127 188
127 190
127 191
127 192
127 195
127 196
127 197
127 198
127 199
128 129
128 130
128 131
128 133
128 134
128 137
128 139
128 140
128 141
128 144
128 145
128 146
128 147
128 151
128 154
128 155
128 156
128 157
128 158
128 159
128 162
128 164
128 166
128 167
128 168
128 170
128 171
128 173
128 174
128 175
128 176
128 178
128 180
128 182
128 186
128 187
128 188
128 189
128 193
128 195
128 196
128 198
128 199
129 132
129 133
129 134
129 139
129 141
129 142
129 143
129 144
129 145
129 146
129 148
129 151
129 153
129 155
129 157
129 160
129 161
129 163
129 164
129 165
129 168
129 170
129 171
129 173
129 174
129 175
129 176
129 177
129 178
129 179
129 180
129 181
129 182
129 183
129 184
129 185
129 186
129 189
129 191
129 193
129 195
129 197
129 199
130 131
130 132
130 135
130 136
130 138
130 139
130 140
130 141
130 143
130 144
130 147
130 148
130 149
130 157
130 158
130 159
130 161
130 165
130 169
130 173
130 174
130 175
130 176
130 178
130 181
130 182
130 183
130 184
130 186
130 187
130 189
130 190
130 191
130 194
130 195
130 196
130 199
131 132
131 133
131 136
131 137
131 139
131 140
131 141
131 142
131 144
131 145
131 146
131 148
131 149
131 155
131 156
131 157
131 158
131 161
131 162
131 163
131 166
131 167
131 168
131 170
131 171
131 172
131 173
131 175
131 177
131 179
131 184
131 187
131 188
131 189
131 191
131 192
131 193
131 196
131 198
131 199
132 133
132 138
132 140
132 144
132 146
132 148
132 149
132 150
132 151
132 152
132 155
132 159
132 162
132 163
132 169
132 175
132 178
132 179
132 180
132 182
132 183
132 184
132 185
132 186
132 187
132 188
132 189
132 190
132 191
132 192
132 193
132 194
132 195
132 196
132 197
132 198
132 199
133 134
133 135
133 136
133 139
133 142
133 143
133 145
133 147
133 149
133 150
133 152
133 153
133 154
133 155
133 156
133 158
133 160
133 162
133 163
133 164
133 165
133 166
133 168
133 169
133 170
133 171
133 173
133 178
133 180
133 181
133 183
133 186
133 187
133 188
133 193
133 194
133 195
133 196
133 199
134 135
134 136
134 137
134 138
134 139
134 140
134 141
134 142
134 144
134 146
134 149
134 151
134 153
134 155
134 156
134 158
134 159
134 161
134 163
134 164
134 165
134 167
134 168
134 169
134 171
134 172
134 173
134 175
134 176
134 179
134 180
134 181
134 183
134 185
134 187
134 189
134 190
134 191
134 192
134 196
134 198
134 199
135 136
135 137
135 138
135 140
135 143
135 144
135 146
135 147
135 148
135 150
135 151
135 153
135 156
135 157
135 160
135 161
135 163
135 164
135 165
135 166
135 167
135 168
135 170
135 171
135 172
135 175
135 177
135 179
135 180
135 181
135 182
135 183
135 185
135 189
135 190
135 191
135 194
135 195
135 198
136 138
136 140
136 141
136 146
136 147
136 148
136 149
136 150
136 152
136 153
136 155
136 157
136 158
136 159
136 161
136 162
136 163
136 166
136 170
136 171
136 175
136 177
136 178
136 181
136 183
136 184
136 185
136 188
136 189
136 191
136 192
136 193
136 195
136 197
136 199
137 138
137 139
137 142
137 144
137 145
137 146
137 148
137 149
137 150
137 152
137 153
137 156
137 158
137 161
137 164
137 165
137 169
137 170
137 172
137 177
137 179
137 180
137 181
137 182
137 183
137 185
137 188
137 189
137 190
137 191
137 193
137 195
137 196
138 139
138 140
138 142
138 143
138 145
138 147
138 150
138 151
138 152
138 153
138 156
138 158
138 159
138 160
138 161
138 163
138 164
138 165
138 166
138 168
138 170
138 172
138 173
138 176
138 177
138 178
138 179
138 180
138 181
138 182
138 183
138 185
138 186
138 189
138 191
138 192
138 193
138 194
138 197
138 199
139 140
139 142
139 144
139 145
139 148
139 150
139 152
139 153
139 156
139 157
139 158
139 160
139 162
139 163
139 164
139 167
139 168
139 169
139 172
139 173
139 174
139 176
139 177
139 179
139 180
139 183
139 184
139 185
139 188
139 191
139 192
139 194
139 195
139 197
139 199
140 141
140 143
140 144
140 146
140 147
140 149
140 150
140 153
140 154
140 159
140 160
140 163
140 164
140 165
140 167
140 169
140 170
140 171
140 172
140 180
140 181
140 183
140 184
140 185
140 186
140 187
140 191
140 195
140 196
140 197
141 144
141 145
141 146
141 147
141 151
141 152
141 153
141 154
141 156
141 159
141 163
141 164
141 165
141 167
141 170
141 173
141 174
141 176
141 177
141 178
141 179
141 181
141 182
141 183
141 184
141 185
141 186
141 187
141 188
141 189
141 190
141 191
141 192
141 194
141 195
141 197
141 198
141 199
142 143
142 144
142 147
142 148
142 149
142 151
142 152
142 154
142 155
142 158
142 159
142 162
142 163
142 164
142 165
142 166
142 167
142 168
142 169
142 171
142 172
142 174
142 177
142 180
142 181
142 184
142 185
142 187
142 188
142 189
142 192
142 193
142 194
142 196
143 144
143 147
143 148
143 150
143 151
143 153
143 155
143 156
143 157
143 158
143 159
143 160
143 161
143 162
143 163
143 164
143 169
143 172
143 174
143 175
143 178
143 180
143 182
143 183
143 184
143 185
143 187
143 188
143 189
143 190
143 192
143 194
143 195
143 198
143 199
144 145
144 146
144 148
144 151
144 153
144 154
144 155
144 156
144 158
144 159
144 160
144 163
144 164
144 170
144 173
144 174
144 179
144 180
144 183
144 186
144 188
144 189
144 190
144 192
144 193
144 194
144 197
144 198
144 199
145 147
145 148
145 151
145 153
145 154
145 156
145 158
145 160
145 161
145 162
145 163
145 166
145 167
145 168
145 170
145 175
145 176
145 177
145 181
145 182
145 183
145 184
145 185
145 186
145 187
145 189
145 192
145 193
145 195
145 196
145 198
145 199
146 149
146 150
146 154
146 155
146 156
146 157
146 159
146 162
146 163
146 166
146 167
146 171
146 172
146 177
146 178
146 182
146 183
146 185
146 188
146 189
146 190
146 191
146 192
146 193
146 194
146 195
146 196
146 198
147 148
147 149
147 150
147 153
147 154
147 155
147 156
147 157
147 158
147 160
147 161
147 162
147 164
147 172
147 174
147 176
147 178
147 179
147 182
147 183
147 186
147 187
147 189
147 190
147 191
147 193
147 196
147 197
147 199
148 149
148 150
148 153
148 156
148 157
148 158
148 159
148 160
148 161
148 162
148 163
148 165
148 166
148 167
148 168
148 169
148 170
148 171
148 172
148 174
148 175
148 176
148 178
148 179
148 181
148 182
148 183
148 185
148 187
148 189
148 190
148 191
148 193
148 194
148 195
148 197
149 152
149 153
149 154
149 156
149 159
149 160
149 163
149 164
149 169
149 172
149 176
149 177
149 178
149 180
149 183
149 184
149 185
149 186
149 187
149 190
149 191
149 193
149 194
149 195
149 197
149 198
149 199
150 153
150 154
150 155
150 157
150 159
150 161
150 162
150 164
150 168
150 169
150 170
150 172
150 173
150 175
150 177
150 179
150 182
150 183
150 186
150 187
150 189
150 190
150 191
150 193
150 194
150 195
150 196
150 197
150 199
151 152
151 154
151 155
151 156
151 157
151 158
151 159
151 160
151 161
151 163
151 164
151 165
151 166
151 167
151 168
151 169
151 170
151 172
151 173
151 174
151 175
151 176
151 177
151 178
151 180
151 181
151 182
151 184
151 185
151 186
151 187
151 188
151 189
151 190
151 192
151 194
151 195
151 196
151 197
151 198
151 199
152 154
152 155
152 156
152 159
152 160
152 162
152 163
152 164
152 166
152 167
152 168
152 169
152 171
152 172
152 173
152 175
152 177
152 178
152 179
152 180
152 181
152 182
152 183
152 184
152 185
152 186
152 187
152 189
152 190
152 191
152 193
152 195
152 197
152 199
153 154
153 155
153 158
153 161
153 165
153 167
153 168
153 169
153 170
153 175
153 177
153 178
153 179
153 180
153 181
153 182
153 183
153 186
153 188
153 189
153 191
153 192
153 193
153 197
153 198
154 155
154 158
154 160
154 161
154 162
154 163
154 164
154 165
154 166
154 167
154 169
154 172
154 173
154 175
154 177
154 178
154 182
154 184
154 186
154 188
154 189
154 190
154 194
154 195
154 196
154 197
154 199
155 156
155 158
155 159
155 162
155 164
155 167
155 168
155 169
155 172
155 173
155 174
155 176
155 177
155 178
155 179
155 180
155 181
155 184
155 185
155 186
155 194
155 195
155 196
155 198
156 157
156 158
156 159
156 160
156 163
156 164
156 165
156 166
156 168
156 169
156 171
156 175
156 176
156 177
156 178
156 180
156 182
156 183
156 184
156 186
156 187
156 188
156 189
156 191
156 192
156 193
156 194
156 195
156 196
156 197
156 198
156 199
157 158
157 161
157 163
157 166
157 167
157 169
157 170
157 177
157 178
157 179
157 180
157 182
157 184
157 185
157 187
157 188
157 189
157 190
157 192
157 193
157 194
157 196
157 197
157 199
158 159
158 160
158 162
158 163
158 164
158 166
158 167
158 169
158 170
158 171
158 173
158 175
158 177
158 179
158 183
158 184
158 187
158 190
158 192
158 194
158 195
158 196
158 198
158 199
159 160
159 162
159 163
159 164
159 165
159 166
159 167
159 168
159 169
159 170
159 171
159 172
159 173
159 174
159 175
159 177
159 180
159 182
159 183
159 184
159 186
159 187
159 189
159 190
159 191
159 192
159 193
159 194
159 197
159 199
160 162
160 163
160 167
160 168
160 170
160 174
160 175
160 176
160 177
160 178
160 180
160 183
160 186
160 187
160 189
160 190
160 193
160 194
160 195
160 197
160 198
160 199
161 163
161 164
161 165
161 167
161 168
161 169
161 172
161 173
161 176
161 178
161 180
161 184
161 185
161 186
161 188
161 190
161 193
161 195
161 196
161 197
161 198
161 199
162 167
162 168
162 169
162 170
162 172
162 174
162 177
162 178
162 179
162 180
162 182
162 184
162 185
162 186
162 187
162 189
162 191
162 193
162 198
163 164
163 165
163 171
163 172
163 173
163 174
163 175
163 178
163 179
163 180
163 184
163 185
163 186
163 187
163 188
163 189
163 195
163 197
163 199
164 167
164 168
164 169
164 170
164 172
164 173
164 174
164 176
164 177
164 178
164 179
164 180
164 181
164 182
164 183
164 184
164 185
164 186
164 193
164 194
164 195
164 197
164 198
164 199
165 169
165 170
165 173
165 175
165 176
165 180
165 182
165 183
165 186
165 187
165 189
165 190
165 191
165 192
165 193
165 195
165 196
165 197
165 198
166 168
166 170
166 171
166 172
166 173
166 174
166 176
166 177
166 180
166 181
166 184
166 187
166 189
166 194
166 195
166 196
166 197
167 170
167 171
167 173
167 174
167 179
167 182
167 183
167 188
167 189
167 190
167 192
167 193
167 195
167 196
167 197
167 198
167 199
168 169
168 172
168 173
168 174
168 177
168 179
168 180
168 181
168 182
168 184
168 188
168 190
168 192
168 193
168 195
168 198
169 171
169 172
169 174
169 175
169 176
169 177
169 182
169 183
169 184
169 186
169 189
169 190
169 193
169 196
169 198
170 171
170 174
170 175
170 179
170 181
170 182
170 183
170 184
170 186
170 187
170 191
170 192
170 194
170 198
170 199
171 172
171 173
171 175
171 177
171 181
171 182
171 183
171 185
171 186
171 187
171 188
171 189
171 190
171 191
171 193
171 194
171 196
171 197
171 198
171 199
172 174
172 176
172 177
172 178
172 179
172 180
172 181
172 182
172 183
172 186
172 187
172 188
172 191
172 196
172 197
172 198
172 199
173 174
173 176
173 179
173 183
173 184
173 186
173 187
173 188
173 189
173 191
173 192
173 194
173 197
174 175
174 176
174 177
174 180
174 181
174 182
174 185
174 186
174 187
174 191
174 192
174 193
174 195
174 196
174 197
174 198
175 176
175 178
175 179
175 180
175 185
175 186
175 187
175 189
175 190
175 191
175 192
175 195
175 196
176 177
176 178
176 179
176 182
176 184
176 185
176 187
176 188
176 189
176 190
176 191
176 192
176 194
176 196
176 197
176 198
176 199
177 181
177 182
177 183
177 184
177 186
177 187
177 189
177 191
177 192
177 193
177 194
177 196
177 198
177 199
178 179
178 181
178 183
178 184
178 187
178 188
178 189
178 192
178 193
178 197
178 198
179 180
179 181
179 182
179 183
179 184
179 186
179 187
179 189
179 190
179 192
179 194
179 195
179 198
180 181
180 183
180 184
180 186
180 187
180 188
180 191
180 192
180 194
180 196
180 197
180 199
181 183
181 188
181 192
181 194
181 195
181 197
181 198
181 199
182 183
182 184
182 185
182 186
182 187
182 191
182 192
182 194
182 195
182 196
182 197
182 198
183 184
183 185
183 187
183 188
183 190
183 192
183 194
183 195
183 196
183 197
183 198
183 199
184 185
184 187
184 188
184 189
184 193
184 195
184 196
184 197
185 186
185 187
185 189
185 190
185 192
185 193
185 198
186 188
186 190
186 191
186 192
186 195
186 196
186 198
186 199
187 188
187 189
187 190
187 192
187 193
187 194
187 195
187 198
187 199
188 190
188 191
188 192
188 193
188 194
188 195
188 198
189 193
189 194
189 195
189 196
189 198
189 199
190 191
190 192
190 193
190 195
190 196
190 197
190 199
191 192
191 193
191 194
191 195
191 198
191 199
192 194
192 195
192 196
192 198
193 196
193 197
194 195
194 197
195 196
195 197
195 198
195 199
196 198
197 199
