100 2971
94 72
15 43
57 18
79 95
12 99
55 67
33 91
71 74
55 48
74 44
23 15
86 87
43 86
34 74
29 84
62 71
44 98
54 11
87 45
49 28
28 47
77 78
96 77
74 51
66 88
54 51
15 83
99 55
16 77
38 99
40 90
83 48
16 64
13 98
98 86
19 87
28 83
63 94
29 51
96 70
84 43
78 36
34 58
42 100
11 33
73 25
21 61
32 72
51 20
43 13
81 56
38 95
20 58
69 19
28 33
96 92
34 87
62 46
70 43
81 23
27 46
36 99
72 66
39 27
68 84
41 83
33 10
71 97
91 35
69 42
18 46
38 62
41 41
92 69
51 32
11 87
100 47
32 63
41 69
66 58
96 43
33 61
50 75
43 42
75 31
45 15
23 57
93 60
84 54
49 17
80 54
70 37
52 90
49 67
82 86
43 65
54 61
52 24
31 23
51 77
976
0 2
0 4
0 7
0 11
0 17
0 20
0 24
0 30
0 35
0 38
0 46
0 54
0 62
0 64
0 65
0 70
0 72
0 83
0 89
0 93
0 96
1 2
1 3
1 5
1 22
1 23
1 32
1 34
1 35
1 40
1 45
1 55
1 65
1 77
1 86
1 91
1 93
1 95
1 98
2 3
2 6
2 8
2 13
2 28
2 29
2 35
2 37
2 38
2 39
2 42
2 45
2 49
2 52
2 53
2 54
2 59
2 64
2 66
2 70
2 76
2 83
2 87
2 88
2 96
2 99
3 5
3 27
3 44
3 45
3 52
3 56
3 57
3 61
3 67
3 69
3 70
3 83
3 85
3 88
3 95
3 99
4 5
4 13
4 18
4 22
4 24
4 25
4 27
4 31
4 41
4 43
4 49
4 54
4 60
4 64
4 75
4 77
4 79
4 80
4 81
4 86
4 88
4 89
4 97
4 98
5 13
5 16
5 23
5 25
5 36
5 41
5 46
5 47
5 53
5 55
5 56
5 63
5 70
5 71
5 87
5 89
5 93
5 98
5 99
6 12
6 20
6 33
6 35
6 40
6 43
6 47
6 60
6 65
6 72
6 77
6 79
6 81
6 97
7 9
7 11
7 19
7 20
7 22
7 23
7 25
7 26
7 31
7 34
7 39
7 44
7 45
7 47
7 60
7 62
7 64
7 74
7 75
7 76
7 87
7 93
8 9
8 10
8 11
8 22
8 23
8 27
8 28
8 33
8 45
8 48
8 51
8 58
8 60
8 67
8 68
8 75
8 80
8 84
8 88
8 90
8 92
8 94
8 95
8 97
9 11
9 12
9 18
9 31
9 32
9 35
9 37
9 43
9 45
9 52
9 54
9 56
9 61
9 62
9 63
9 65
9 66
9 67
9 70
9 71
9 77
9 81
9 98
9 99
10 15
10 16
10 17
10 21
10 24
10 33
10 38
10 42
10 46
10 47
10 50
10 60
10 65
10 72
10 74
10 75
10 82
10 89
10 90
11 19
11 20
11 29
11 32
11 35
11 48
11 51
11 54
11 55
11 56
11 57
11 61
11 63
11 74
11 76
11 80
11 82
11 83
11 86
11 87
11 88
11 90
11 98
12 16
12 21
12 49
12 51
12 68
12 70
12 73
12 80
12 85
12 87
12 91
13 14
13 23
13 24
13 25
13 27
13 29
13 32
13 35
13 36
13 45
13 47
13 51
13 55
13 60
13 63
13 69
13 70
13 72
13 74
13 78
13 84
13 86
13 94
13 98
13 99
14 17
14 19
14 21
14 28
14 29
14 32
14 34
14 37
14 38
14 44
14 52
14 56
14 57
14 68
14 73
14 77
14 78
14 79
14 92
15 24
15 27
15 31
15 33
15 34
15 44
15 46
15 60
15 62
15 65
15 67
15 68
15 70
15 71
15 76
15 83
15 85
16 24
16 26
16 29
16 39
16 42
16 46
16 52
16 55
16 60
16 61
16 70
16 77
16 87
16 88
16 91
16 94
17 21
17 23
17 30
17 47
17 53
17 57
17 73
17 78
17 82
17 93
18 21
18 29
18 50
18 51
18 55
18 57
18 60
18 62
18 65
18 70
18 83
18 88
18 93
19 21
19 26
19 27
19 37
19 39
19 40
19 41
19 48
19 54
19 56
19 61
19 63
19 67
19 68
19 73
19 78
19 83
19 84
19 97
19 99
20 24
20 25
20 36
20 37
20 38
20 44
20 46
20 49
20 53
20 55
20 59
20 65
20 69
20 75
20 83
20 91
20 96
21 23
21 28
21 29
21 30
21 37
21 42
21 48
21 49
21 51
21 52
21 63
21 65
21 67
21 80
21 92
21 93
22 23
22 28
22 34
22 41
22 49
22 50
22 54
22 55
22 58
22 59
22 60
22 73
22 74
22 82
22 87
22 88
22 91
22 93
22 95
22 99
23 25
23 33
23 41
23 48
23 53
23 55
23 58
23 59
23 65
23 68
23 80
23 83
23 85
23 88
23 92
23 93
24 26
24 31
24 38
24 39
24 56
24 57
24 59
24 61
24 74
24 78
24 87
24 89
24 94
24 96
24 98
25 28
25 36
25 40
25 51
25 53
25 58
25 63
25 67
25 71
25 78
25 85
25 87
25 94
26 31
26 32
26 36
26 38
26 41
26 42
26 43
26 54
26 60
26 61
26 67
26 69
26 73
26 76
26 78
26 79
26 89
26 91
26 96
26 98
27 32
27 40
27 41
27 44
27 48
27 52
27 54
27 61
27 84
27 89
28 29
28 34
28 39
28 41
28 45
28 50
28 51
28 53
28 69
28 72
28 81
28 84
28 85
28 96
28 98
29 33
29 37
29 41
29 43
29 49
29 59
29 65
29 68
29 79
29 84
30 31
30 38
30 40
30 43
30 45
30 51
30 56
30 60
30 67
30 75
30 81
30 85
30 90
30 99
31 45
31 49
31 56
31 63
31 68
31 71
31 72
31 73
31 75
31 76
32 48
32 53
32 54
32 64
32 78
32 80
32 90
32 91
32 92
32 93
32 94
33 34
33 42
33 44
33 58
33 63
33 65
33 67
33 68
33 74
33 75
33 79
33 81
33 83
33 90
33 97
33 98
34 39
34 41
34 48
34 55
34 72
34 74
34 77
34 83
34 84
34 91
34 93
34 98
35 42
35 43
35 59
35 70
35 75
35 84
35 86
35 87
36 39
36 44
36 50
36 55
36 64
36 97
37 38
37 40
37 43
37 59
37 60
37 70
37 73
37 75
37 76
37 81
37 85
38 45
38 48
38 62
38 63
38 79
38 80
38 90
38 95
38 96
39 42
39 44
39 46
39 49
39 52
39 54
39 64
39 65
39 73
39 85
39 91
39 97
40 61
40 62
40 68
40 74
40 77
40 82
40 83
40 84
40 87
40 89
40 92
40 93
40 99
41 47
41 54
41 55
41 57
41 62
41 66
41 70
41 82
41 85
41 87
41 92
41 94
41 96
41 98
42 43
42 45
42 47
42 51
42 74
42 75
42 79
42 88
42 91
42 92
42 94
42 97
42 99
43 46
43 49
43 50
43 54
43 55
43 61
43 65
43 70
44 46
44 50
44 55
44 66
44 67
44 69
44 73
44 76
44 80
44 81
44 87
44 93
44 96
45 49
45 51
45 53
45 56
45 59
45 62
45 68
45 69
45 75
45 76
45 78
45 89
45 90
45 94
45 95
46 48
46 50
46 63
46 64
46 70
46 74
46 79
46 81
46 86
46 96
46 99
47 48
47 50
47 52
47 55
47 71
47 74
47 93
47 97
48 70
48 71
48 74
48 79
48 96
49 55
49 59
49 80
49 81
49 96
49 97
49 99
50 55
50 57
50 64
50 83
50 86
50 90
50 99
51 53
51 54
51 64
51 65
51 66
51 69
51 75
51 76
51 78
51 84
51 95
52 53
52 54
52 55
52 56
52 65
52 68
52 69
52 71
52 83
52 85
52 93
52 95
53 54
53 61
53 67
53 71
53 73
53 85
53 89
53 98
54 55
54 58
54 61
54 62
54 67
54 68
54 70
54 72
54 74
54 93
54 95
54 96
54 97
55 57
55 71
55 72
55 77
55 87
55 90
56 58
56 61
56 64
56 65
56 66
56 69
56 72
56 80
56 83
56 87
56 94
56 95
56 96
57 61
57 66
57 68
57 73
57 75
57 78
57 80
57 86
57 90
57 94
58 60
58 67
58 70
58 76
58 77
58 81
58 83
58 84
58 85
58 88
58 89
58 95
59 61
59 67
59 74
59 75
59 80
59 86
59 94
59 98
60 72
60 74
60 75
60 78
60 79
60 89
60 98
61 66
61 70
61 74
61 93
61 97
62 63
62 71
62 99
63 70
63 76
63 89
63 99
64 67
64 70
64 77
64 80
64 95
65 67
65 69
65 70
65 80
65 82
65 85
65 87
65 91
65 95
66 68
66 69
66 91
66 92
66 94
67 72
67 88
67 97
68 74
68 76
68 99
69 72
69 83
69 89
70 74
70 76
70 80
70 84
70 86
70 87
70 95
71 72
71 88
71 89
71 94
71 98
72 79
72 80
72 86
72 97
72 99
73 78
73 89
73 90
73 93
74 83
74 96
74 97
74 98
75 76
75 79
75 87
76 77
76 83
76 85
76 91
76 94
76 95
76 97
76 98
77 99
78 79
78 81
78 83
78 86
78 92
78 95
78 98
78 99
80 84
80 87
80 98
80 99
81 89
81 90
82 86
82 89
82 91
82 94
82 96
83 86
83 90
83 95
83 97
83 98
84 86
84 89
85 86
85 90
86 96
86 98
87 96
88 90
88 92
88 96
89 97
90 92
90 94
91 94
91 95
92 96
92 98
93 96
97 99
