250 6628
35 79
14 73
27 88
100 20
36 43
30 100
22 26
60 50
26 65
77 92
41 71
100 32
64 76
20 81
100 77
38 80
40 51
57 29
73 10
71 82
17 13
81 43
20 43
10 64
95 68
88 27
31 77
76 20
83 11
40 78
32 40
83 21
16 67
11 29
80 15
55 14
99 14
92 75
75 31
74 19
11 87
37 23
43 46
45 99
18 13
63 47
12 30
66 18
70 48
35 60
35 13
97 87
10 79
59 52
23 19
81 68
35 26
59 28
14 82
74 15
44 55
93 86
16 19
43 47
76 75
54 70
100 34
31 28
97 12
38 45
43 79
37 76
23 94
64 93
32 87
53 46
99 64
45 76
37 88
90 42
58 56
62 98
47 68
32 94
19 43
59 69
40 81
17 75
47 87
96 75
19 75
15 51
79 36
65 54
60 40
13 100
98 43
68 35
87 78
51 76
84 68
50 65
95 40
25 37
77 84
61 10
65 51
69 77
25 98
58 78
56 36
70 20
72 11
23 82
65 29
82 26
15 25
39 93
45 27
52 10
72 95
22 57
96 64
53 37
49 76
83 35
21 55
34 54
68 24
53 46
26 88
55 92
58 94
11 85
46 20
83 80
48 28
89 45
39 10
79 96
39 73
25 61
88 59
15 54
94 23
19 41
69 79
52 11
96 19
20 24
86 87
49 42
83 74
73 47
90 37
49 49
81 47
13 93
93 71
53 15
39 14
62 99
23 20
19 68
16 60
22 35
35 59
32 88
72 66
18 100
43 26
79 80
14 34
68 78
37 33
91 84
30 14
15 92
94 64
88 42
69 22
41 94
13 71
44 20
66 28
74 83
50 63
100 47
31 50
37 65
41 34
25 62
70 21
49 25
30 24
37 49
27 50
100 39
83 29
25 94
28 79
17 84
77 22
32 91
55 98
78 35
50 19
79 25
56 60
42 16
57 31
61 66
27 68
19 66
31 39
81 71
83 68
93 33
24 28
97 77
47 40
37 77
50 76
24 36
29 80
24 19
57 13
44 98
27 46
16 41
34 44
24 95
54 32
69 64
95 27
33 45
13 36
12 74
57 17
74 82
42 35
77 57
35 25
83 20
90 41
91 49
61 16
87 25
99 64
17 43
6228
0 4
0 8
0 9
0 28
0 32
0 37
0 38
0 46
0 47
0 51
0 58
0 60
0 63
0 64
0 65
0 78
0 84
0 91
0 100
0 105
0 110
0 120
0 123
0 130
0 134
0 150
0 159
0 160
0 161
0 169
0 171
0 178
0 181
0 185
0 189
0 190
0 203
0 205
0 210
0 225
0 229
0 240
0 241
0 242
0 245
1 5
1 15
1 18
1 22
1 37
1 38
1 40
1 50
1 57
1 58
1 60
1 74
1 86
1 88
1 91
1 92
1 97
1 102
1 105
1 115
1 122
1 127
1 135
1 141
1 142
1 159
1 178
1 183
1 184
1 185
1 187
1 193
1 197
1 199
1 205
1 206
1 213
1 216
1 219
1 221
1 224
1 227
1 230
1 239
1 240
1 243
2 4
2 9
2 11
2 15
2 21
2 22
2 26
2 30
2 46
2 50
2 56
2 59
2 60
2 67
2 69
2 73
2 92
2 94
2 104
2 105
2 113
2 119
2 123
2 130
2 135
2 143
2 158
2 160
2 176
2 182
2 188
2 189
2 191
2 196
2 197
2 198
2 203
2 204
2 207
2 209
2 211
2 222
2 236
2 237
2 239
2 243
2 247
2 248
3 6
3 20
3 21
3 22
3 25
3 26
3 45
3 49
3 52
3 61
3 68
3 74
3 76
3 92
3 104
3 111
3 114
3 117
3 119
3 123
3 126
3 127
3 132
3 137
3 142
3 147
3 152
3 155
3 168
3 172
3 181
3 182
3 187
3 194
3 200
3 215
3 216
3 220
3 222
3 227
3 228
3 232
3 234
3 236
3 238
3 240
3 244
3 245
4 7
4 10
4 12
4 17
4 18
4 19
4 30
4 31
4 37
4 40
4 42
4 43
4 49
4 52
4 66
4 69
4 79
4 81
4 88
4 92
4 93
4 98
4 105
4 106
4 108
4 112
4 120
4 121
4 124
4 126
4 151
4 154
4 156
4 159
4 176
4 177
4 178
4 180
4 190
4 194
4 198
4 202
4 215
4 224
5 7
5 9
5 12
5 15
5 19
5 23
5 28
5 34
5 59
5 61
5 63
5 65
5 67
5 73
5 77
5 79
5 80
5 83
5 93
5 95
5 100
5 113
5 114
5 117
5 118
5 124
5 126
5 127
5 130
5 133
5 135
5 145
5 154
5 158
5 161
5 168
5 174
5 176
5 181
5 183
5 186
5 190
5 191
5 202
5 204
5 208
5 212
5 215
5 217
5 221
5 224
5 234
5 248
6 12
6 16
6 18
6 21
6 23
6 25
6 28
6 31
6 37
6 51
6 55
6 58
6 62
6 71
6 89
6 93
6 107
6 119
6 120
6 122
6 128
6 132
6 133
6 136
6 141
6 144
6 146
6 147
6 148
6 149
6 154
6 156
6 160
6 162
6 169
6 176
6 184
6 195
6 217
6 226
6 233
6 234
6 237
6 240
6 241
7 11
7 12
7 17
7 25
7 29
7 35
7 37
7 48
7 50
7 54
7 55
7 59
7 65
7 67
7 69
7 73
7 77
7 87
7 89
7 90
7 97
7 112
7 118
7 119
7 121
7 124
7 125
7 133
7 136
7 145
7 147
7 149
7 153
7 156
7 162
7 164
7 170
7 173
7 181
7 186
7 189
7 190
7 197
7 205
7 208
7 213
7 217
7 218
7 224
7 228
7 232
7 234
7 242
8 19
8 20
8 23
8 33
8 36
8 39
8 40
8 42
8 45
8 52
8 56
8 67
8 69
8 79
8 82
8 87
8 100
8 102
8 106
8 108
8 123
8 134
8 138
8 143
8 144
8 155
8 156
8 161
8 166
8 170
8 179
8 180
8 182
8 184
8 185
8 187
8 188
8 194
8 200
8 209
8 223
8 225
8 235
8 236
9 12
9 14
9 17
9 19
9 21
9 23
9 25
9 28
9 30
9 40
9 41
9 50
9 52
9 56
9 57
9 61
9 64
9 69
9 75
9 78
9 79
9 88
9 93
9 103
9 114
9 118
9 127
9 130
9 138
9 146
9 150
9 151
9 155
9 162
9 163
9 167
9 174
9 180
9 181
9 187
9 197
9 198
9 200
9 204
9 211
9 212
9 221
9 227
9 228
9 234
9 245
9 247
9 249
10 14
10 18
10 21
10 35
10 42
10 47
10 55
10 66
10 69
10 70
10 71
10 79
10 81
10 84
10 87
10 97
10 98
10 100
10 102
10 104
10 107
10 110
10 113
10 122
10 126
10 139
10 140
10 143
10 150
10 151
10 156
10 160
10 161
10 165
10 171
10 175
10 180
10 185
10 186
10 194
10 197
10 198
10 205
10 206
10 207
10 214
10 216
10 220
10 221
10 224
10 227
10 233
10 234
10 235
10 243
10 246
11 19
11 21
11 32
11 35
11 37
11 40
11 45
11 52
11 57
11 58
11 91
11 99
11 109
11 115
11 132
11 150
11 151
11 168
11 176
11 179
11 180
11 183
11 186
11 188
11 191
11 193
11 195
11 204
11 206
11 210
11 219
11 223
11 225
11 231
11 236
11 244
11 247
11 249
12 24
12 26
12 30
12 36
12 37
12 41
12 42
12 45
12 48
12 50
12 54
12 55
12 57
12 58
12 60
12 66
12 67
12 71
12 73
12 76
12 78
12 82
12 98
12 127
12 128
12 131
12 135
12 143
12 144
12 153
12 157
12 158
12 161
12 166
12 168
12 169
12 192
12 193
12 197
12 198
12 205
12 208
12 211
12 213
12 215
12 219
12 221
12 224
12 234
12 237
12 243
12 244
12 248
13 15
13 16
13 27
13 29
13 31
13 33
13 37
13 49
13 50
13 52
13 53
13 54
13 59
13 63
13 76
13 77
13 79
13 98
13 101
13 111
13 116
13 123
13 124
13 128
13 134
13 140
13 156
13 159
13 163
13 180
13 182
13 183
13 190
13 199
13 201
13 207
13 215
13 216
13 217
13 221
13 223
13 226
13 227
13 230
13 241
13 249
14 16
14 18
14 23
14 29
14 31
14 43
14 44
14 50
14 51
14 52
14 62
14 64
14 71
14 77
14 79
14 80
14 83
14 89
14 90
14 100
14 102
14 105
14 113
14 115
14 116
14 129
14 139
14 141
14 143
14 146
14 167
14 169
14 181
14 182
14 186
14 191
14 200
14 201
14 209
14 210
14 221
14 222
14 228
14 233
14 236
15 28
15 34
15 37
15 40
15 42
15 55
15 60
15 65
15 66
15 71
15 75
15 77
15 78
15 94
15 97
15 101
15 111
15 113
15 129
15 133
15 146
15 147
15 155
15 157
15 160
15 163
15 169
15 172
15 186
15 190
15 193
15 202
15 204
15 205
15 218
15 219
15 222
15 234
15 242
15 249
16 26
16 27
16 30
16 32
16 35
16 36
16 40
16 43
16 46
16 48
16 51
16 65
16 70
16 86
16 87
16 92
16 96
16 97
16 98
16 101
16 111
16 123
16 133
16 141
16 145
16 146
16 155
16 163
16 171
16 180
16 187
16 192
16 198
16 207
16 212
16 222
16 225
16 228
16 232
16 236
16 237
16 238
16 241
16 244
17 19
17 35
17 50
17 53
17 55
17 61
17 64
17 68
17 72
17 80
17 89
17 90
17 92
17 108
17 113
17 119
17 122
17 126
17 127
17 129
17 141
17 146
17 150
17 152
17 176
17 177
17 183
17 189
17 190
17 198
17 205
17 209
17 210
17 215
17 223
17 229
18 20
18 26
18 32
18 36
18 40
18 43
18 46
18 73
18 80
18 82
18 84
18 86
18 88
18 89
18 96
18 98
18 100
18 102
18 103
18 109
18 111
18 112
18 117
18 120
18 132
18 137
18 143
18 145
18 154
18 157
18 163
18 167
18 168
18 173
18 178
18 181
18 184
18 185
18 188
18 193
18 201
18 205
18 209
18 216
18 224
18 236
18 238
18 240
18 241
18 247
19 20
19 26
19 37
19 41
19 45
19 50
19 53
19 55
19 56
19 59
19 62
19 73
19 74
19 79
19 81
19 85
19 86
19 89
19 90
19 109
19 110
19 115
19 143
19 151
19 153
19 167
19 170
19 173
19 174
19 177
19 180
19 181
19 201
19 206
19 210
19 211
19 215
19 220
19 221
19 225
19 229
19 233
19 242
19 244
19 247
20 21
20 25
20 29
20 31
20 32
20 38
20 39
20 42
20 48
20 52
20 57
20 59
20 61
20 72
20 76
20 77
20 90
20 93
20 98
20 100
20 105
20 109
20 112
20 113
20 124
20 128
20 135
20 146
20 148
20 150
20 155
20 156
20 169
20 170
20 172
20 177
20 180
20 182
20 184
20 192
20 194
20 195
20 201
20 210
20 211
20 226
20 232
20 235
20 236
20 249
21 22
21 23
21 29
21 31
21 48
21 49
21 50
21 59
21 61
21 62
21 63
21 78
21 81
21 93
21 95
21 99
21 102
21 108
21 114
21 118
21 124
21 127
21 129
21 133
21 139
21 149
21 167
21 168
21 176
21 186
21 203
21 206
21 210
21 214
21 215
21 217
21 221
21 227
21 229
21 232
21 233
22 30
22 47
22 51
22 55
22 59
22 70
22 73
22 76
22 77
22 79
22 87
22 90
22 98
22 101
22 102
22 105
22 108
22 111
22 114
22 116
22 120
22 124
22 129
22 135
22 136
22 144
22 148
22 150
22 161
22 162
22 164
22 166
22 172
22 184
22 195
22 197
22 207
22 210
22 214
22 216
22 217
22 222
22 238
22 240
22 249
23 24
23 26
23 27
23 29
23 37
23 39
23 43
23 46
23 48
23 64
23 68
23 69
23 72
23 74
23 89
23 96
23 116
23 121
23 122
23 129
23 130
23 132
23 136
23 139
23 140
23 141
23 146
23 148
23 152
23 153
23 174
23 179
23 185
23 190
23 192
23 206
23 214
23 217
23 224
23 225
23 227
23 234
23 241
23 245
23 249
24 26
24 29
24 42
24 47
24 49
24 53
24 62
24 65
24 74
24 75
24 79
24 88
24 95
24 110
24 111
24 116
24 118
24 120
24 121
24 129
24 131
24 132
24 140
24 141
24 144
24 146
24 148
24 174
24 176
24 184
24 186
24 190
24 201
24 214
24 217
24 220
24 221
24 224
24 225
24 228
24 229
24 230
24 234
24 242
25 29
25 42
25 43
25 57
25 59
25 66
25 67
25 71
25 75
25 79
25 83
25 87
25 91
25 95
25 99
25 100
25 104
25 113
25 117
25 121
25 131
25 133
25 135
25 138
25 140
25 148
25 168
25 170
25 171
25 177
25 178
25 188
25 191
25 198
25 201
25 202
25 203
25 208
25 211
25 214
25 218
25 220
25 223
25 226
25 228
25 229
25 230
25 237
25 243
25 246
26 28
26 31
26 44
26 45
26 46
26 51
26 53
26 54
26 59
26 62
26 76
26 78
26 81
26 89
26 93
26 98
26 99
26 108
26 115
26 119
26 127
26 131
26 133
26 149
26 151
26 160
26 164
26 171
26 174
26 175
26 179
26 180
26 187
26 190
26 202
26 207
26 208
26 211
26 212
26 214
26 218
26 220
26 225
26 229
26 233
26 236
26 240
26 242
26 243
26 246
27 30
27 37
27 38
27 42
27 46
27 48
27 53
27 54
27 57
27 58
27 63
27 64
27 69
27 77
27 78
27 87
27 89
27 91
27 92
27 95
27 96
27 100
27 103
27 107
27 108
27 120
27 123
27 134
27 137
27 140
27 147
27 149
27 151
27 163
27 164
27 168
27 170
27 178
27 182
27 190
27 191
27 201
27 203
27 207
27 210
27 212
27 220
27 226
27 231
27 234
27 240
27 242
27 248
28 33
28 44
28 49
28 55
28 57
28 59
28 60
28 61
28 68
28 80
28 86
28 101
28 102
28 106
28 109
28 110
28 112
28 118
28 124
28 126
28 127
28 133
28 135
28 143
28 145
28 147
28 155
28 164
28 167
28 174
28 179
28 181
28 183
28 184
28 185
28 186
28 190
28 192
28 193
28 194
28 202
28 204
28 205
28 206
28 207
28 215
28 220
28 221
28 222
28 225
28 227
28 233
28 234
28 235
28 239
28 242
29 36
29 42
29 46
29 47
29 54
29 56
29 58
29 59
29 63
29 64
29 77
29 90
29 97
29 98
29 106
29 108
29 114
29 116
29 117
29 120
29 128
29 130
29 142
29 145
29 149
29 176
29 179
29 189
29 191
29 192
29 193
29 197
29 198
29 206
29 210
29 214
29 215
29 216
29 220
29 240
29 248
30 36
30 40
30 41
30 46
30 48
30 60
30 69
30 70
30 75
30 80
30 86
30 88
30 94
30 100
30 101
30 103
30 107
30 111
30 112
30 113
30 123
30 128
30 129
30 136
30 139
30 143
30 146
30 163
30 166
30 175
30 177
30 186
30 194
30 195
30 205
30 214
30 219
30 220
30 221
30 236
30 239
30 247
31 32
31 40
31 45
31 65
31 67
31 68
31 76
31 86
31 87
31 91
31 94
31 96
31 105
31 107
31 112
31 117
31 119
31 122
31 125
31 128
31 130
31 133
31 136
31 142
31 143
31 144
31 145
31 151
31 154
31 156
31 157
31 164
31 169
31 182
31 183
31 197
31 219
31 220
31 231
31 244
32 34
32 42
32 44
32 45
32 47
32 51
32 52
32 54
32 59
32 65
32 66
32 73
32 81
32 88
32 92
32 105
32 114
32 118
32 132
32 133
32 134
32 139
32 148
32 150
32 151
32 155
32 156
32 166
32 167
32 171
32 188
32 191
32 205
32 208
32 219
32 220
32 223
32 225
32 226
32 233
32 241
33 41
33 61
33 64
33 69
33 73
33 74
33 77
33 82
33 84
33 85
33 93
33 99
33 100
33 106
33 107
33 108
33 110
33 127
33 130
33 132
33 133
33 143
33 146
33 151
33 163
33 173
33 178
33 180
33 181
33 190
33 197
33 207
33 210
33 230
33 243
33 247
33 248
34 37
34 38
34 39
34 41
34 42
34 48
34 49
34 52
34 54
34 56
34 71
34 73
34 80
34 83
34 92
34 97
34 99
34 101
34 105
34 106
34 108
34 125
34 128
34 133
34 136
34 142
34 144
34 147
34 154
34 158
34 166
34 181
34 192
34 196
34 197
34 198
34 204
34 208
34 224
34 229
34 233
34 247
35 51
35 56
35 57
35 61
35 66
35 80
35 83
35 85
35 92
35 93
35 97
35 107
35 112
35 122
35 125
35 126
35 127
35 130
35 134
35 135
35 138
35 139
35 146
35 150
35 158
35 161
35 167
35 168
35 172
35 177
35 179
35 187
35 193
35 197
35 208
35 211
35 228
35 229
35 230
35 234
35 235
35 236
35 244
35 245
35 247
35 248
36 38
36 40
36 43
36 47
36 65
36 66
36 67
36 70
36 72
36 75
36 80
36 84
36 86
36 89
36 91
36 92
36 98
36 108
36 120
36 121
36 124
36 131
36 135
36 144
36 148
36 165
36 169
36 170
36 175
36 178
36 180
36 184
36 195
36 197
36 200
36 210
36 214
36 216
36 217
36 218
36 228
36 235
36 236
36 237
36 245
37 42
37 45
37 51
37 52
37 57
37 58
37 61
37 67
37 73
37 76
37 84
37 87
37 88
37 99
37 103
37 107
37 120
37 122
37 135
37 138
37 156
37 161
37 164
37 170
37 180
37 182
37 185
37 202
37 203
37 206
37 212
37 214
37 241
38 41
38 45
38 56
38 62
38 82
38 85
38 88
38 98
38 113
38 117
38 124
38 127
38 130
38 134
38 135
38 137
38 145
38 147
38 159
38 160
38 161
38 167
38 170
38 171
38 174
38 175
38 179
38 181
38 189
38 191
38 193
38 194
38 213
38 215
38 216
38 217
38 218
38 235
38 238
38 240
38 241
38 243
38 245
39 42
39 43
39 45
39 54
39 55
39 63
39 65
39 70
39 73
39 89
39 90
39 92
39 101
39 102
39 106
39 112
39 132
39 137
39 138
39 142
39 145
39 146
39 148
39 151
39 154
39 155
39 156
39 157
39 159
39 161
39 167
39 182
39 184
39 185
39 189
39 190
39 192
39 193
39 194
39 203
39 204
39 206
39 216
39 218
39 230
39 233
39 242
39 248
40 43
40 52
40 54
40 60
40 73
40 80
40 82
40 92
40 97
40 103
40 105
40 110
40 116
40 123
40 130
40 136
40 141
40 148
40 160
40 162
40 165
40 172
40 173
40 180
40 190
40 198
40 200
40 201
40 204
40 213
40 217
40 220
40 221
40 224
40 231
40 234
40 239
40 241
40 244
40 245
40 246
41 42
41 44
41 45
41 56
41 61
41 67
41 72
41 73
41 82
41 92
41 96
41 106
41 117
41 118
41 122
41 123
41 125
41 127
41 131
41 137
41 139
41 147
41 153
41 160
41 168
41 170
41 173
41 179
41 186
41 187
41 189
41 197
41 203
41 210
41 212
41 219
41 220
41 223
41 232
41 235
41 237
41 239
41 242
41 247
42 43
42 44
42 50
42 57
42 61
42 64
42 67
42 68
42 72
42 75
42 81
42 85
42 100
42 109
42 116
42 117
42 118
42 119
42 121
42 128
42 133
42 135
42 140
42 141
42 144
42 149
42 151
42 152
42 159
42 171
42 189
42 190
42 191
42 204
42 206
42 211
42 214
42 218
42 219
42 220
42 228
42 234
42 235
43 50
43 52
43 58
43 68
43 69
43 71
43 77
43 81
43 83
43 87
43 91
43 93
43 107
43 108
43 120
43 125
43 130
43 138
43 147
43 148
43 154
43 167
43 175
43 179
43 181
43 185
43 189
43 194
43 196
43 200
43 203
43 205
43 209
43 222
43 225
43 228
43 230
43 233
43 242
43 243
44 53
44 58
44 63
44 68
44 79
44 84
44 86
44 89
44 92
44 94
44 110
44 113
44 118
44 126
44 134
44 137
44 138
44 140
44 147
44 148
44 155
44 165
44 168
44 170
44 171
44 175
44 177
44 181
44 184
44 185
44 187
44 206
44 212
44 213
44 214
44 232
44 235
44 239
44 241
44 243
45 48
45 58
45 59
45 62
45 64
45 66
45 67
45 71
45 77
45 83
45 86
45 91
45 92
45 96
45 101
45 110
45 129
45 130
45 137
45 138
45 142
45 143
45 146
45 147
45 149
45 150
45 155
45 158
45 163
45 164
45 168
45 181
45 184
45 191
45 192
45 193
45 195
45 198
45 199
45 208
45 211
45 213
45 224
45 225
45 226
45 232
45 234
45 237
45 242
46 54
46 56
46 57
46 63
46 75
46 90
46 93
46 107
46 108
46 118
46 120
46 126
46 131
46 132
46 140
46 144
46 148
46 150
46 156
46 163
46 167
46 170
46 174
46 181
46 191
46 195
46 200
46 202
46 210
46 211
46 224
46 226
46 233
46 235
46 240
46 247
46 249
47 53
47 58
47 59
47 63
47 68
47 70
47 71
47 72
47 77
47 84
47 87
47 89
47 96
47 97
47 99
47 104
47 105
47 111
47 113
47 115
47 119
47 121
47 123
47 125
47 138
47 145
47 146
47 149
47 151
47 156
47 158
47 159
47 160
47 164
47 166
47 168
47 173
47 175
47 176
47 179
47 186
47 191
47 193
47 197
47 203
47 204
47 207
47 208
47 211
47 212
47 215
47 218
47 219
47 220
47 224
47 226
47 232
47 237
47 238
47 239
47 240
47 245
47 249
48 49
48 51
48 61
48 64
48 70
48 76
48 79
48 85
48 87
48 88
48 95
48 102
48 106
48 116
48 126
48 128
48 131
48 139
48 147
48 149
48 150
48 152
48 155
48 157
48 160
48 161
48 165
48 168
48 173
48 178
48 182
48 185
48 189
48 192
48 195
48 198
48 199
48 201
48 205
48 207
48 214
48 219
48 222
48 229
48 249
49 79
49 81
49 92
49 94
49 100
49 102
49 104
49 125
49 135
49 136
49 141
49 142
49 143
49 164
49 165
49 168
49 179
49 180
49 185
49 191
49 195
49 197
49 201
49 202
49 217
49 219
49 220
49 223
49 228
49 230
49 234
49 236
49 240
49 245
49 248
50 54
50 62
50 65
50 66
50 67
50 68
50 70
50 73
50 75
50 77
50 82
50 87
50 93
50 95
50 103
50 120
50 122
50 131
50 133
50 136
50 137
50 142
50 146
50 151
50 162
50 168
50 169
50 172
50 176
50 180
50 182
50 183
50 186
50 188
50 190
50 208
50 214
50 229
50 230
50 238
50 242
50 248
51 52
51 54
51 56
51 58
51 65
51 77
51 85
51 89
51 92
51 94
51 95
51 96
51 104
51 106
51 108
51 109
51 112
51 114
51 117
51 125
51 129
51 140
51 141
51 142
51 146
51 148
51 150
51 151
51 153
51 156
51 157
51 163
51 167
51 168
51 169
51 174
51 175
51 176
51 178
51 182
51 188
51 200
51 202
51 212
51 216
51 231
51 243
51 249
52 53
52 54
52 59
52 73
52 78
52 82
52 85
52 98
52 109
52 111
52 115
52 122
52 135
52 138
52 145
52 147
52 154
52 161
52 163
52 165
52 176
52 181
52 184
52 195
52 201
52 205
52 207
52 210
52 219
52 225
52 228
52 229
52 233
52 237
52 238
52 241
52 247
53 68
53 78
53 83
53 84
53 91
53 92
53 98
53 99
53 102
53 106
53 110
53 116
53 117
53 133
53 138
53 151
53 156
53 164
53 166
53 168
53 173
53 176
53 184
53 189
53 191
53 192
53 194
53 195
53 196
53 202
53 229
53 232
53 234
53 235
53 236
53 240
53 247
53 249
54 61
54 63
54 65
54 70
54 71
54 73
54 83
54 84
54 92
54 97
54 103
54 104
54 111
54 116
54 117
54 119
54 121
54 122
54 123
54 124
54 128
54 144
54 160
54 162
54 173
54 177
54 184
54 186
54 187
54 189
54 200
54 222
54 228
54 229
54 235
54 236
54 248
55 57
55 65
55 68
55 73
55 81
55 86
55 89
55 97
55 100
55 102
55 118
55 120
55 129
55 135
55 137
55 146
55 148
55 160
55 166
55 172
55 178
55 180
55 185
55 189
55 191
55 193
55 195
55 197
55 212
55 218
55 242
55 246
56 66
56 68
56 71
56 75
56 79
56 83
56 99
56 101
56 104
56 108
56 111
56 124
56 129
56 137
56 139
56 145
56 149
56 158
56 164
56 167
56 172
56 179
56 182
56 185
56 188
56 189
56 202
56 210
56 211
56 213
56 221
56 235
56 238
56 240
56 243
56 244
56 246
57 68
57 71
57 72
57 74
57 79
57 80
57 83
57 87
57 89
57 90
57 91
57 104
57 112
57 113
57 123
57 124
57 128
57 136
57 143
57 149
57 155
57 158
57 164
57 169
57 170
57 174
57 176
57 177
57 190
57 193
57 202
57 204
57 205
57 217
57 232
57 235
57 236
57 239
57 246
58 61
58 64
58 70
58 71
58 76
58 79
58 81
58 85
58 89
58 90
58 100
58 103
58 109
58 113
58 116
58 125
58 137
58 138
58 140
58 144
58 150
58 154
58 165
58 171
58 173
58 175
58 183
58 194
58 197
58 198
58 200
58 201
58 208
58 213
58 214
58 219
58 221
58 223
58 231
58 233
58 234
58 244
58 245
59 79
59 89
59 90
59 91
59 99
59 104
59 110
59 113
59 115
59 116
59 124
59 125
59 134
59 141
59 149
59 155
59 161
59 163
59 165
59 172
59 181
59 184
59 190
59 191
59 193
59 196
59 197
59 199
59 202
59 205
59 212
59 217
59 220
59 228
59 229
59 238
59 241
59 246
60 68
60 77
60 79
60 88
60 91
60 93
60 105
60 109
60 118
60 120
60 125
60 132
60 141
60 154
60 158
60 159
60 163
60 172
60 173
60 174
60 177
60 180
60 184
60 185
60 200
60 205
60 209
60 217
60 218
60 222
60 226
60 227
60 229
60 231
60 235
60 238
60 243
60 244
61 65
61 66
61 67
61 73
61 76
61 81
61 84
61 87
61 101
61 102
61 125
61 129
61 141
61 142
61 147
61 150
61 157
61 158
61 164
61 165
61 169
61 180
61 184
61 199
61 211
61 213
61 219
61 223
61 224
61 226
61 233
61 240
61 243
61 248
62 68
62 70
62 71
62 73
62 78
62 79
62 80
62 81
62 84
62 91
62 93
62 100
62 102
62 105
62 106
62 111
62 116
62 124
62 133
62 135
62 136
62 141
62 150
62 157
62 165
62 172
62 176
62 177
62 179
62 195
62 196
62 202
62 210
62 212
62 226
62 236
62 239
62 241
63 78
63 79
63 92
63 97
63 101
63 103
63 107
63 110
63 114
63 131
63 135
63 136
63 137
63 141
63 148
63 152
63 153
63 154
63 158
63 165
63 168
63 169
63 189
63 191
63 193
63 194
63 211
63 212
63 218
63 219
63 232
63 234
63 237
63 238
63 239
63 240
63 242
63 245
63 247
64 66
64 70
64 74
64 76
64 79
64 84
64 86
64 91
64 99
64 106
64 110
64 113
64 124
64 132
64 136
64 140
64 141
64 151
64 155
64 159
64 165
64 168
64 169
64 174
64 179
64 180
64 187
64 193
64 194
64 212
64 213
64 216
64 222
64 229
64 239
65 74
65 76
65 86
65 91
65 93
65 96
65 98
65 99
65 122
65 125
65 137
65 139
65 152
65 156
65 166
65 169
65 178
65 181
65 196
65 206
65 212
65 216
65 218
65 220
65 224
65 228
65 229
65 230
65 232
65 242
65 245
66 76
66 77
66 87
66 89
66 91
66 98
66 99
66 100
66 101
66 115
66 119
66 123
66 125
66 132
66 133
66 135
66 138
66 142
66 154
66 165
66 167
66 169
66 171
66 175
66 176
66 188
66 191
66 192
66 195
66 203
66 221
66 227
66 234
66 241
66 248
67 75
67 77
67 87
67 96
67 103
67 104
67 110
67 111
67 120
67 121
67 123
67 127
67 131
67 136
67 137
67 139
67 167
67 175
67 176
67 179
67 180
67 187
67 189
67 190
67 206
67 208
67 209
67 212
67 213
67 221
67 226
67 232
67 233
67 244
67 246
67 247
68 73
68 78
68 82
68 87
68 97
68 115
68 120
68 122
68 124
68 127
68 130
68 140
68 144
68 145
68 151
68 152
68 163
68 164
68 165
68 167
68 175
68 179
68 184
68 195
68 205
68 206
68 207
68 208
68 209
68 212
68 215
68 219
68 226
68 228
68 230
68 247
69 71
69 76
69 77
69 85
69 86
69 87
69 93
69 95
69 97
69 99
69 101
69 103
69 105
69 113
69 114
69 118
69 119
69 120
69 126
69 134
69 136
69 139
69 145
69 155
69 156
69 157
69 160
69 166
69 169
69 171
69 173
69 177
69 189
69 205
69 207
69 212
69 218
69 226
69 234
69 236
69 238
69 239
69 247
70 82
70 92
70 102
70 103
70 128
70 131
70 136
70 140
70 141
70 144
70 145
70 148
70 153
70 161
70 167
70 173
70 174
70 178
70 179
70 181
70 184
70 187
70 189
70 190
70 200
70 201
70 207
70 212
70 223
70 225
70 226
70 241
70 246
71 75
71 78
71 81
71 82
71 85
71 91
71 94
71 102
71 117
71 120
71 128
71 141
71 146
71 148
71 149
71 156
71 159
71 160
71 163
71 167
71 189
71 191
71 194
71 197
71 198
71 202
71 209
71 210
71 212
71 216
71 221
71 223
71 238
71 240
72 81
72 84
72 85
72 86
72 87
72 92
72 99
72 104
72 109
72 112
72 113
72 114
72 122
72 124
72 133
72 135
72 137
72 139
72 149
72 153
72 161
72 170
72 176
72 179
72 183
72 197
72 217
72 223
72 224
72 227
72 229
72 235
72 243
73 75
73 83
73 91
73 105
73 118
73 137
73 138
73 140
73 141
73 149
73 152
73 162
73 166
73 167
73 172
73 183
73 190
73 195
73 198
73 199
73 203
73 209
73 220
73 222
73 233
73 238
73 240
74 77
74 94
74 107
74 122
74 124
74 125
74 132
74 136
74 140
74 143
74 153
74 158
74 161
74 165
74 167
74 170
74 173
74 175
74 176
74 177
74 181
74 186
74 193
74 199
74 208
74 225
74 226
74 235
74 237
74 239
74 247
75 79
75 80
75 86
75 87
75 88
75 90
75 96
75 97
75 103
75 105
75 108
75 113
75 119
75 124
75 128
75 132
75 134
75 135
75 137
75 146
75 152
75 154
75 155
75 163
75 164
75 167
75 188
75 189
75 190
75 196
75 207
75 212
75 224
75 227
75 233
76 78
76 79
76 84
76 88
76 89
76 104
76 120
76 121
76 124
76 133
76 140
76 144
76 145
76 150
76 153
76 155
76 162
76 169
76 182
76 185
76 190
76 191
76 202
76 218
76 222
76 223
76 225
76 226
76 227
76 228
76 232
76 234
76 236
76 244
76 245
77 79
77 91
77 108
77 110
77 111
77 117
77 121
77 124
77 137
77 142
77 146
77 147
77 149
77 154
77 155
77 157
77 159
77 177
77 185
77 190
77 191
77 198
77 206
77 208
77 213
77 218
77 231
77 236
77 238
77 240
78 88
78 95
78 96
78 102
78 105
78 107
78 115
78 116
78 131
78 144
78 155
78 162
78 170
78 176
78 183
78 195
78 196
78 198
78 199
78 204
78 207
78 208
78 214
78 223
78 227
78 238
78 243
79 80
79 81
79 86
79 90
79 101
79 104
79 110
79 113
79 114
79 115
79 126
79 131
79 134
79 142
79 145
79 153
79 155
79 160
79 164
79 168
79 173
79 180
79 189
79 196
79 198
79 199
79 203
79 209
79 215
79 219
79 220
79 221
79 222
79 225
79 239
79 243
79 244
79 248
79 249
80 91
80 95
80 100
80 104
80 109
80 112
80 116
80 119
80 125
80 132
80 134
80 139
80 145
80 146
80 149
80 155
80 159
80 163
80 166
80 168
80 173
80 181
80 188
80 196
80 201
80 206
80 207
80 212
80 220
80 221
80 226
80 235
80 238
80 239
80 241
80 242
80 246
81 97
81 99
81 101
81 102
81 103
81 104
81 108
81 118
81 126
81 128
81 142
81 144
81 147
81 148
81 155
81 156
81 163
81 164
81 165
81 168
81 170
81 172
81 183
81 184
81 186
81 199
81 209
81 213
81 217
81 220
81 221
81 227
81 237
81 247
81 249
82 83
82 91
82 92
82 100
82 107
82 109
82 110
82 124
82 125
82 126
82 127
82 128
82 132
82 133
82 136
82 138
82 140
82 156
82 167
82 172
82 173
82 178
82 180
82 188
82 192
82 193
82 199
82 203
82 210
82 214
82 215
82 216
82 224
82 229
82 241
82 248
83 84
83 86
83 87
83 89
83 94
83 95
83 106
83 107
83 113
83 114
83 123
83 125
83 135
83 141
83 145
83 147
83 149
83 152
83 168
83 185
83 187
83 188
83 189
83 199
83 200
83 208
83 214
83 220
83 223
83 224
83 235
83 244
84 87
84 88
84 92
84 98
84 99
84 107
84 112
84 115
84 119
84 121
84 128
84 134
84 141
84 142
84 151
84 153
84 154
84 157
84 159
84 167
84 170
84 181
84 187
84 189
84 195
84 196
84 209
84 214
84 219
84 230
84 231
84 232
84 234
84 238
84 240
84 246
85 90
85 94
85 98
85 102
85 109
85 111
85 112
85 115
85 130
85 133
85 134
85 142
85 147
85 167
85 168
85 169
85 170
85 171
85 177
85 184
85 186
85 191
85 193
85 201
85 203
85 206
85 213
85 217
85 221
85 222
85 226
85 235
85 236
85 238
85 239
85 242
85 244
85 248
85 249
86 93
86 100
86 119
86 123
86 129
86 130
86 135
86 138
86 139
86 142
86 145
86 152
86 158
86 160
86 161
86 164
86 165
86 167
86 174
86 181
86 184
86 185
86 186
86 187
86 198
86 203
86 214
86 217
86 219
86 221
86 223
86 231
86 232
86 235
86 237
86 239
87 90
87 103
87 113
87 114
87 127
87 128
87 131
87 134
87 135
87 137
87 138
87 142
87 145
87 146
87 155
87 156
87 160
87 161
87 172
87 198
87 203
87 207
87 215
87 220
87 232
87 235
87 243
87 245
88 90
88 91
88 92
88 97
88 108
88 109
88 110
88 129
88 135
88 138
88 154
88 159
88 162
88 169
88 181
88 187
88 198
88 212
88 218
88 224
88 237
88 239
88 248
89 103
89 107
89 108
89 109
89 114
89 122
89 123
89 134
89 147
89 153
89 158
89 164
89 170
89 175
89 178
89 179
89 180
89 188
89 199
89 212
89 213
89 215
89 221
89 223
89 235
89 236
90 92
90 99
90 100
90 101
90 102
90 107
90 109
90 118
90 123
90 127
90 128
90 137
90 141
90 149
90 150
90 153
90 159
90 164
90 169
90 174
90 175
90 182
90 189
90 197
90 200
90 209
90 210
90 214
90 218
90 225
90 231
90 232
90 234
90 239
90 244
91 99
91 105
91 113
91 116
91 122
91 132
91 133
91 137
91 141
91 147
91 150
91 152
91 154
91 165
91 166
91 172
91 177
91 178
91 193
91 194
91 197
91 204
91 205
91 207
91 216
91 234
91 240
91 246
92 94
92 97
92 103
92 105
92 108
92 110
92 114
92 115
92 118
92 121
92 122
92 128
92 129
92 130
92 131
92 143
92 154
92 160
92 166
92 180
92 186
92 187
92 191
92 200
92 214
92 220
92 221
92 222
92 227
92 235
92 240
92 241
92 242
92 243
92 246
93 98
93 100
93 102
93 116
93 119
93 120
93 122
93 136
93 138
93 144
93 155
93 157
93 161
93 165
93 170
93 177
93 181
93 197
93 207
93 208
93 214
93 224
93 227
93 232
93 235
93 244
93 246
93 247
94 95
94 98
94 102
94 110
94 111
94 119
94 120
94 121
94 126
94 129
94 134
94 135
94 138
94 140
94 148
94 157
94 159
94 166
94 174
94 177
94 181
94 190
94 203
94 210
94 212
94 215
94 217
94 219
94 220
94 224
94 231
94 240
94 241
94 247
95 108
95 121
95 124
95 127
95 128
95 148
95 151
95 157
95 159
95 160
95 163
95 168
95 182
95 190
95 198
95 205
95 206
95 211
95 218
95 219
95 230
95 234
95 238
95 239
95 242
95 245
95 246
96 113
96 118
96 121
96 127
96 128
96 145
96 162
96 168
96 175
96 185
96 193
96 194
96 197
96 198
96 201
96 209
96 212
96 216
96 223
96 226
96 227
96 230
96 231
96 234
96 241
96 246
96 247
97 98
97 99
97 102
97 114
97 117
97 122
97 132
97 136
97 149
97 151
97 152
97 153
97 165
97 170
97 181
97 194
97 195
97 197
97 202
97 205
97 208
97 214
97 215
97 216
97 218
97 219
97 227
97 241
97 247
98 104
98 107
98 123
98 126
98 130
98 133
98 134
98 136
98 139
98 145
98 152
98 155
98 157
98 159
98 160
98 164
98 165
98 167
98 174
98 175
98 177
98 182
98 192
98 195
98 198
98 199
98 202
98 208
98 210
98 217
98 220
98 231
98 246
98 248
98 249
99 101
99 102
99 107
99 111
99 121
99 128
99 143
99 144
99 147
99 148
99 151
99 156
99 160
99 161
99 167
99 174
99 177
99 187
99 193
99 200
99 202
99 208
99 211
99 229
99 231
99 242
99 243
99 244
99 247
100 101
100 102
100 106
100 107
100 108
100 112
100 114
100 117
100 131
100 132
100 136
100 138
100 146
100 153
100 154
100 158
100 172
100 181
100 185
100 186
100 187
100 189
100 192
100 204
100 211
100 217
100 229
100 232
100 241
100 242
100 248
100 249
101 106
101 135
101 136
101 138
101 141
101 144
101 148
101 152
101 154
101 157
101 169
101 172
101 173
101 176
101 178
101 183
101 185
101 187
101 190
101 191
101 192
101 195
101 202
101 210
101 211
101 213
101 217
101 222
101 227
101 230
101 231
101 235
101 236
101 246
102 104
102 105
102 108
102 110
102 124
102 130
102 133
102 137
102 141
102 148
102 151
102 164
102 167
102 168
102 169
102 175
102 177
102 188
102 190
102 195
102 196
102 198
102 201
102 204
102 205
102 210
102 212
102 216
102 226
102 228
102 240
102 244
103 104
103 106
103 110
103 124
103 125
103 127
103 133
103 135
103 136
103 139
103 148
103 149
103 156
103 158
103 168
103 169
103 176
103 185
103 190
103 194
103 196
103 205
103 208
103 211
103 215
103 222
103 226
103 227
103 237
103 239
103 240
103 247
103 248
104 110
104 114
104 116
104 119
104 123
104 126
104 130
104 145
104 146
104 152
104 155
104 157
104 158
104 159
104 163
104 167
104 174
104 177
104 178
104 184
104 190
104 195
104 202
104 203
104 204
104 205
104 208
104 211
104 217
104 220
104 222
104 230
104 232
104 233
104 238
104 245
105 106
105 109
105 114
105 119
105 120
105 128
105 129
105 138
105 146
105 147
105 164
105 167
105 169
105 170
105 173
105 178
105 179
105 183
105 187
105 191
105 192
105 196
105 203
105 208
105 218
105 220
105 225
105 229
105 235
105 238
105 239
105 240
105 247
105 248
106 114
106 115
106 122
106 131
106 136
106 137
106 139
106 140
106 147
106 160
106 169
106 172
106 175
106 178
106 179
106 183
106 193
106 200
106 202
106 203
106 206
106 215
106 220
106 222
106 229
106 230
106 231
106 232
106 239
106 241
106 247
107 120
107 129
107 159
107 170
107 172
107 181
107 184
107 195
107 199
107 202
107 210
107 220
107 225
107 239
107 249
108 112
108 121
108 132
108 134
108 135
108 137
108 145
108 147
108 153
108 154
108 163
108 166
108 182
108 186
108 202
108 205
108 210
108 213
108 221
108 226
108 235
108 238
108 239
108 243
109 110
109 119
109 120
109 133
109 142
109 146
109 157
109 164
109 165
109 176
109 177
109 180
109 192
109 193
109 198
109 203
109 204
109 207
109 210
109 212
109 229
110 121
110 123
110 127
110 130
110 132
110 134
110 136
110 138
110 139
110 141
110 144
110 148
110 150
110 156
110 162
110 175
110 180
110 182
110 184
110 187
110 191
110 203
110 213
110 225
110 226
110 227
110 228
110 237
111 114
111 118
111 127
111 135
111 141
111 144
111 150
111 158
111 159
111 165
111 180
111 183
111 192
111 193
111 195
111 199
111 200
111 210
111 213
111 215
111 218
111 225
111 227
111 235
111 237
111 244
112 114
112 119
112 128
112 141
112 144
112 148
112 155
112 156
112 157
112 158
112 165
112 167
112 168
112 169
112 180
112 184
112 188
112 193
112 194
112 195
112 198
112 206
112 216
112 218
112 221
112 224
112 226
112 236
112 238
112 243
112 249
113 115
113 116
113 119
113 134
113 156
113 157
113 159
113 165
113 171
113 178
113 180
113 181
113 183
113 185
113 194
113 195
113 206
113 207
113 213
113 220
113 232
113 234
113 235
113 237
113 246
114 119
114 121
114 133
114 149
114 150
114 155
114 161
114 162
114 165
114 168
114 179
114 189
114 194
114 200
114 201
114 209
114 216
114 221
114 226
114 236
114 238
114 241
114 245
114 247
115 117
115 120
115 121
115 122
115 123
115 128
115 138
115 139
115 141
115 150
115 151
115 160
115 162
115 163
115 167
115 168
115 174
115 187
115 192
115 195
115 199
115 210
115 218
115 228
115 234
115 244
116 117
116 121
116 124
116 126
116 133
116 136
116 140
116 144
116 158
116 160
116 174
116 189
116 194
116 203
116 218
116 233
116 239
117 124
117 126
117 130
117 131
117 142
117 151
117 154
117 157
117 158
117 160
117 165
117 170
117 173
117 176
117 177
117 184
117 190
117 193
117 194
117 198
117 199
117 208
117 214
117 215
117 223
117 227
117 230
117 232
117 238
117 239
117 247
117 249
118 126
118 129
118 134
118 137
118 150
118 155
118 156
118 159
118 160
118 165
118 167
118 176
118 179
118 200
118 201
118 209
118 228
118 229
118 230
118 231
118 239
118 240
118 244
118 245
118 246
119 125
119 126
119 128
119 133
119 134
119 135
119 136
119 142
119 147
119 148
119 152
119 167
119 183
119 186
119 189
119 193
119 208
119 212
119 221
119 228
119 233
119 245
120 121
120 125
120 128
120 132
120 149
120 152
120 157
120 161
120 163
120 166
120 179
120 200
120 210
120 213
120 224
120 228
120 232
120 237
120 239
120 240
121 122
121 133
121 134
121 143
121 144
121 146
121 154
121 157
121 161
121 164
121 168
121 169
121 171
121 175
121 177
121 191
121 195
121 196
121 200
121 203
121 208
121 210
121 217
121 218
121 231
121 235
121 237
121 238
121 248
122 135
122 139
122 140
122 143
122 146
122 151
122 156
122 165
122 174
122 176
122 181
122 183
122 184
122 186
122 187
122 188
122 189
122 190
122 191
122 193
122 200
122 203
122 206
122 222
122 227
122 233
122 236
122 245
122 247
123 125
123 129
123 133
123 137
123 140
123 142
123 147
123 149
123 159
123 169
123 175
123 182
123 183
123 184
123 193
123 199
123 205
123 208
123 215
123 217
123 221
123 224
123 232
123 233
123 237
123 238
123 240
123 242
123 243
123 245
124 129
124 132
124 144
124 146
124 153
124 160
124 161
124 162
124 179
124 187
124 190
124 196
124 207
124 211
124 215
124 216
124 227
124 231
124 233
124 234
124 236
124 237
125 143
125 145
125 147
125 148
125 153
125 155
125 159
125 166
125 168
125 175
125 176
125 181
125 182
125 184
125 188
125 190
125 191
125 201
125 208
125 209
125 211
125 212
125 213
125 214
125 217
125 226
125 235
125 249
126 130
126 145
126 146
126 153
126 160
126 164
126 169
126 170
126 172
126 177
126 185
126 189
126 200
126 205
126 208
126 209
126 215
126 217
126 220
126 224
126 229
126 233
126 241
127 139
127 145
127 155
127 157
127 162
127 177
127 195
127 202
127 209
127 216
127 217
127 229
127 235
127 236
127 246
128 133
128 140
128 141
128 143
128 146
128 149
128 167
128 169
128 183
128 185
128 187
128 190
128 191
128 206
128 207
128 208
128 212
128 214
128 218
128 230
128 236
128 245
128 246
129 139
129 144
129 146
129 149
129 158
129 163
129 165
129 171
129 173
129 177
129 179
129 189
129 193
129 200
129 201
129 202
129 213
129 214
129 216
129 220
129 229
129 231
129 233
129 246
129 249
130 139
130 150
130 153
130 156
130 161
130 166
130 169
130 179
130 182
130 187
130 189
130 197
130 201
130 203
130 204
130 207
130 212
130 213
130 219
130 221
130 223
130 230
130 234
130 243
130 248
131 133
131 143
131 146
131 147
131 149
131 153
131 163
131 173
131 178
131 181
131 193
131 200
131 201
131 206
131 207
131 212
131 213
131 217
131 222
131 232
131 234
131 240
131 246
131 247
131 249
132 136
132 139
132 143
132 148
132 149
132 156
132 158
132 163
132 164
132 171
132 175
132 176
132 182
132 194
132 220
132 224
132 226
132 227
132 233
133 134
133 137
133 140
133 141
133 165
133 167
133 169
133 173
133 178
133 183
133 188
133 189
133 197
133 201
133 203
133 208
133 213
133 228
133 231
133 242
133 243
133 245
133 249
134 135
134 146
134 151
134 154
134 157
134 160
134 165
134 169
134 171
134 173
134 174
134 176
134 185
134 186
134 198
134 201
134 203
134 215
134 219
134 224
134 225
134 228
134 234
134 238
134 248
135 141
135 146
135 147
135 153
135 154
135 156
135 162
135 170
135 173
135 175
135 176
135 187
135 190
135 191
135 193
135 201
135 203
135 206
135 207
135 213
135 214
135 216
135 220
135 233
135 236
135 237
135 245
136 137
136 149
136 154
136 158
136 160
136 163
136 167
136 169
136 172
136 182
136 184
136 187
136 188
136 190
136 204
136 211
136 213
136 215
136 216
136 218
136 220
136 223
136 227
136 230
136 231
136 234
136 239
136 243
136 245
136 246
136 247
137 140
137 141
137 147
137 149
137 151
137 154
137 156
137 158
137 159
137 161
137 166
137 167
137 171
137 172
137 179
137 186
137 189
137 200
137 203
137 206
137 232
137 233
137 241
137 242
137 247
137 248
137 249
138 139
138 141
138 145
138 146
138 152
138 157
138 161
138 163
138 167
138 169
138 180
138 185
138 193
138 204
138 206
138 207
138 208
138 209
138 213
138 214
138 217
138 220
138 231
138 233
138 235
138 236
138 239
138 242
139 140
139 142
139 147
139 155
139 159
139 164
139 165
139 171
139 179
139 184
139 185
139 186
139 187
139 194
139 206
139 207
139 211
139 213
139 221
139 231
139 237
139 241
139 248
140 141
140 149
140 150
140 156
140 162
140 163
140 177
140 189
140 200
140 203
140 208
140 209
140 213
140 216
140 219
140 221
140 224
140 230
140 236
140 237
141 148
141 159
141 168
141 182
141 186
141 203
141 212
141 213
141 215
141 216
141 221
141 227
141 229
141 230
141 233
141 236
141 241
141 243
141 249
142 143
142 169
142 170
142 172
142 178
142 179
142 181
142 185
142 186
142 191
142 195
142 198
142 202
142 203
142 207
142 209
142 210
142 213
142 219
142 226
142 246
142 247
142 248
142 249
143 145
143 154
143 163
143 165
143 175
143 178
143 179
143 180
143 185
143 186
143 193
143 194
143 195
143 199
143 205
143 209
143 215
143 227
143 230
143 237
143 244
144 145
144 147
144 149
144 152
144 157
144 161
144 167
144 172
144 176
144 178
144 200
144 212
144 224
144 233
144 235
144 239
145 147
145 148
145 150
145 159
145 162
145 163
145 164
145 172
145 173
145 175
145 178
145 179
145 184
145 194
145 217
145 218
145 220
145 223
145 231
145 236
145 238
145 239
145 242
145 244
145 245
146 147
146 153
146 155
146 168
146 172
146 173
146 177
146 178
146 179
146 193
146 194
146 201
146 204
146 206
146 207
146 209
146 210
146 215
146 220
146 222
146 223
146 229
146 233
146 237
146 238
146 243
146 248
146 249
147 153
147 158
147 159
147 160
147 163
147 164
147 171
147 173
147 174
147 175
147 178
147 180
147 181
147 182
147 183
147 191
147 195
147 198
147 199
147 200
147 209
147 214
147 217
147 219
147 223
147 228
147 239
147 241
147 248
148 156
148 168
148 170
148 175
148 194
148 196
148 204
148 205
148 212
148 216
148 217
148 219
148 220
148 222
148 223
148 225
148 228
148 229
148 232
148 236
148 239
148 240
148 242
148 243
148 244
148 249
149 152
149 159
149 161
149 164
149 169
149 192
149 195
149 206
149 212
149 218
149 219
149 223
149 224
149 226
149 233
149 241
150 152
150 155
150 157
150 166
150 171
150 172
150 174
150 178
150 188
150 190
150 191
150 192
150 193
150 195
150 206
150 207
150 208
150 210
150 227
150 233
150 248
151 159
151 176
151 180
151 182
151 185
151 186
151 196
151 202
151 207
151 208
151 209
151 210
151 213
151 214
151 219
151 220
151 221
151 224
151 228
151 232
151 233
151 235
151 237
151 244
152 153
152 165
152 190
152 195
152 196
152 198
152 207
152 209
152 211
152 212
152 218
152 221
152 222
152 223
152 232
152 233
152 235
152 237
152 240
152 243
152 245
152 249
153 158
153 162
153 163
153 167
153 169
153 173
153 177
153 189
153 190
153 196
153 199
153 209
153 230
153 232
153 237
153 244
153 245
153 249
154 166
154 169
154 171
154 173
154 183
154 187
154 189
154 196
154 197
154 205
154 210
154 211
154 212
154 215
154 217
154 218
154 222
154 224
154 234
154 239
154 249
155 157
155 160
155 163
155 174
155 181
155 202
155 206
155 208
155 218
155 221
155 225
155 226
155 228
155 229
155 230
155 231
155 234
155 246
156 160
156 165
156 167
156 175
156 181
156 191
156 205
156 206
156 210
156 212
156 221
156 229
157 164
157 166
157 172
157 173
157 175
157 181
157 186
157 188
157 191
157 194
157 205
157 214
157 229
157 245
158 169
158 173
158 174
158 175
158 176
158 185
158 188
158 190
158 193
158 195
158 198
158 200
158 206
158 211
158 218
158 224
158 230
158 236
158 238
159 168
159 170
159 174
159 176
159 181
159 187
159 199
159 201
159 202
159 210
159 218
159 219
159 243
159 245
159 248
160 167
160 178
160 179
160 185
160 187
160 188
160 208
160 210
160 216
160 217
160 225
160 238
160 240
160 241
161 165
161 171
161 173
161 176
161 186
161 190
161 191
161 192
161 208
161 220
161 221
161 225
161 227
161 232
161 236
161 237
161 241
162 163
162 169
162 170
162 177
162 178
162 179
162 181
162 187
162 197
162 201
162 205
162 209
162 210
162 212
162 213
162 216
162 218
162 220
162 226
162 229
162 237
162 239
162 241
162 243
163 165
163 167
163 170
163 175
163 180
163 188
163 189
163 190
163 201
163 202
163 211
163 216
163 236
163 240
163 243
163 245
163 246
164 168
164 169
164 175
164 180
164 184
164 189
164 194
164 209
164 217
164 228
164 234
164 242
164 247
165 176
165 178
165 179
165 192
165 197
165 202
165 204
165 207
165 210
165 213
165 248
166 173
166 186
166 188
166 192
166 194
166 198
166 204
166 210
166 215
166 225
166 232
166 243
166 249
167 170
167 174
167 175
167 176
167 188
167 189
167 190
167 191
167 209
167 211
167 216
167 217
167 218
167 227
167 229
167 232
167 235
168 172
168 174
168 181
168 202
168 209
168 213
168 215
168 218
168 230
168 232
168 234
168 240
168 241
168 246
168 247
168 248
168 249
169 172
169 175
169 180
169 185
169 203
169 204
169 205
169 207
169 210
169 211
169 215
169 218
169 224
169 225
169 229
169 232
169 242
169 244
169 246
169 249
170 171
170 173
170 175
170 178
170 182
170 184
170 190
170 191
170 195
170 204
170 205
170 235
170 239
170 240
170 248
171 177
171 184
171 185
171 196
171 199
171 200
171 204
171 205
171 220
171 223
171 224
171 227
171 239
171 248
172 176
172 178
172 184
172 196
172 200
172 201
172 205
172 211
172 212
172 225
172 228
172 230
172 232
172 233
172 235
172 238
172 239
172 249
173 179
173 184
173 185
173 187
173 194
173 202
173 206
173 209
173 223
173 226
173 229
173 230
173 235
173 236
173 237
173 238
173 248
174 175
174 181
174 182
174 183
174 192
174 196
174 197
174 203
174 204
174 206
174 208
174 211
174 212
174 213
174 214
174 218
174 221
174 222
174 224
174 225
174 226
174 239
174 243
174 245
174 246
174 248
174 249
175 176
175 183
175 189
175 193
175 195
175 196
175 199
175 203
175 204
175 205
175 207
175 209
175 212
175 214
175 215
175 220
175 229
175 230
175 238
175 239
175 245
175 249
176 179
176 182
176 189
176 192
176 203
176 207
176 209
176 210
176 212
176 225
176 227
176 242
176 247
176 248
177 184
177 191
177 209
177 210
177 212
177 214
177 216
177 220
177 225
177 226
177 228
177 233
177 234
177 239
177 241
177 247
178 184
178 189
178 192
178 194
178 216
178 217
178 218
178 219
178 224
178 232
178 234
178 235
178 242
179 182
179 186
179 194
179 213
179 216
179 220
179 221
179 225
179 229
179 230
179 231
179 235
179 236
179 239
179 240
179 247
179 248
180 183
180 187
180 188
180 189
180 190
180 198
180 204
180 219
180 225
180 238
181 186
181 187
181 193
181 201
181 202
181 204
181 224
181 225
181 226
181 232
181 233
181 240
181 249
182 186
182 193
182 195
182 203
182 206
182 210
182 220
182 221
182 223
182 227
182 228
182 233
182 235
182 242
182 248
183 184
183 188
183 193
183 197
183 198
183 201
183 217
183 220
183 223
183 229
183 230
183 236
184 187
184 193
184 204
184 206
184 209
184 210
184 213
184 214
184 223
184 225
184 230
184 237
184 249
185 189
185 207
185 214
185 220
185 222
185 228
185 229
185 241
185 242
185 243
186 189
186 196
186 216
186 218
186 224
186 228
186 236
186 247
186 248
187 196
187 208
187 215
187 227
187 230
187 244
187 246
187 247
187 249
188 189
188 194
188 197
188 202
188 207
188 214
188 215
188 217
188 220
188 223
188 224
188 226
188 231
188 232
188 233
189 198
189 199
189 200
189 208
189 212
189 213
189 242
189 245
189 249
190 194
190 202
190 203
190 204
190 206
190 227
190 234
190 240
190 242
191 197
191 201
191 203
191 204
191 216
191 223
191 237
191 245
192 193
192 196
192 200
192 202
192 204
192 207
192 217
192 220
192 232
192 233
192 234
192 236
192 243
192 245
193 197
193 199
193 202
193 228
193 231
193 232
193 234
193 243
193 249
194 196
194 206
194 219
194 224
194 235
194 242
194 244
195 201
195 206
195 207
195 208
195 210
195 213
195 222
195 223
195 229
195 232
195 234
195 239
196 199
196 202
196 215
196 217
196 228
196 231
196 232
196 233
196 242
196 243
197 198
197 204
197 205
197 206
197 208
197 209
197 210
197 214
197 221
197 224
197 227
197 228
197 231
197 238
198 212
198 213
198 233
198 236
198 242
198 246
198 248
198 249
199 205
199 210
199 212
199 213
199 215
199 218
199 223
199 225
199 227
199 230
199 236
199 243
200 209
200 210
200 211
200 216
200 218
200 222
200 231
200 234
200 235
200 237
200 238
201 213
201 215
201 221
201 228
201 229
201 248
201 249
202 204
202 211
202 218
202 228
202 243
202 245
203 206
203 208
203 213
203 218
203 219
203 220
203 225
203 228
203 230
203 231
203 241
203 245
203 247
203 249
204 205
204 215
204 224
204 226
204 227
204 229
204 232
204 236
204 241
204 246
204 247
204 248
205 211
205 212
205 215
205 216
205 217
205 218
205 220
205 229
205 234
205 235
205 241
205 245
205 246
206 212
206 214
206 215
206 219
206 223
206 227
206 228
206 232
206 242
207 217
207 236
207 238
207 242
207 246
208 213
208 223
208 224
208 226
208 230
208 236
208 239
208 245
209 212
209 213
209 214
209 216
209 217
209 224
209 225
209 228
209 243
209 248
210 214
210 218
210 237
210 243
210 249
211 212
211 213
211 220
211 223
211 226
211 231
211 237
211 240
212 214
212 215
212 223
212 224
212 225
212 231
212 238
212 241
212 246
212 248
212 249
213 218
213 226
213 227
213 228
213 229
213 230
213 236
213 237
213 238
213 239
213 244
214 223
214 226
214 230
214 231
214 233
214 243
215 229
215 242
215 243
215 244
215 248
216 232
216 238
216 239
217 220
217 226
217 233
217 241
218 219
218 225
218 227
218 231
218 232
218 233
218 240
218 241
218 243
218 245
219 234
219 236
219 239
219 247
219 249
220 223
220 224
220 226
220 227
220 234
220 236
220 241
220 244
221 222
221 226
221 228
221 230
221 239
221 244
221 245
222 231
222 234
222 235
222 243
223 226
223 233
223 237
223 239
223 241
223 243
223 244
223 246
223 249
224 225
224 236
224 239
224 245
225 227
225 228
225 231
225 232
225 237
225 240
225 243
225 246
226 227
226 246
227 242
227 248
228 231
228 248
229 232
229 234
229 239
229 240
229 248
230 233
230 239
230 245
230 246
230 248
231 245
231 248
232 237
232 239
232 241
232 244
232 245
233 236
233 237
233 238
233 239
233 248
234 241
234 244
234 245
234 246
235 236
236 240
236 247
239 240
242 243
244 245
244 247
245 246
245 247
245 248
