100 2880
48 89
53 98
54 76
47 21
89 23
20 35
28 37
34 31
51 47
89 75
68 65
35 20
23 56
80 36
89 54
82 96
35 77
63 62
39 39
51 58
91 74
80 46
85 66
43 48
79 43
95 20
38 62
37 28
21 48
74 77
66 42
98 76
72 78
12 21
79 83
76 17
85 74
97 91
50 98
86 15
84 21
89 83
33 90
10 15
99 71
67 89
87 37
88 15
73 87
46 93
47 25
65 93
41 55
66 65
99 97
80 84
100 79
58 51
50 71
52 49
39 47
85 77
27 79
98 47
85 52
34 95
47 68
94 17
32 10
72 78
52 25
16 12
74 31
69 99
33 64
68 81
82 65
17 95
42 49
88 53
88 49
79 46
42 47
90 80
24 73
25 25
47 27
59 42
96 24
28 47
15 76
62 81
53 96
10 50
86 62
96 66
83 33
68 49
64 91
61 81
1967
0 3
0 6
0 9
0 10
0 11
0 12
0 15
0 16
0 19
0 20
0 22
0 24
0 25
0 26
0 28
0 35
0 36
0 37
0 38
0 44
0 45
0 46
0 47
0 48
0 51
0 54
0 57
0 58
0 59
0 62
0 65
0 68
0 70
0 74
0 75
0 77
0 83
0 87
0 88
0 90
0 97
0 98
1 12
1 16
1 17
1 19
1 20
1 21
1 22
1 27
1 28
1 31
1 36
1 38
1 39
1 43
1 49
1 54
1 58
1 64
1 65
1 72
1 73
1 74
1 77
1 79
1 80
1 84
1 85
1 89
1 90
1 93
1 95
1 96
1 97
1 98
2 5
2 6
2 9
2 11
2 13
2 14
2 15
2 19
2 20
2 22
2 23
2 25
2 26
2 28
2 29
2 32
2 34
2 36
2 42
2 43
2 45
2 46
2 48
2 49
2 52
2 55
2 56
2 57
2 58
2 60
2 62
2 64
2 66
2 70
2 71
2 72
2 74
2 80
2 82
2 85
2 87
2 89
2 91
2 93
2 98
3 10
3 15
3 17
3 19
3 25
3 27
3 28
3 29
3 34
3 37
3 39
3 46
3 47
3 48
3 54
3 55
3 57
3 60
3 62
3 65
3 66
3 69
3 70
3 72
3 77
3 78
3 83
3 84
3 86
3 90
3 91
3 92
3 93
3 96
3 97
3 98
4 12
4 15
4 16
4 19
4 20
4 21
4 24
4 29
4 31
4 33
4 35
4 36
4 37
4 41
4 42
4 43
4 46
4 50
4 51
4 58
4 61
4 66
4 67
4 68
4 72
4 73
4 74
4 76
4 80
4 81
4 82
4 85
4 90
4 91
4 94
4 95
4 96
5 6
5 8
5 9
5 10
5 14
5 16
5 21
5 24
5 25
5 27
5 28
5 30
5 33
5 35
5 37
5 39
5 42
5 47
5 48
5 51
5 62
5 68
5 70
5 73
5 75
5 76
5 81
5 85
5 90
5 91
5 95
5 96
6 8
6 9
6 15
6 19
6 20
6 22
6 25
6 30
6 35
6 37
6 38
6 40
6 45
6 50
6 52
6 53
6 54
6 55
6 60
6 61
6 65
6 67
6 69
6 74
6 75
6 77
6 78
6 81
6 84
6 87
6 89
6 92
6 95
6 97
7 11
7 14
7 16
7 19
7 20
7 22
7 28
7 31
7 32
7 33
7 35
7 36
7 37
7 39
7 41
7 43
7 48
7 51
7 52
7 55
7 56
7 57
7 58
7 60
7 63
7 65
7 66
7 73
7 76
7 78
7 86
7 88
7 93
7 99
8 11
8 12
8 13
8 14
8 16
8 17
8 19
8 23
8 24
8 26
8 27
8 31
8 35
8 39
8 44
8 45
8 46
8 49
8 51
8 52
8 56
8 58
8 62
8 63
8 66
8 67
8 73
8 74
8 75
8 76
8 79
8 81
8 82
8 83
8 84
8 85
8 86
8 87
8 89
8 90
8 91
8 92
8 93
8 94
8 95
8 96
8 98
8 99
9 12
9 14
9 16
9 18
9 20
9 23
9 25
9 30
9 31
9 32
9 33
9 35
9 36
9 38
9 43
9 45
9 48
9 49
9 51
9 52
9 54
9 60
9 63
9 65
9 67
9 68
9 69
9 70
9 74
9 76
9 77
9 78
9 83
9 84
9 85
9 86
9 88
9 91
9 92
9 94
9 98
10 11
10 13
10 16
10 22
10 23
10 24
10 26
10 28
10 29
10 30
10 32
10 33
10 35
10 36
10 37
10 39
10 41
10 42
10 45
10 48
10 50
10 52
10 55
10 58
10 59
10 60
10 61
10 66
10 70
10 71
10 72
10 76
10 77
10 84
10 87
10 91
10 92
10 93
11 13
11 20
11 21
11 22
11 27
11 28
11 30
11 32
11 38
11 39
11 40
11 45
11 46
11 47
11 50
11 55
11 57
11 58
11 59
11 60
11 62
11 63
11 71
11 74
11 77
11 78
11 81
11 83
11 85
11 94
11 95
11 98
12 13
12 18
12 20
12 28
12 29
12 30
12 33
12 34
12 46
12 48
12 49
12 52
12 53
12 54
12 55
12 59
12 60
12 62
12 63
12 64
12 65
12 67
12 68
12 74
12 75
12 76
12 79
12 80
12 83
12 84
12 86
12 87
12 88
12 94
12 98
13 14
13 17
13 18
13 21
13 22
13 23
13 24
13 25
13 30
13 31
13 34
13 35
13 39
13 46
13 51
13 53
13 58
13 61
13 62
13 64
13 66
13 67
13 75
13 76
13 78
13 81
13 83
13 84
13 85
13 86
13 91
13 93
13 94
13 96
13 98
14 15
14 21
14 29
14 30
14 31
14 35
14 38
14 41
14 42
14 46
14 47
14 48
14 49
14 54
14 56
14 59
14 61
14 64
14 69
14 72
14 73
14 74
14 76
14 81
14 84
14 88
14 91
14 94
14 95
15 18
15 19
15 20
15 23
15 25
15 27
15 32
15 33
15 34
15 36
15 49
15 50
15 52
15 54
15 55
15 63
15 64
15 69
15 70
15 71
15 76
15 77
15 80
15 82
15 83
15 85
15 87
15 88
15 89
15 93
15 94
16 23
16 25
16 26
16 34
16 35
16 37
16 39
16 46
16 48
16 50
16 53
16 55
16 57
16 61
16 66
16 69
16 70
16 72
16 74
16 77
16 79
16 81
16 82
16 83
16 85
16 93
16 97
16 98
17 18
17 19
17 20
17 25
17 26
17 28
17 30
17 38
17 39
17 41
17 45
17 48
17 50
17 53
17 55
17 56
17 58
17 60
17 62
17 67
17 70
17 71
17 74
17 77
17 80
17 82
17 87
17 89
17 92
17 94
17 96
17 97
17 98
18 20
18 21
18 23
18 24
18 26
18 29
18 32
18 34
18 35
18 36
18 39
18 40
18 43
18 45
18 47
18 49
18 51
18 52
18 53
18 59
18 60
18 61
18 64
18 68
18 76
18 77
18 79
18 81
18 82
18 83
18 85
18 86
18 93
18 94
18 95
18 96
18 99
19 27
19 30
19 32
19 34
19 35
19 38
19 39
19 40
19 41
19 43
19 44
19 45
19 46
19 47
19 48
19 52
19 54
19 57
19 58
19 61
19 63
19 64
19 71
19 72
19 74
19 76
19 83
19 86
19 91
19 92
19 96
19 99
20 22
20 23
20 24
20 26
20 27
20 29
20 30
20 31
20 33
20 34
20 36
20 37
20 38
20 39
20 42
20 47
20 49
20 51
20 54
20 56
20 59
20 60
20 63
20 65
20 66
20 67
20 68
20 70
20 72
20 73
20 78
20 82
20 84
20 91
20 92
20 93
20 94
20 95
21 22
21 23
21 27
21 29
21 30
21 32
21 33
21 37
21 38
21 39
21 40
21 45
21 49
21 53
21 54
21 57
21 58
21 61
21 62
21 63
21 64
21 66
21 67
21 68
21 69
21 71
21 73
21 79
21 82
21 83
21 86
21 89
21 93
21 96
21 98
22 26
22 37
22 39
22 43
22 46
22 48
22 53
22 56
22 57
22 61
22 63
22 64
22 67
22 69
22 71
22 72
22 74
22 82
22 83
22 86
22 87
22 95
22 96
23 24
23 25
23 26
23 30
23 31
23 38
23 40
23 41
23 43
23 53
23 54
23 56
23 60
23 61
23 62
23 63
23 64
23 67
23 71
23 75
23 76
23 78
23 82
23 83
23 88
23 89
23 93
23 96
24 28
24 29
24 31
24 34
24 36
24 38
24 40
24 42
24 50
24 51
24 59
24 63
24 65
24 66
24 69
24 71
24 73
24 81
24 82
24 83
24 86
24 88
24 89
24 90
24 92
24 93
24 95
24 98
24 99
25 28
25 32
25 34
25 35
25 36
25 38
25 40
25 41
25 45
25 51
25 54
25 57
25 60
25 61
25 63
25 64
25 67
25 68
25 71
25 73
25 76
25 77
25 78
25 81
25 83
25 84
25 87
25 88
25 91
25 93
25 94
26 28
26 29
26 33
26 36
26 37
26 38
26 39
26 40
26 46
26 47
26 52
26 53
26 54
26 55
26 56
26 57
26 60
26 61
26 66
26 70
26 71
26 74
26 77
26 81
26 82
26 83
26 84
26 88
26 91
26 92
26 98
27 30
27 32
27 34
27 39
27 41
27 44
27 45
27 48
27 51
27 53
27 54
27 55
27 58
27 61
27 66
27 68
27 71
27 75
27 84
27 86
27 87
27 88
27 92
27 98
28 31
28 34
28 35
28 37
28 38
28 40
28 42
28 43
28 44
28 46
28 48
28 53
28 57
28 62
28 65
28 66
28 73
28 74
28 75
28 80
28 81
28 84
28 85
28 92
28 93
28 94
28 96
28 98
28 99
29 31
29 35
29 39
29 42
29 49
29 53
29 54
29 56
29 57
29 62
29 68
29 70
29 72
29 75
29 79
29 80
29 83
29 84
29 90
29 91
29 94
29 95
30 35
30 36
30 39
30 42
30 48
30 50
30 52
30 55
30 56
30 60
30 64
30 65
30 69
30 70
30 77
30 79
30 80
30 81
30 82
30 84
30 86
30 88
30 94
30 95
30 96
31 35
31 36
31 40
31 41
31 43
31 57
31 60
31 61
31 69
31 71
31 74
31 81
31 83
31 84
31 93
31 94
31 97
31 99
32 34
32 39
32 43
32 45
32 47
32 49
32 52
32 55
32 64
32 66
32 68
32 75
32 78
32 79
32 80
32 82
32 83
32 84
32 87
32 94
32 99
33 36
33 50
33 55
33 57
33 58
33 60
33 61
33 62
33 63
33 67
33 69
33 70
33 71
33 74
33 79
33 81
33 86
33 89
33 91
33 92
33 96
33 99
34 37
34 47
34 48
34 50
34 52
34 54
34 55
34 56
34 63
34 64
34 65
34 67
34 70
34 71
34 75
34 77
34 78
34 79
34 80
34 81
34 84
34 86
34 89
34 92
34 93
34 94
34 95
34 98
35 40
35 50
35 51
35 52
35 53
35 54
35 55
35 56
35 57
35 58
35 59
35 62
35 71
35 72
35 73
35 75
35 77
35 78
35 79
35 82
35 83
35 84
35 92
35 94
35 96
35 97
36 38
36 40
36 41
36 45
36 46
36 47
36 48
36 49
36 50
36 51
36 53
36 56
36 59
36 62
36 71
36 74
36 75
36 76
36 77
36 79
36 89
36 90
36 91
36 92
36 95
36 97
37 39
37 45
37 48
37 49
37 51
37 52
37 53
37 55
37 56
37 57
37 58
37 60
37 61
37 69
37 73
37 75
37 77
37 78
37 82
37 85
37 88
37 90
37 91
37 92
37 93
37 96
37 98
38 39
38 40
38 41
38 44
38 48
38 54
38 55
38 57
38 58
38 61
38 62
38 65
38 67
38 68
38 70
38 76
38 80
38 83
38 84
38 88
38 90
38 97
38 98
39 44
39 46
39 55
39 57
39 59
39 61
39 62
39 65
39 67
39 68
39 69
39 73
39 76
39 77
39 78
39 81
39 83
39 86
39 94
39 95
39 97
39 98
40 41
40 43
40 45
40 46
40 49
40 51
40 52
40 53
40 54
40 56
40 57
40 60
40 61
40 63
40 64
40 65
40 69
40 71
40 73
40 77
40 79
40 80
40 81
40 86
40 91
40 95
40 96
41 44
41 45
41 48
41 49
41 50
41 51
41 52
41 53
41 59
41 62
41 65
41 66
41 67
41 69
41 71
41 73
41 79
41 80
41 81
41 83
41 87
41 90
41 91
41 92
41 98
42 44
42 45
42 54
42 55
42 63
42 72
42 73
42 76
42 77
42 78
42 79
42 81
42 85
42 89
42 90
42 91
42 93
42 95
42 96
42 98
42 99
43 46
43 47
43 52
43 53
43 57
43 59
43 60
43 61
43 63
43 64
43 67
43 68
43 69
43 72
43 73
43 78
43 80
43 83
43 84
43 88
43 90
43 91
43 92
43 93
43 94
43 96
44 45
44 48
44 50
44 57
44 58
44 61
44 63
44 69
44 70
44 72
44 76
44 77
44 78
44 79
44 83
44 84
44 85
44 86
44 89
44 91
44 92
44 93
44 94
44 95
44 97
44 98
44 99
45 47
45 50
45 51
45 52
45 53
45 54
45 56
45 57
45 58
45 62
45 64
45 69
45 74
45 75
45 81
45 82
45 83
45 84
45 86
45 88
45 91
45 92
45 94
45 95
45 96
46 47
46 49
46 50
46 53
46 55
46 57
46 61
46 62
46 68
46 70
46 74
46 76
46 77
46 78
46 80
46 81
46 82
46 83
46 84
46 89
46 91
46 94
46 96
47 49
47 50
47 53
47 56
47 59
47 61
47 64
47 66
47 67
47 72
47 76
47 77
47 78
47 79
47 81
47 82
47 83
47 84
47 88
47 90
47 91
47 95
47 96
47 98
47 99
48 53
48 55
48 57
48 61
48 63
48 65
48 66
48 68
48 71
48 73
48 79
48 87
48 90
48 91
48 92
48 95
48 97
48 99
49 51
49 52
49 53
49 54
49 55
49 57
49 63
49 66
49 70
49 71
49 72
49 76
49 77
49 78
49 79
49 81
49 85
49 87
49 91
49 93
50 54
50 57
50 62
50 63
50 65
50 66
50 69
50 70
50 73
50 75
50 80
50 81
50 83
50 84
50 87
50 88
50 89
50 92
50 93
50 94
50 95
50 96
50 97
50 99
51 52
51 54
51 55
51 57
51 58
51 60
51 61
51 65
51 66
51 68
51 69
51 72
51 73
51 74
51 75
51 76
51 78
51 79
51 83
51 84
51 89
51 90
51 92
51 93
51 99
52 54
52 55
52 58
52 59
52 72
52 78
52 79
52 83
52 85
52 91
52 94
52 96
52 97
52 98
52 99
53 59
53 63
53 67
53 69
53 70
53 71
53 72
53 76
53 77
53 82
53 83
53 85
53 88
53 90
53 99
54 56
54 58
54 61
54 62
54 65
54 68
54 71
54 72
54 75
54 77
54 78
54 83
54 84
54 87
54 97
54 98
55 57
55 58
55 61
55 66
55 69
55 73
55 75
55 83
55 86
55 92
55 98
56 58
56 59
56 60
56 61
56 67
56 75
56 76
56 79
56 80
56 81
56 82
56 83
56 87
56 88
56 89
56 98
56 99
57 58
57 60
57 72
57 77
57 79
57 80
57 83
57 84
57 85
57 87
57 89
57 91
57 92
57 95
57 96
57 98
58 60
58 66
58 69
58 71
58 73
58 76
58 78
58 80
58 81
58 82
58 97
58 98
58 99
59 60
59 62
59 65
59 67
59 68
59 70
59 71
59 74
59 75
59 82
59 83
59 84
59 85
59 87
59 89
59 90
59 93
59 95
59 96
59 97
59 98
60 61
60 62
60 63
60 64
60 65
60 67
60 70
60 74
60 75
60 76
60 77
60 78
60 82
60 84
60 85
60 86
60 87
60 90
60 93
60 95
61 62
61 63
61 64
61 66
61 71
61 72
61 75
61 80
61 81
61 84
61 85
61 93
61 97
61 98
62 63
62 65
62 67
62 69
62 70
62 78
62 79
62 82
62 84
62 90
62 92
62 94
62 95
62 99
63 65
63 66
63 68
63 72
63 74
63 77
63 78
63 83
63 86
63 88
63 90
63 92
63 93
63 98
63 99
64 65
64 66
64 70
64 71
64 72
64 75
64 76
64 81
64 83
64 84
64 86
64 87
64 89
64 90
64 93
64 95
64 96
64 97
65 71
65 73
65 75
65 76
65 79
65 80
65 83
65 87
65 89
65 90
65 92
65 94
65 97
65 99
66 67
66 68
66 70
66 72
66 74
66 78
66 81
66 82
66 83
66 86
66 87
66 88
66 90
66 91
66 94
66 99
67 68
67 72
67 74
67 76
67 78
67 81
67 82
67 84
67 86
67 87
67 91
67 93
67 94
67 96
68 69
68 70
68 71
68 72
68 73
68 76
68 79
68 80
68 89
68 91
68 94
68 96
68 99
69 70
69 71
69 73
69 75
69 80
69 82
69 83
69 88
69 89
69 91
69 92
69 93
69 97
70 72
70 74
70 77
70 78
70 79
70 86
70 87
70 88
70 89
70 91
70 93
70 96
70 97
71 83
71 88
71 90
71 91
71 92
71 93
71 96
72 74
72 77
72 78
72 79
72 80
72 81
72 82
72 84
72 87
72 93
72 94
72 95
72 96
72 97
72 98
73 74
73 78
73 80
73 81
73 82
73 87
73 89
73 90
73 91
73 92
73 98
73 99
74 81
74 83
74 84
74 85
74 91
74 92
74 93
74 95
74 97
74 98
75 76
75 79
75 80
75 83
75 87
75 97
75 98
76 78
76 79
76 80
76 82
76 83
76 85
76 88
76 91
76 92
76 94
76 95
76 97
76 98
76 99
77 80
77 81
77 82
77 84
77 86
77 89
77 97
77 98
78 82
78 86
78 88
78 93
78 94
78 98
79 80
79 82
79 84
79 88
79 90
79 91
79 92
79 94
79 98
79 99
80 81
80 84
80 89
80 90
80 93
81 82
81 84
81 86
81 89
81 98
82 90
82 91
82 93
82 94
82 99
83 84
83 85
83 91
83 99
84 87
84 90
84 93
84 96
84 97
84 99
85 86
85 89
85 92
85 94
86 92
86 98
87 92
87 93
87 97
87 99
88 89
88 90
88 95
88 96
88 98
89 91
89 95
90 91
90 92
90 94
90 95
90 96
90 97
91 92
91 98
92 95
92 97
92 99
94 95
94 97
95 97
95 98
95 99
96 97
96 98
96 99
97 98
98 99
