200 5329
75 20
69 20
14 15
48 33
45 30
42 64
55 80
26 64
36 24
89 14
45 40
87 25
97 51
32 20
49 18
59 54
67 56
77 18
85 71
91 13
16 14
24 95
61 98
92 31
78 77
56 34
53 46
49 36
40 55
35 11
53 76
90 93
69 96
13 18
30 76
28 79
43 11
97 21
61 24
65 18
10 68
10 11
33 21
79 49
13 93
44 19
81 70
54 37
73 58
58 51
90 51
75 82
49 20
27 81
84 26
68 96
70 84
82 10
26 60
93 18
88 78
89 68
24 88
25 66
82 87
38 50
42 23
75 70
90 45
65 80
58 36
69 59
30 34
17 95
66 83
92 11
48 59
15 41
53 65
77 48
87 70
15 96
33 94
32 79
40 67
36 32
68 24
90 72
52 14
79 63
94 29
38 85
62 79
62 94
91 76
12 65
60 96
25 49
11 13
40 68
10 40
56 49
51 30
82 84
73 13
56 22
75 79
54 91
74 25
27 84
42 21
67 50
46 69
12 17
30 97
65 47
73 32
30 92
87 12
64 88
77 35
20 100
52 24
41 45
66 62
75 34
16 81
21 86
42 79
82 99
26 80
89 88
81 28
55 19
67 87
69 73
91 21
29 85
28 72
64 77
21 87
39 87
73 17
15 99
80 72
68 77
10 96
55 90
80 12
13 51
58 87
41 39
45 24
40 50
64 44
71 17
57 87
40 63
37 49
76 34
56 100
50 53
22 87
71 34
44 30
23 21
95 19
13 87
45 92
52 13
81 20
94 17
59 20
96 36
22 62
14 11
21 14
36 37
12 19
24 17
69 13
18 61
90 74
62 44
78 72
63 27
71 55
100 64
13 32
76 86
38 99
65 92
75 73
55 26
75 96
73 72
38 32
54 95
39 43
24 19
3918
0 10
0 22
0 31
0 36
0 40
0 42
0 50
0 52
0 53
0 54
0 56
0 59
0 64
0 78
0 82
0 86
0 91
0 95
0 96
0 108
0 110
0 111
0 129
0 140
0 142
0 151
0 152
0 156
0 158
0 166
0 167
0 168
0 169
0 173
0 175
0 177
0 181
0 182
0 183
0 187
0 189
0 193
0 196
0 198
0 199
1 6
1 10
1 24
1 31
1 32
1 35
1 37
1 41
1 44
1 49
1 51
1 54
1 60
1 62
1 69
1 76
1 81
1 83
1 87
1 92
1 99
1 104
1 111
1 116
1 117
1 118
1 121
1 124
1 134
1 140
1 144
1 145
1 156
1 163
1 164
1 165
1 189
1 190
1 194
2 4
2 10
2 14
2 15
2 34
2 35
2 37
2 40
2 46
2 49
2 52
2 54
2 55
2 57
2 60
2 63
2 79
2 82
2 89
2 90
2 91
2 105
2 109
2 113
2 115
2 117
2 120
2 122
2 124
2 137
2 140
2 141
2 149
2 150
2 152
2 153
2 156
2 163
2 165
2 166
2 174
2 187
2 192
2 194
2 198
2 199
3 15
3 18
3 19
3 27
3 29
3 37
3 42
3 47
3 48
3 50
3 52
3 61
3 62
3 70
3 71
3 77
3 85
3 87
3 115
3 118
3 119
3 120
3 121
3 128
3 138
3 141
3 147
3 153
3 156
3 160
3 163
3 166
3 171
3 180
3 182
3 184
3 189
3 190
3 196
4 14
4 17
4 18
4 32
4 37
4 48
4 49
4 59
4 60
4 76
4 77
4 80
4 82
4 85
4 90
4 102
4 112
4 118
4 123
4 127
4 134
4 138
4 141
4 142
4 147
4 154
4 156
4 157
4 160
4 170
4 182
4 184
4 189
4 193
4 197
4 199
5 13
5 14
5 25
5 33
5 35
5 51
5 53
5 55
5 61
5 66
5 68
5 71
5 73
5 74
5 84
5 87
5 88
5 92
5 103
5 118
5 119
5 122
5 129
5 151
5 152
5 162
5 167
5 169
5 174
5 175
5 186
5 187
5 191
5 197
6 13
6 14
6 21
6 22
6 25
6 26
6 30
6 36
6 37
6 59
6 64
6 71
6 79
6 87
6 90
6 96
6 103
6 105
6 108
6 110
6 112
6 113
6 126
6 129
6 130
6 131
6 134
6 141
6 143
6 153
6 158
6 161
6 163
6 166
6 167
6 170
6 178
6 180
6 185
6 195
7 14
7 30
7 32
7 36
7 44
7 49
7 54
7 63
7 74
7 84
7 88
7 91
7 92
7 93
7 97
7 101
7 102
7 103
7 104
7 106
7 109
7 115
7 116
7 117
7 122
7 127
7 134
7 136
7 138
7 146
7 147
7 187
8 13
8 14
8 15
8 17
8 23
8 28
8 37
8 40
8 51
8 55
8 63
8 66
8 84
8 89
8 90
8 91
8 102
8 104
8 116
8 118
8 123
8 131
8 140
8 144
8 149
8 155
8 156
8 157
8 167
8 183
8 184
8 192
8 197
8 199
9 15
9 31
9 36
9 41
9 46
9 48
9 51
9 53
9 57
9 59
9 66
9 70
9 73
9 100
9 103
9 107
9 112
9 113
9 115
9 122
9 131
9 142
9 148
9 150
9 156
9 164
9 168
9 172
9 176
9 178
9 183
9 187
9 197
9 198
10 12
10 16
10 26
10 28
10 29
10 33
10 35
10 41
10 52
10 56
10 67
10 79
10 83
10 84
10 88
10 89
10 90
10 97
10 98
10 101
10 102
10 110
10 111
10 115
10 118
10 120
10 121
10 124
10 129
10 136
10 137
10 144
10 149
10 156
10 160
10 164
10 166
10 168
10 173
10 181
10 195
10 198
11 14
11 18
11 22
11 25
11 32
11 33
11 46
11 54
11 57
11 64
11 75
11 97
11 108
11 118
11 128
11 132
11 135
11 144
11 150
11 153
11 159
11 161
11 165
11 170
11 172
11 177
11 178
11 179
11 191
12 16
12 23
12 24
12 28
12 31
12 37
12 40
12 41
12 44
12 52
12 55
12 64
12 69
12 82
12 87
12 106
12 119
12 122
12 124
12 125
12 128
12 145
12 150
12 151
12 155
12 166
12 169
12 173
12 177
12 186
12 187
12 194
13 17
13 19
13 24
13 30
13 51
13 53
13 56
13 58
13 61
13 62
13 70
13 75
13 77
13 82
13 92
13 95
13 98
13 106
13 112
13 114
13 116
13 120
13 127
13 131
13 137
13 141
13 146
13 149
13 155
13 159
13 160
13 162
13 163
13 168
13 169
13 174
13 175
13 179
13 182
13 185
13 193
13 195
13 197
13 199
14 30
14 31
14 32
14 43
14 50
14 55
14 65
14 67
14 75
14 78
14 80
14 81
14 86
14 95
14 98
14 102
14 106
14 109
14 118
14 130
14 133
14 134
14 139
14 142
14 143
14 147
14 151
14 157
14 158
14 162
14 163
14 171
14 178
14 182
14 188
14 190
14 194
14 196
15 23
15 31
15 33
15 35
15 39
15 41
15 44
15 46
15 55
15 63
15 64
15 65
15 66
15 70
15 74
15 80
15 82
15 84
15 95
15 97
15 100
15 105
15 106
15 107
15 112
15 119
15 121
15 124
15 126
15 131
15 132
15 139
15 142
15 144
15 148
15 149
15 153
15 159
15 169
15 170
15 173
15 174
15 176
15 181
15 183
15 184
15 188
15 190
15 192
15 195
15 197
16 18
16 23
16 29
16 32
16 36
16 48
16 54
16 64
16 78
16 79
16 80
16 99
16 102
16 111
16 117
16 121
16 124
16 127
16 132
16 138
16 145
16 148
16 159
16 161
16 164
16 168
16 174
16 176
16 181
16 183
16 184
16 188
17 21
17 28
17 36
17 37
17 38
17 44
17 54
17 72
17 73
17 75
17 76
17 85
17 91
17 92
17 94
17 97
17 98
17 105
17 106
17 113
17 123
17 131
17 135
17 137
17 139
17 143
17 149
17 150
17 152
17 154
17 158
17 176
17 183
17 184
17 186
17 190
17 196
17 197
18 22
18 23
18 27
18 28
18 31
18 34
18 37
18 46
18 47
18 48
18 50
18 55
18 59
18 60
18 61
18 63
18 65
18 71
18 76
18 81
18 83
18 84
18 100
18 101
18 102
18 103
18 105
18 118
18 119
18 121
18 123
18 134
18 146
18 149
18 150
18 152
18 154
18 162
18 174
18 178
18 181
18 199
19 36
19 39
19 44
19 46
19 47
19 55
19 57
19 58
19 67
19 68
19 71
19 77
19 80
19 81
19 82
19 83
19 85
19 89
19 93
19 94
19 99
19 101
19 102
19 110
19 111
19 112
19 115
19 117
19 118
19 133
19 146
19 147
19 154
19 158
19 178
19 180
19 181
19 188
19 193
19 197
20 21
20 25
20 27
20 30
20 36
20 39
20 40
20 54
20 55
20 62
20 74
20 75
20 76
20 78
20 83
20 92
20 93
20 101
20 104
20 107
20 108
20 112
20 114
20 116
20 120
20 121
20 129
20 132
20 135
20 140
20 141
20 144
20 145
20 147
20 150
20 152
20 158
20 160
20 173
20 178
20 182
20 189
20 190
20 191
20 196
21 23
21 28
21 31
21 32
21 37
21 43
21 48
21 49
21 53
21 58
21 73
21 80
21 84
21 86
21 90
21 92
21 96
21 110
21 112
21 119
21 126
21 128
21 132
21 142
21 144
21 151
21 173
21 179
21 187
21 188
21 197
21 198
22 27
22 32
22 39
22 63
22 65
22 70
22 71
22 72
22 76
22 83
22 88
22 93
22 96
22 102
22 107
22 108
22 113
22 116
22 122
22 124
22 132
22 138
22 148
22 161
22 164
22 165
22 167
22 174
22 177
22 181
22 185
22 186
22 188
22 190
22 191
22 195
23 24
23 27
23 31
23 32
23 44
23 54
23 58
23 59
23 61
23 65
23 67
23 78
23 80
23 90
23 108
23 113
23 124
23 125
23 131
23 133
23 137
23 152
23 154
23 161
23 162
23 170
23 175
23 176
23 179
23 181
23 190
23 191
23 194
24 31
24 37
24 39
24 40
24 44
24 48
24 49
24 53
24 54
24 70
24 71
24 74
24 79
24 95
24 96
24 99
24 101
24 111
24 118
24 120
24 122
24 126
24 128
24 132
24 133
24 136
24 150
24 151
24 157
24 158
24 162
24 163
24 170
24 178
24 181
24 188
24 197
25 26
25 39
25 52
25 54
25 63
25 64
25 67
25 73
25 78
25 83
25 90
25 96
25 104
25 107
25 115
25 122
25 125
25 127
25 129
25 137
25 138
25 144
25 147
25 165
25 167
25 177
25 190
25 194
26 31
26 38
26 40
26 41
26 42
26 46
26 48
26 51
26 53
26 63
26 64
26 67
26 77
26 78
26 90
26 91
26 94
26 102
26 108
26 111
26 115
26 132
26 139
26 140
26 148
26 150
26 152
26 156
26 163
26 164
26 171
26 175
26 176
26 179
26 185
26 193
26 197
26 198
27 34
27 44
27 48
27 53
27 59
27 65
27 66
27 73
27 78
27 80
27 87
27 89
27 90
27 92
27 99
27 104
27 108
27 112
27 114
27 117
27 121
27 122
27 127
27 128
27 130
27 137
27 138
27 139
27 144
27 148
27 155
27 157
27 163
27 165
27 172
27 174
27 176
27 193
27 195
28 32
28 33
28 39
28 43
28 48
28 57
28 82
28 96
28 112
28 113
28 114
28 115
28 116
28 118
28 120
28 121
28 123
28 130
28 131
28 132
28 137
28 139
28 147
28 153
28 159
28 166
28 168
28 173
28 177
28 179
28 180
28 181
28 185
28 192
28 197
29 36
29 37
29 42
29 43
29 44
29 45
29 59
29 67
29 72
29 86
29 90
29 92
29 97
29 105
29 115
29 121
29 132
29 134
29 149
29 156
29 166
29 176
29 186
29 194
30 31
30 36
30 40
30 57
30 60
30 68
30 78
30 83
30 86
30 89
30 90
30 112
30 113
30 117
30 123
30 124
30 138
30 139
30 142
30 145
30 147
30 155
30 168
30 175
30 184
30 187
30 188
30 197
31 34
31 39
31 42
31 48
31 51
31 53
31 54
31 60
31 62
31 69
31 75
31 86
31 89
31 90
31 97
31 105
31 107
31 118
31 126
31 131
31 139
31 140
31 146
31 150
31 154
31 161
31 166
31 174
31 175
31 180
31 183
31 187
31 192
31 193
31 195
31 197
32 35
32 39
32 42
32 43
32 44
32 45
32 47
32 50
32 51
32 52
32 54
32 65
32 70
32 72
32 74
32 75
32 77
32 82
32 85
32 100
32 102
32 104
32 105
32 112
32 114
32 118
32 123
32 128
32 132
32 134
32 141
32 143
32 148
32 149
32 153
32 158
32 160
32 161
32 172
32 175
32 182
32 186
33 34
33 35
33 36
33 37
33 38
33 41
33 46
33 58
33 65
33 67
33 70
33 80
33 82
33 83
33 89
33 116
33 117
33 121
33 122
33 128
33 130
33 133
33 135
33 137
33 139
33 145
33 148
33 160
33 162
33 172
33 177
33 182
33 183
33 184
33 189
33 195
34 35
34 40
34 41
34 43
34 45
34 50
34 51
34 59
34 66
34 79
34 85
34 89
34 92
34 96
34 105
34 107
34 114
34 118
34 122
34 125
34 128
34 133
34 137
34 141
34 146
34 147
34 155
34 157
34 160
34 166
34 169
34 172
34 176
34 183
34 194
34 198
35 44
35 45
35 47
35 53
35 58
35 61
35 70
35 71
35 74
35 77
35 81
35 83
35 89
35 91
35 96
35 98
35 100
35 104
35 107
35 109
35 114
35 119
35 120
35 121
35 122
35 127
35 135
35 136
35 139
35 140
35 142
35 144
35 147
35 150
35 154
35 156
35 161
35 162
35 165
35 174
35 184
35 185
35 191
36 38
36 43
36 44
36 46
36 51
36 53
36 55
36 58
36 62
36 68
36 69
36 75
36 82
36 84
36 95
36 96
36 103
36 117
36 120
36 125
36 133
36 136
36 137
36 138
36 140
36 142
36 147
36 151
36 158
36 160
36 161
36 164
36 169
36 171
36 175
36 178
36 179
36 182
36 189
37 39
37 42
37 55
37 57
37 58
37 60
37 62
37 63
37 72
37 74
37 75
37 88
37 93
37 100
37 102
37 103
37 111
37 112
37 113
37 120
37 132
37 141
37 152
37 159
37 171
37 176
37 177
37 191
37 193
37 198
37 199
38 44
38 45
38 50
38 67
38 79
38 81
38 88
38 96
38 102
38 106
38 117
38 126
38 131
38 137
38 151
38 152
38 155
38 171
38 176
38 178
38 180
38 182
38 187
38 192
38 193
38 197
39 65
39 71
39 72
39 88
39 95
39 96
39 103
39 105
39 118
39 119
39 122
39 131
39 138
39 143
39 149
39 152
39 154
39 156
39 159
39 161
39 164
39 181
39 183
39 185
39 191
39 192
39 197
40 41
40 48
40 58
40 60
40 61
40 62
40 67
40 74
40 84
40 89
40 91
40 99
40 100
40 103
40 106
40 120
40 126
40 130
40 133
40 138
40 142
40 146
40 150
40 152
40 160
40 164
40 169
40 173
40 174
40 188
40 189
40 192
40 196
41 58
41 59
41 60
41 63
41 67
41 70
41 71
41 73
41 78
41 79
41 87
41 91
41 94
41 104
41 106
41 109
41 115
41 119
41 124
41 125
41 132
41 140
41 145
41 146
41 148
41 149
41 155
41 170
41 182
41 183
41 185
41 187
41 190
41 193
42 43
42 49
42 64
42 68
42 69
42 70
42 75
42 80
42 81
42 94
42 100
42 101
42 104
42 109
42 110
42 112
42 115
42 118
42 120
42 125
42 139
42 144
42 146
42 156
42 159
42 160
42 166
42 167
42 181
42 185
42 188
42 190
42 192
43 45
43 48
43 51
43 67
43 69
43 71
43 77
43 81
43 94
43 98
43 100
43 103
43 105
43 113
43 118
43 120
43 121
43 125
43 136
43 143
43 144
43 158
43 164
43 165
43 177
43 179
43 185
43 189
43 199
44 50
44 53
44 56
44 57
44 59
44 60
44 64
44 68
44 75
44 81
44 83
44 91
44 93
44 94
44 95
44 97
44 98
44 103
44 112
44 113
44 124
44 125
44 129
44 135
44 137
44 139
44 140
44 146
44 151
44 152
44 154
44 161
44 164
44 168
44 169
44 172
44 180
44 184
44 186
44 193
44 199
45 47
45 48
45 60
45 61
45 62
45 63
45 74
45 77
45 79
45 80
45 83
45 100
45 118
45 122
45 124
45 127
45 134
45 143
45 150
45 157
45 160
45 169
45 172
45 174
45 178
45 180
45 181
45 182
45 184
45 194
45 195
45 199
46 48
46 52
46 59
46 61
46 62
46 63
46 70
46 73
46 75
46 82
46 86
46 89
46 96
46 113
46 116
46 117
46 119
46 123
46 124
46 136
46 141
46 143
46 150
46 156
46 157
46 158
46 162
46 169
46 189
46 194
47 51
47 55
47 59
47 60
47 63
47 75
47 84
47 85
47 91
47 93
47 106
47 124
47 130
47 132
47 146
47 148
47 153
47 156
47 158
47 164
47 165
47 169
47 173
47 179
47 180
47 182
47 189
47 193
48 49
48 55
48 59
48 63
48 68
48 72
48 74
48 80
48 81
48 87
48 89
48 91
48 97
48 105
48 111
48 115
48 118
48 119
48 126
48 144
48 149
48 150
48 155
48 157
48 163
48 169
48 171
48 173
48 179
48 180
48 181
48 182
48 184
48 189
48 199
49 61
49 67
49 69
49 74
49 78
49 86
49 91
49 94
49 99
49 102
49 110
49 115
49 124
49 125
49 126
49 145
49 146
49 160
49 164
49 166
49 171
49 173
49 178
49 186
49 187
49 191
49 193
49 194
49 196
50 53
50 61
50 70
50 74
50 75
50 82
50 86
50 87
50 93
50 108
50 132
50 136
50 137
50 143
50 148
50 155
50 157
50 160
50 162
50 181
50 187
50 191
50 192
50 193
51 55
51 60
51 65
51 67
51 72
51 73
51 87
51 89
51 90
51 92
51 95
51 97
51 99
51 105
51 118
51 140
51 143
51 144
51 155
51 161
51 164
51 181
51 184
51 189
51 192
51 195
51 199
52 58
52 59
52 63
52 67
52 69
52 70
52 73
52 76
52 79
52 86
52 92
52 93
52 98
52 109
52 114
52 118
52 138
52 141
52 142
52 145
52 146
52 148
52 164
52 165
52 169
52 171
52 172
52 173
52 181
52 188
52 192
52 195
52 196
53 55
53 57
53 63
53 64
53 73
53 75
53 77
53 82
53 100
53 112
53 114
53 125
53 130
53 131
53 136
53 145
53 146
53 160
53 161
53 171
53 172
53 175
53 184
53 198
54 55
54 59
54 61
54 66
54 68
54 72
54 76
54 86
54 89
54 91
54 100
54 102
54 106
54 107
54 119
54 121
54 129
54 136
54 142
54 143
54 152
54 154
54 158
54 159
54 161
54 168
54 170
54 186
54 187
55 60
55 63
55 70
55 71
55 74
55 86
55 109
55 117
55 120
55 125
55 129
55 134
55 135
55 136
55 138
55 140
55 142
55 149
55 167
55 168
55 171
55 176
55 177
55 179
55 187
55 189
56 69
56 70
56 71
56 76
56 78
56 80
56 84
56 87
56 90
56 97
56 100
56 106
56 110
56 111
56 122
56 128
56 130
56 132
56 134
56 136
56 138
56 144
56 150
56 153
56 155
56 156
56 157
56 161
56 167
56 168
56 169
56 170
56 171
56 175
56 184
56 186
56 189
56 195
56 196
56 198
57 58
57 59
57 60
57 77
57 83
57 87
57 95
57 96
57 97
57 98
57 105
57 115
57 117
57 119
57 123
57 128
57 130
57 133
57 141
57 143
57 144
57 148
57 150
57 151
57 155
57 159
57 163
57 172
57 173
57 175
57 181
57 182
57 186
57 188
58 66
58 68
58 71
58 72
58 73
58 74
58 76
58 77
58 86
58 89
58 90
58 92
58 93
58 98
58 99
58 107
58 113
58 118
58 123
58 124
58 129
58 136
58 140
58 146
58 155
58 159
58 163
58 174
58 175
58 176
58 178
58 181
58 182
58 186
58 190
58 193
58 194
58 199
59 61
59 67
59 73
59 74
59 85
59 88
59 91
59 92
59 110
59 112
59 128
59 134
59 138
59 141
59 149
59 165
59 167
59 171
59 197
60 64
60 66
60 69
60 73
60 75
60 77
60 79
60 83
60 86
60 104
60 105
60 116
60 117
60 118
60 119
60 120
60 124
60 128
60 135
60 144
60 145
60 149
60 150
60 151
60 152
60 155
60 160
60 179
60 186
61 64
61 67
61 74
61 81
61 83
61 84
61 85
61 95
61 108
61 110
61 111
61 112
61 113
61 120
61 126
61 129
61 137
61 150
61 152
61 162
61 163
61 165
61 170
61 171
61 174
61 175
61 177
61 183
61 187
62 63
62 84
62 89
62 95
62 96
62 98
62 101
62 103
62 106
62 107
62 111
62 116
62 117
62 120
62 129
62 131
62 132
62 133
62 138
62 140
62 143
62 145
62 159
62 171
62 172
62 176
62 182
62 186
62 187
62 190
63 64
63 67
63 75
63 81
63 83
63 84
63 88
63 90
63 91
63 92
63 93
63 96
63 100
63 109
63 113
63 115
63 116
63 118
63 123
63 126
63 130
63 134
63 138
63 142
63 143
63 151
63 158
63 170
63 173
63 181
63 182
63 188
63 192
63 198
64 72
64 82
64 87
64 100
64 101
64 104
64 105
64 106
64 107
64 110
64 118
64 123
64 129
64 130
64 132
64 135
64 136
64 140
64 162
64 171
64 174
64 175
64 181
64 184
64 187
64 193
64 198
65 77
65 94
65 95
65 98
65 106
65 109
65 116
65 120
65 132
65 133
65 138
65 144
65 150
65 160
65 161
65 186
65 188
65 193
65 199
66 69
66 71
66 83
66 86
66 98
66 103
66 111
66 122
66 131
66 134
66 135
66 139
66 142
66 144
66 148
66 152
66 155
66 162
66 163
66 164
66 167
66 168
66 175
66 177
66 179
66 180
67 73
67 75
67 80
67 87
67 92
67 101
67 102
67 111
67 112
67 113
67 118
67 124
67 126
67 140
67 142
67 143
67 145
67 147
67 154
67 155
67 163
67 167
67 170
67 177
67 183
67 187
68 70
68 89
68 90
68 92
68 95
68 97
68 99
68 101
68 102
68 103
68 106
68 108
68 109
68 111
68 115
68 123
68 129
68 133
68 135
68 136
68 146
68 150
68 151
68 156
68 167
68 189
68 190
69 83
69 89
69 94
69 95
69 97
69 102
69 105
69 107
69 114
69 118
69 133
69 140
69 146
69 151
69 156
69 167
69 168
69 169
69 173
69 175
69 179
69 185
69 189
69 192
69 194
70 78
70 86
70 88
70 92
70 93
70 100
70 105
70 112
70 120
70 127
70 132
70 134
70 135
70 136
70 152
70 157
70 158
70 160
70 165
70 167
70 177
70 179
70 189
70 193
70 199
71 79
71 87
71 89
71 100
71 104
71 120
71 121
71 134
71 136
71 143
71 146
71 147
71 148
71 157
71 159
71 160
71 167
71 168
71 169
71 170
71 179
71 191
71 193
71 194
72 73
72 79
72 87
72 88
72 111
72 118
72 119
72 123
72 126
72 128
72 131
72 138
72 140
72 146
72 148
72 159
72 164
72 165
72 169
72 177
72 179
72 180
72 185
72 192
72 198
73 80
73 82
73 84
73 85
73 95
73 102
73 115
73 120
73 125
73 136
73 138
73 147
73 154
73 155
73 157
73 158
73 159
73 164
73 167
73 178
73 190
73 191
74 86
74 94
74 99
74 110
74 126
74 131
74 135
74 136
74 143
74 145
74 149
74 150
74 160
74 164
74 165
74 176
74 182
74 187
74 193
74 195
74 199
75 76
75 79
75 86
75 95
75 97
75 105
75 110
75 112
75 114
75 120
75 129
75 134
75 138
75 147
75 152
75 153
75 155
75 163
75 181
75 185
76 79
76 96
76 110
76 112
76 118
76 122
76 141
76 147
76 155
76 158
76 159
76 162
76 168
76 193
77 79
77 80
77 85
77 89
77 90
77 91
77 92
77 114
77 122
77 123
77 132
77 138
77 142
77 144
77 148
77 157
77 167
77 176
77 187
77 193
78 80
78 88
78 94
78 97
78 106
78 112
78 113
78 115
78 121
78 126
78 127
78 131
78 140
78 144
78 148
78 149
78 156
78 165
78 170
78 172
78 179
78 182
78 188
78 199
79 83
79 84
79 85
79 86
79 95
79 107
79 110
79 124
79 126
79 132
79 145
79 153
79 159
79 168
79 170
79 171
79 174
79 175
79 193
80 89
80 90
80 93
80 95
80 96
80 99
80 101
80 105
80 110
80 111
80 123
80 127
80 130
80 131
80 133
80 142
80 152
80 154
80 156
80 157
80 159
80 162
80 163
80 170
80 187
80 192
80 194
81 82
81 84
81 86
81 93
81 107
81 112
81 123
81 128
81 130
81 145
81 148
81 159
81 172
81 176
81 180
81 187
81 190
81 191
81 192
82 92
82 94
82 99
82 107
82 120
82 126
82 127
82 134
82 136
82 139
82 146
82 152
82 153
82 165
82 166
82 167
82 169
82 171
82 172
82 176
82 177
82 181
82 183
82 184
82 185
82 194
83 100
83 102
83 104
83 110
83 111
83 120
83 122
83 123
83 131
83 153
83 154
83 159
83 161
83 162
83 166
83 169
83 173
83 183
83 185
83 186
83 193
84 86
84 89
84 97
84 101
84 107
84 114
84 142
84 156
84 158
84 169
84 182
84 189
84 194
85 87
85 94
85 96
85 110
85 111
85 134
85 137
85 140
85 141
85 147
85 158
85 160
85 166
85 170
85 172
85 183
85 185
85 188
85 195
86 88
86 95
86 98
86 100
86 116
86 117
86 119
86 128
86 129
86 131
86 134
86 135
86 138
86 142
86 152
86 161
86 162
86 163
86 164
86 171
86 173
86 181
86 189
86 190
87 100
87 106
87 111
87 112
87 130
87 134
87 167
87 178
87 184
87 189
87 192
87 196
87 197
88 94
88 95
88 105
88 119
88 121
88 125
88 133
88 135
88 140
88 154
88 155
88 158
88 162
88 174
88 179
88 181
88 183
88 184
88 189
88 190
88 195
88 196
89 91
89 92
89 93
89 102
89 105
89 115
89 121
89 126
89 132
89 149
89 156
89 160
89 166
89 178
89 185
89 188
90 94
90 96
90 100
90 108
90 116
90 119
90 121
90 124
90 129
90 130
90 131
90 133
90 146
90 148
90 155
90 156
90 157
90 165
90 177
90 182
90 190
90 192
90 194
90 197
91 94
91 101
91 105
91 108
91 111
91 118
91 119
91 123
91 124
91 125
91 127
91 129
91 131
91 143
91 152
91 158
91 170
91 176
91 189
91 190
91 194
92 95
92 101
92 103
92 105
92 109
92 110
92 111
92 120
92 122
92 124
92 129
92 134
92 136
92 139
92 141
92 160
92 166
92 170
92 175
92 176
92 181
92 182
92 183
92 187
92 188
92 191
92 197
93 99
93 103
93 107
93 108
93 115
93 120
93 124
93 136
93 141
93 145
93 152
93 156
93 157
93 163
93 164
93 166
93 173
93 178
93 180
93 181
93 183
93 187
94 96
94 104
94 106
94 121
94 123
94 127
94 136
94 140
94 145
94 150
94 165
94 178
94 180
94 193
95 101
95 105
95 120
95 125
95 136
95 139
95 141
95 147
95 156
95 158
95 164
95 166
95 169
95 173
95 174
95 183
95 187
95 188
95 193
95 199
96 99
96 101
96 102
96 103
96 104
96 112
96 113
96 120
96 121
96 132
96 136
96 150
96 156
96 161
96 168
96 180
96 181
96 187
96 188
96 190
96 192
96 196
96 198
97 99
97 100
97 102
97 108
97 120
97 134
97 136
97 140
97 141
97 150
97 153
97 158
97 165
97 166
97 169
97 173
97 175
97 183
97 186
97 194
97 195
97 196
98 105
98 109
98 111
98 119
98 122
98 128
98 129
98 132
98 135
98 158
98 161
98 166
98 169
98 170
98 184
98 188
99 103
99 116
99 123
99 138
99 141
99 146
99 149
99 152
99 160
99 165
99 171
99 185
99 186
99 187
99 191
99 195
100 107
100 117
100 118
100 119
100 123
100 127
100 130
100 132
100 133
100 134
100 136
100 144
100 147
100 149
100 157
100 160
100 166
100 174
100 182
100 183
100 192
100 193
101 105
101 113
101 122
101 124
101 125
101 128
101 130
101 137
101 148
101 150
101 151
101 158
101 168
101 173
101 175
101 178
101 182
101 184
101 186
101 189
102 106
102 111
102 116
102 119
102 121
102 123
102 129
102 136
102 138
102 141
102 144
102 151
102 155
102 156
102 174
102 178
102 193
103 104
103 105
103 108
103 112
103 117
103 118
103 140
103 151
103 159
103 160
103 166
103 171
103 183
103 188
103 192
103 194
103 198
104 106
104 108
104 111
104 117
104 119
104 120
104 122
104 124
104 125
104 129
104 131
104 137
104 149
104 154
104 161
104 162
104 163
104 164
104 165
104 169
104 188
104 192
105 121
105 126
105 131
105 132
105 133
105 136
105 146
105 151
105 165
105 174
105 176
105 180
105 182
105 186
105 188
106 107
106 112
106 116
106 123
106 138
106 139
106 144
106 148
106 151
106 153
106 154
106 156
106 165
106 180
106 184
106 186
106 188
106 189
106 195
106 198
107 109
107 114
107 125
107 135
107 138
107 139
107 141
107 150
107 161
107 166
107 169
107 171
107 179
107 184
107 190
107 193
107 194
108 116
108 119
108 138
108 140
108 149
108 152
108 160
108 166
108 167
108 171
108 178
108 179
108 180
108 186
108 190
108 192
108 197
108 199
109 116
109 121
109 128
109 136
109 139
109 143
109 156
109 163
109 167
109 168
109 170
109 174
109 176
109 180
109 184
109 186
109 197
110 112
110 120
110 130
110 140
110 142
110 156
110 178
110 184
110 187
110 189
110 190
111 113
111 119
111 120
111 125
111 128
111 139
111 146
111 149
111 150
111 157
111 167
111 172
111 173
111 185
111 188
111 190
112 116
112 119
112 120
112 122
112 123
112 125
112 132
112 136
112 139
112 141
112 146
112 148
112 156
112 164
112 167
112 169
112 174
112 177
112 179
112 180
112 181
113 117
113 122
113 125
113 135
113 137
113 144
113 158
113 163
113 167
113 174
113 175
113 188
113 196
114 117
114 119
114 122
114 124
114 125
114 132
114 135
114 137
114 142
114 155
114 159
114 161
114 166
114 169
114 182
114 185
114 192
114 194
114 197
114 198
115 117
115 118
115 124
115 126
115 129
115 132
115 139
115 143
115 144
115 152
115 153
115 160
115 166
115 193
115 195
115 199
116 120
116 127
116 134
116 149
116 174
116 175
116 176
116 178
116 183
116 184
116 185
116 193
116 195
117 119
117 128
117 136
117 138
117 149
117 152
117 153
117 163
117 168
117 173
117 176
117 187
117 188
117 191
118 119
118 149
118 161
118 171
118 174
118 189
118 198
118 199
119 123
119 128
119 129
119 137
119 140
119 149
119 150
119 173
119 174
119 183
119 188
119 189
119 191
120 121
120 123
120 125
120 126
120 127
120 128
120 134
120 135
120 152
120 161
120 163
120 171
120 186
120 189
120 199
121 125
121 131
121 142
121 145
121 147
121 152
121 157
121 162
121 163
121 164
121 171
121 175
121 177
121 187
121 199
122 126
122 132
122 138
122 139
122 151
122 152
122 159
122 164
122 171
122 179
122 182
122 186
122 188
122 194
122 195
122 198
123 133
123 135
123 136
123 156
123 158
123 165
123 166
123 167
123 168
123 170
123 178
123 183
123 185
123 186
123 187
123 192
123 199
124 135
124 137
124 139
124 153
124 154
124 160
124 174
124 176
124 191
124 196
124 199
125 128
125 129
125 133
125 136
125 139
125 140
125 141
125 142
125 144
125 159
125 162
125 169
125 178
125 180
125 181
125 183
125 189
125 196
126 139
126 141
126 149
126 152
126 155
126 160
126 167
126 170
126 171
126 178
126 179
126 185
126 195
126 196
126 199
127 131
127 135
127 139
127 147
127 149
127 152
127 156
127 157
127 172
127 176
127 177
127 187
128 137
128 138
128 141
128 143
128 145
128 146
128 148
128 161
128 162
128 168
128 172
128 180
128 189
128 197
129 132
129 136
129 143
129 149
129 154
129 176
129 182
129 186
129 192
129 195
130 135
130 142
130 144
130 148
130 149
130 157
130 160
130 161
130 165
130 166
130 172
130 179
130 181
130 182
130 187
130 194
130 195
130 197
131 132
131 140
131 141
131 144
131 151
131 160
131 161
131 165
131 166
131 167
131 174
131 181
131 195
131 199
132 138
132 140
132 143
132 148
132 150
132 159
132 164
132 171
132 172
132 173
132 175
132 184
133 135
133 140
133 141
133 144
133 164
133 169
133 176
133 177
133 183
133 197
134 136
134 139
134 141
134 143
134 146
134 148
134 151
134 154
134 165
134 167
134 168
134 185
134 187
134 192
134 194
135 139
135 149
135 158
135 159
135 162
135 164
135 166
135 169
135 174
135 181
135 182
135 184
135 192
135 199
136 140
136 141
136 144
136 145
136 147
136 151
136 152
136 162
136 163
136 164
136 170
136 180
136 188
137 146
137 171
137 172
137 173
137 178
137 179
137 188
137 189
138 144
138 151
138 152
138 153
138 156
138 163
138 173
138 181
138 188
138 196
138 197
139 142
139 143
139 152
139 162
139 164
139 172
139 173
139 181
139 182
139 186
139 187
139 190
139 193
139 195
140 151
140 154
140 156
140 157
140 160
140 165
140 167
140 168
140 173
140 175
140 177
140 179
140 189
141 147
141 148
141 149
141 150
141 154
141 158
141 160
141 161
141 168
141 170
141 172
141 176
141 193
141 196
142 149
142 155
142 159
142 160
142 161
142 163
142 164
142 166
142 169
142 170
142 172
142 174
142 178
142 182
142 184
142 185
142 186
142 192
142 197
142 198
143 146
143 150
143 152
143 153
143 165
143 184
143 185
143 193
144 148
144 150
144 154
144 156
144 158
144 159
144 165
144 171
144 177
144 180
144 181
144 193
145 148
145 164
145 173
145 194
145 198
146 149
146 152
146 153
146 154
146 156
146 168
146 174
146 178
146 179
146 185
146 190
146 193
146 196
146 198
147 155
147 157
147 173
147 177
147 182
147 183
147 184
147 189
147 190
147 191
147 193
147 195
147 198
148 149
148 156
148 159
148 160
148 161
148 171
148 172
148 176
148 190
148 191
148 192
148 199
149 153
149 160
149 170
149 173
149 175
149 176
149 178
149 179
149 180
149 183
149 184
149 198
149 199
150 151
150 155
150 157
150 163
150 174
150 176
150 182
150 190
150 193
150 198
150 199
151 165
151 168
151 188
151 190
151 197
151 198
152 155
152 159
152 166
152 173
152 183
152 193
152 198
153 155
153 165
153 171
153 182
153 183
153 184
153 190
153 197
154 161
154 169
154 170
154 179
154 183
154 192
155 157
155 165
155 169
155 172
155 173
155 179
155 182
155 185
155 189
155 191
155 192
155 196
155 197
156 160
156 161
156 169
156 173
156 187
156 188
157 164
157 166
157 174
157 182
157 184
157 186
157 189
157 193
158 160
158 161
158 167
158 171
158 173
158 182
158 186
158 189
159 160
159 165
159 169
159 178
159 186
160 172
160 184
160 196
160 197
160 199
161 164
161 168
161 169
161 170
161 184
161 187
161 194
162 169
162 170
162 173
162 179
162 193
162 194
163 166
163 171
163 172
163 173
163 176
163 177
163 185
163 189
163 199
164 170
164 172
164 175
164 181
164 183
164 187
164 189
165 168
165 171
165 173
165 177
165 182
165 191
165 198
166 175
166 179
166 180
166 189
166 192
166 193
166 195
166 197
166 198
167 172
167 173
167 184
167 199
168 171
168 173
168 175
168 176
168 187
168 194
169 177
169 184
169 186
169 187
169 188
169 189
169 190
169 192
169 194
169 197
170 180
171 191
171 192
171 195
171 196
172 176
172 183
172 186
172 188
173 185
173 189
173 192
173 194
173 198
173 199
174 186
175 180
175 183
175 186
175 192
175 195
176 182
176 185
177 185
177 189
177 194
177 199
178 182
178 185
178 189
178 190
178 195
179 180
179 183
179 187
179 191
179 193
179 195
179 197
179 199
180 193
181 183
181 184
181 185
181 193
181 195
181 197
182 184
182 188
182 191
182 195
182 198
183 192
183 193
183 199
184 196
184 197
186 188
186 189
186 192
186 196
186 197
187 189
187 190
187 195
188 189
188 197
188 199
189 192
189 194
189 198
191 196
192 195
193 196
194 196
194 198
196 198
