100 2663
88 58
27 76
41 49
59 89
81 19
73 46
36 73
67 97
80 46
79 31
20 38
96 42
29 77
55 80
100 18
73 40
77 56
70 17
46 54
58 40
32 94
16 91
93 75
86 50
25 80
78 82
42 50
90 51
16 14
69 66
60 77
91 91
83 89
64 73
33 56
14 41
67 100
55 22
78 78
63 17
63 98
13 23
94 36
62 14
35 48
50 31
28 99
42 34
50 55
90 95
32 77
35 85
31 17
48 90
61 16
87 78
29 24
100 32
25 72
53 71
86 33
60 61
55 37
99 18
71 13
58 85
24 24
85 51
88 23
51 23
71 45
83 20
33 22
82 22
86 89
26 94
75 26
71 85
28 16
90 20
30 84
74 24
54 79
63 83
31 64
43 99
92 52
36 43
60 51
24 30
35 32
23 38
35 61
59 70
10 16
30 29
32 26
86 64
43 43
14 94
917
0 2
0 10
0 16
0 31
0 39
0 47
0 64
0 67
0 73
0 82
0 86
0 94
0 97
0 99
1 8
1 9
1 19
1 23
1 24
1 29
1 30
1 32
1 33
1 44
1 47
1 54
1 55
1 64
1 67
1 73
1 75
1 78
1 82
1 93
1 95
1 99
2 4
2 6
2 11
2 17
2 27
2 28
2 31
2 35
2 37
2 50
2 51
2 54
2 57
2 60
2 67
2 73
2 80
2 81
2 83
2 89
2 91
2 92
2 97
2 99
3 4
3 7
3 18
3 25
3 27
3 35
3 40
3 46
3 49
3 50
3 51
3 57
3 67
3 69
3 71
3 83
4 12
4 14
4 15
4 17
4 33
4 40
4 47
4 50
4 57
4 61
4 65
4 68
4 76
4 79
4 83
4 86
4 89
4 94
4 97
5 6
5 11
5 17
5 24
5 29
5 38
5 52
5 53
5 57
5 70
5 71
5 80
5 87
5 89
5 90
6 11
6 21
6 39
6 42
6 43
6 45
6 46
6 55
6 57
6 60
6 67
6 68
6 72
6 75
6 86
6 88
6 94
6 95
6 98
7 11
7 12
7 16
7 24
7 26
7 27
7 30
7 40
7 56
7 60
7 65
7 67
7 72
7 81
7 87
7 91
7 95
8 23
8 28
8 29
8 39
8 46
8 51
8 55
8 59
8 61
8 62
8 75
8 77
8 88
8 89
8 92
9 17
9 18
9 22
9 31
9 43
9 52
9 53
9 58
9 61
9 66
9 68
9 72
9 73
9 75
9 88
9 92
9 96
9 97
9 99
10 12
10 19
10 21
10 22
10 49
10 59
10 63
10 78
10 79
10 91
11 18
11 21
11 23
11 41
11 43
11 49
11 59
11 64
11 72
11 84
11 85
11 94
11 98
12 35
12 37
12 46
12 49
12 53
12 54
12 68
12 69
12 85
12 90
12 93
13 18
13 19
13 20
13 21
13 31
13 34
13 40
13 42
13 56
13 58
13 71
13 72
13 75
13 79
13 81
13 90
13 93
13 96
13 99
14 21
14 22
14 25
14 28
14 30
14 37
14 73
14 76
14 85
14 93
15 16
15 18
15 19
15 24
15 25
15 28
15 31
15 33
15 34
15 44
15 45
15 47
15 54
15 78
15 80
15 82
15 86
15 88
15 89
15 98
16 19
16 20
16 26
16 30
16 40
16 47
16 56
16 62
16 63
16 77
16 86
16 96
17 21
17 23
17 24
17 33
17 34
17 37
17 46
17 49
17 51
17 56
17 63
17 66
17 67
17 71
17 85
17 87
17 97
17 98
18 20
18 22
18 25
18 41
18 43
18 44
18 53
18 58
18 61
18 72
18 74
18 78
18 98
19 29
19 30
19 39
19 47
19 51
19 55
19 58
19 59
19 69
19 72
19 74
19 75
19 81
19 90
19 93
19 95
19 99
20 26
20 27
20 38
20 51
20 53
20 57
20 59
20 74
20 77
20 78
20 82
20 86
20 91
20 99
21 28
21 40
21 42
21 47
21 53
21 54
21 68
21 78
21 85
21 88
21 89
21 91
21 92
22 24
22 26
22 30
22 33
22 45
22 46
22 49
22 50
22 54
22 55
22 60
22 67
22 70
22 73
22 74
22 75
22 80
22 83
22 85
22 86
22 92
22 93
22 94
22 99
23 30
23 37
23 38
23 40
23 42
23 45
23 47
23 48
23 49
23 50
23 51
23 55
23 62
23 63
23 66
23 70
23 74
23 76
23 77
23 80
23 84
23 87
23 91
23 96
24 30
24 33
24 45
24 49
24 50
24 56
24 61
24 80
24 85
24 88
24 95
25 30
25 31
25 40
25 51
25 58
25 59
25 63
25 68
25 82
25 97
26 34
26 38
26 43
26 49
26 51
26 53
26 57
26 60
26 67
26 71
26 73
26 89
26 90
26 96
26 97
26 99
27 38
27 42
27 60
27 62
27 65
27 66
27 79
27 80
27 91
27 97
28 29
28 31
28 35
28 36
28 38
28 46
28 48
28 50
28 55
28 74
28 79
28 83
28 85
28 86
28 97
29 30
29 31
29 32
29 35
29 37
29 38
29 41
29 44
29 48
29 50
29 51
29 54
29 55
29 79
29 81
29 92
29 95
29 96
30 46
30 47
30 48
30 51
30 64
30 69
30 70
30 74
30 76
30 77
30 80
30 86
31 33
31 38
31 52
31 53
31 54
31 60
31 68
31 77
31 79
31 82
31 85
32 34
32 39
32 52
32 67
32 68
32 70
32 74
32 75
32 80
32 91
32 94
32 96
32 98
33 37
33 41
33 43
33 45
33 46
33 47
33 49
33 55
33 56
33 70
33 74
33 76
33 91
33 98
34 39
34 44
34 51
34 53
34 70
34 79
34 89
35 59
35 64
35 66
35 80
35 91
35 92
36 48
36 49
36 60
36 64
36 65
36 70
36 76
36 77
36 82
36 86
36 95
37 48
37 56
37 63
37 65
37 70
37 76
37 77
37 79
37 80
37 82
37 84
37 86
37 87
37 91
38 41
38 44
38 55
38 58
38 60
38 63
38 65
38 70
38 72
38 74
38 77
38 80
38 82
38 86
38 98
39 52
39 55
39 57
39 59
39 64
39 68
39 70
39 76
39 78
39 80
39 86
39 88
39 89
40 45
40 46
40 52
40 55
40 61
40 74
40 81
40 82
40 84
40 94
40 96
40 99
41 52
41 56
41 59
41 69
41 74
41 86
42 62
42 65
42 71
42 74
42 75
42 76
42 83
42 90
42 91
42 92
42 94
43 53
43 63
43 74
43 76
43 84
44 57
44 66
44 69
44 70
44 74
44 78
44 83
44 85
44 87
44 88
44 94
44 97
44 99
45 46
45 55
45 61
45 62
45 69
45 73
45 74
45 77
45 84
45 86
45 87
45 88
45 99
46 51
46 55
46 65
46 68
46 74
46 75
46 83
46 90
46 91
46 93
46 94
46 99
47 51
47 52
47 62
47 68
47 70
47 71
47 76
47 80
47 82
47 83
47 86
47 89
47 91
48 60
48 74
49 52
49 54
49 55
49 57
49 64
49 68
49 83
49 87
49 90
50 53
50 56
50 64
50 68
50 70
50 71
50 74
50 78
50 86
50 87
50 89
50 90
51 52
51 55
51 56
51 57
51 61
51 64
51 68
51 74
51 78
51 86
51 90
51 92
51 97
51 99
52 53
52 57
52 58
52 60
52 61
52 67
52 71
52 89
52 99
53 55
53 62
53 65
53 70
53 71
53 77
53 78
53 91
53 93
53 94
54 63
54 64
54 68
54 75
54 77
54 86
54 89
54 90
54 95
55 57
55 58
55 61
55 65
55 67
55 69
55 74
55 78
56 61
56 63
56 69
56 70
56 84
56 85
56 96
56 98
56 99
57 59
57 60
57 64
57 67
57 74
57 80
57 86
57 89
57 92
58 72
58 76
58 80
58 87
59 60
59 62
59 72
59 79
59 92
59 95
59 99
60 61
60 64
60 71
60 75
60 85
60 89
60 99
61 62
61 80
61 88
61 94
62 63
62 73
62 75
62 82
62 83
62 85
62 86
62 94
62 96
62 98
63 87
63 90
64 80
64 86
64 93
64 95
65 66
65 69
65 71
65 73
65 82
65 85
66 76
66 84
66 90
66 92
66 97
66 99
67 77
67 90
67 93
68 69
68 71
68 72
68 74
68 81
68 98
69 71
69 80
69 87
69 94
69 96
69 97
70 78
70 80
70 83
70 87
70 89
70 96
71 74
71 76
71 78
71 79
71 91
71 95
72 73
72 82
72 87
73 75
73 78
73 82
73 83
73 90
74 80
74 85
74 87
74 88
75 77
75 78
75 80
75 84
75 87
75 88
76 77
76 78
76 80
76 82
76 84
76 87
76 90
76 94
76 99
77 81
77 94
77 96
78 99
79 81
79 89
79 91
80 91
80 92
80 93
80 95
80 96
81 83
81 86
81 97
81 98
81 99
82 84
82 87
82 93
82 94
82 95
82 97
83 96
84 85
84 98
85 99
86 87
87 88
87 93
88 99
89 90
89 98
90 92
90 96
90 99
91 92
92 94
92 95
93 94
93 98
95 97
95 98
