200 5866
71 82
100 99
24 100
69 84
75 27
75 74
76 84
100 92
91 61
41 16
70 89
67 86
33 65
54 98
38 61
40 72
40 76
99 63
83 91
39 41
29 79
24 20
64 51
66 96
53 64
37 88
99 38
25 66
98 48
28 53
72 94
66 72
65 22
10 61
90 95
45 93
18 70
99 32
26 18
86 99
53 62
39 77
24 72
66 59
42 96
22 94
48 27
10 92
95 23
52 69
91 23
92 67
92 81
43 62
26 57
26 19
85 70
59 76
70 37
15 10
58 14
26 58
32 66
32 77
68 57
91 89
32 69
10 86
99 23
71 65
63 48
26 54
44 49
21 91
10 14
57 56
68 22
41 37
70 80
53 50
50 17
35 26
20 99
70 53
95 39
40 54
97 36
92 20
41 73
16 67
26 36
64 53
78 100
43 75
98 31
96 50
96 95
36 26
25 54
100 42
42 50
17 15
99 50
24 60
13 87
63 85
81 46
40 18
94 15
64 25
69 11
67 67
25 43
35 90
42 60
95 34
25 51
40 86
50 37
20 71
100 54
43 19
42 69
38 12
59 82
34 24
30 77
38 32
70 36
92 39
33 76
68 98
37 97
98 75
64 79
40 37
58 62
63 33
30 44
67 35
78 17
89 63
66 48
34 22
96 22
57 22
66 37
77 96
28 45
74 69
27 81
79 59
19 49
65 55
27 83
57 100
38 32
26 82
34 60
77 72
34 95
27 18
15 36
36 29
29 67
50 33
98 11
88 57
91 54
55 70
56 76
23 99
51 87
37 95
40 42
97 66
41 88
85 23
90 44
10 55
94 57
84 84
74 98
25 44
72 87
72 93
12 61
80 10
42 78
58 72
58 92
76 87
88 37
100 60
97 51
66 63
33 11
93 99
30 94
20 70
4062
0 8
0 9
0 15
0 16
0 25
0 32
0 36
0 38
0 41
0 46
0 47
0 48
0 49
0 51
0 54
0 59
0 69
0 72
0 77
0 84
0 107
0 122
0 129
0 134
0 140
0 143
0 145
0 146
0 151
0 154
0 156
0 157
0 161
0 168
0 178
1 8
1 9
1 12
1 15
1 16
1 17
1 23
1 28
1 30
1 31
1 39
1 41
1 50
1 51
1 57
1 58
1 60
1 61
1 64
1 66
1 72
1 73
1 78
1 83
1 87
1 92
1 97
1 101
1 107
1 117
1 118
1 119
1 122
1 125
1 127
1 128
1 130
1 131
1 138
1 146
1 150
1 151
1 152
1 157
1 173
1 178
1 182
1 185
1 186
1 192
2 7
2 10
2 18
2 25
2 26
2 28
2 29
2 32
2 36
2 40
2 47
2 57
2 78
2 79
2 83
2 88
2 90
2 97
2 99
2 100
2 107
2 112
2 117
2 124
2 133
2 137
2 152
2 153
2 155
2 156
2 158
2 161
2 165
2 168
2 177
2 178
2 180
2 193
3 16
3 18
3 20
3 24
3 31
3 32
3 33
3 36
3 40
3 43
3 46
3 51
3 61
3 78
3 80
3 81
3 85
3 88
3 90
3 94
3 106
3 109
3 112
3 121
3 135
3 137
3 143
3 144
3 146
3 153
3 154
3 157
3 158
3 161
3 164
3 167
3 168
3 175
3 178
3 180
3 189
3 191
3 192
3 197
4 6
4 8
4 20
4 22
4 36
4 38
4 40
4 41
4 53
4 73
4 76
4 77
4 78
4 81
4 92
4 94
4 102
4 106
4 107
4 109
4 112
4 114
4 128
4 129
4 134
4 135
4 138
4 139
4 143
4 144
4 145
4 160
4 173
4 174
4 175
4 180
4 196
5 7
5 9
5 17
5 20
5 22
5 27
5 32
5 36
5 44
5 69
5 70
5 71
5 76
5 77
5 81
5 85
5 92
5 93
5 94
5 96
5 97
5 105
5 108
5 110
5 111
5 115
5 116
5 118
5 119
5 127
5 128
5 130
5 132
5 140
5 143
5 148
5 151
5 153
5 154
5 161
5 180
5 184
5 187
5 188
5 189
5 193
5 194
5 199
6 10
6 13
6 28
6 36
6 56
6 59
6 69
6 72
6 73
6 77
6 92
6 104
6 106
6 108
6 111
6 131
6 144
6 148
6 151
6 153
6 161
6 169
6 178
6 183
6 190
6 196
6 199
7 17
7 35
7 37
7 38
7 57
7 60
7 63
7 66
7 69
7 79
7 83
7 84
7 96
7 101
7 105
7 111
7 113
7 114
7 135
7 137
7 150
7 167
7 168
7 176
7 180
7 181
7 182
7 186
7 198
7 199
8 10
8 12
8 13
8 15
8 18
8 20
8 23
8 33
8 37
8 40
8 54
8 56
8 59
8 70
8 74
8 80
8 90
8 92
8 95
8 102
8 105
8 106
8 107
8 109
8 114
8 117
8 123
8 125
8 126
8 129
8 132
8 135
8 138
8 145
8 151
8 152
8 154
8 163
8 165
8 166
8 168
8 169
8 175
8 179
8 186
8 191
8 192
8 197
9 12
9 14
9 18
9 20
9 30
9 33
9 55
9 59
9 62
9 69
9 70
9 71
9 78
9 87
9 89
9 91
9 92
9 96
9 103
9 105
9 108
9 112
9 118
9 128
9 135
9 137
9 148
9 157
9 162
9 164
9 167
9 173
9 182
9 188
9 195
10 13
10 17
10 22
10 25
10 28
10 31
10 32
10 36
10 38
10 41
10 57
10 63
10 66
10 69
10 73
10 74
10 75
10 80
10 81
10 90
10 91
10 95
10 104
10 106
10 112
10 120
10 121
10 126
10 141
10 149
10 153
10 161
10 164
10 165
10 168
10 172
10 175
10 179
10 185
10 187
10 193
10 195
10 198
11 14
11 18
11 24
11 28
11 36
11 37
11 42
11 43
11 44
11 51
11 57
11 60
11 67
11 68
11 72
11 74
11 78
11 79
11 80
11 81
11 84
11 85
11 92
11 96
11 97
11 99
11 105
11 108
11 110
11 112
11 117
11 118
11 119
11 122
11 130
11 135
11 138
11 139
11 141
11 142
11 144
11 147
11 148
11 155
11 164
11 168
11 170
11 172
11 173
11 180
11 184
12 28
12 33
12 37
12 38
12 39
12 47
12 50
12 51
12 52
12 61
12 64
12 76
12 88
12 94
12 99
12 102
12 107
12 110
12 113
12 117
12 133
12 141
12 145
12 147
12 156
12 159
12 162
12 165
12 166
12 172
12 173
12 175
12 177
12 182
12 184
12 186
12 189
13 26
13 32
13 35
13 42
13 43
13 44
13 71
13 73
13 74
13 77
13 80
13 88
13 94
13 102
13 103
13 113
13 130
13 132
13 139
13 141
13 153
13 161
13 166
13 167
13 168
13 169
13 186
13 188
13 194
13 196
14 15
14 18
14 19
14 21
14 22
14 28
14 43
14 45
14 46
14 51
14 52
14 54
14 59
14 65
14 68
14 69
14 70
14 78
14 79
14 87
14 97
14 103
14 108
14 113
14 122
14 130
14 131
14 132
14 143
14 147
14 153
14 160
14 167
14 173
14 174
14 182
14 183
14 185
14 186
14 188
14 189
14 194
14 197
14 198
15 18
15 19
15 20
15 27
15 32
15 40
15 46
15 57
15 60
15 71
15 82
15 84
15 89
15 99
15 103
15 104
15 115
15 118
15 124
15 129
15 131
15 137
15 144
15 149
15 151
15 155
15 157
15 163
15 165
15 169
15 170
15 176
15 181
15 194
15 196
15 199
16 22
16 26
16 28
16 35
16 46
16 55
16 56
16 58
16 62
16 66
16 70
16 73
16 88
16 93
16 97
16 102
16 104
16 105
16 110
16 117
16 123
16 126
16 130
16 138
16 146
16 150
16 155
16 156
16 162
16 168
16 169
16 173
16 175
16 176
16 179
16 187
16 188
16 192
16 193
16 197
17 23
17 25
17 33
17 40
17 61
17 66
17 70
17 71
17 72
17 78
17 81
17 91
17 96
17 114
17 117
17 121
17 130
17 133
17 135
17 144
17 149
17 150
17 156
17 167
17 170
17 183
17 188
17 199
18 21
18 22
18 29
18 30
18 31
18 35
18 43
18 59
18 71
18 75
18 88
18 89
18 90
18 112
18 117
18 125
18 135
18 139
18 142
18 143
18 145
18 150
18 157
18 159
18 167
18 172
18 180
18 185
18 186
18 192
18 193
18 198
19 22
19 23
19 31
19 32
19 39
19 40
19 42
19 48
19 62
19 82
19 86
19 87
19 88
19 89
19 91
19 92
19 96
19 97
19 99
19 103
19 105
19 114
19 115
19 120
19 125
19 152
19 156
19 160
19 161
19 175
19 178
19 179
19 181
19 186
19 188
19 198
20 29
20 31
20 37
20 43
20 48
20 53
20 61
20 62
20 66
20 71
20 72
20 84
20 85
20 88
20 95
20 104
20 108
20 116
20 125
20 133
20 134
20 142
20 143
20 146
20 149
20 150
20 154
20 155
20 161
20 171
20 175
20 176
20 178
20 179
20 187
20 194
20 195
20 199
21 23
21 29
21 30
21 31
21 35
21 47
21 50
21 57
21 59
21 60
21 78
21 80
21 99
21 107
21 109
21 112
21 122
21 128
21 134
21 138
21 140
21 144
21 148
21 160
21 165
21 166
21 179
21 188
21 192
21 193
21 194
22 28
22 29
22 30
22 38
22 52
22 59
22 61
22 69
22 70
22 76
22 84
22 95
22 96
22 97
22 104
22 111
22 113
22 116
22 122
22 126
22 134
22 140
22 141
22 145
22 150
22 152
22 153
22 157
22 167
22 169
22 175
22 185
22 192
22 194
23 30
23 35
23 39
23 48
23 51
23 55
23 69
23 70
23 76
23 85
23 87
23 91
23 101
23 106
23 108
23 112
23 116
23 136
23 148
23 150
23 160
23 165
23 167
23 168
23 174
23 196
24 30
24 36
24 39
24 46
24 52
24 57
24 67
24 69
24 74
24 76
24 78
24 81
24 83
24 84
24 93
24 119
24 121
24 128
24 130
24 131
24 137
24 138
24 140
24 142
24 144
24 145
24 165
24 166
24 167
24 169
24 172
24 173
24 177
24 187
24 191
24 194
24 198
25 26
25 29
25 35
25 39
25 42
25 45
25 65
25 74
25 78
25 82
25 90
25 91
25 96
25 113
25 120
25 126
25 132
25 133
25 150
25 152
25 158
25 159
25 166
25 172
25 175
25 185
25 186
25 195
25 198
26 29
26 33
26 34
26 39
26 40
26 48
26 51
26 66
26 70
26 73
26 76
26 78
26 80
26 84
26 85
26 94
26 101
26 104
26 105
26 112
26 122
26 125
26 126
26 128
26 132
26 136
26 139
26 143
26 144
26 149
26 151
26 152
26 162
26 168
26 170
26 174
26 176
26 184
26 185
26 195
26 198
27 33
27 44
27 53
27 54
27 57
27 63
27 68
27 69
27 72
27 77
27 83
27 89
27 101
27 102
27 112
27 115
27 122
27 127
27 135
27 139
27 142
27 149
27 150
27 151
27 153
27 154
27 162
27 165
27 166
27 167
27 172
27 173
27 175
27 178
27 180
27 183
27 184
27 186
27 190
27 193
28 29
28 30
28 32
28 50
28 54
28 55
28 63
28 65
28 66
28 67
28 76
28 78
28 81
28 89
28 92
28 93
28 98
28 104
28 112
28 117
28 120
28 123
28 125
28 131
28 138
28 150
28 151
28 152
28 157
28 165
28 166
28 167
28 168
28 174
28 178
28 185
28 193
28 197
29 32
29 34
29 41
29 64
29 69
29 72
29 82
29 83
29 85
29 87
29 89
29 91
29 95
29 99
29 104
29 109
29 110
29 117
29 119
29 123
29 129
29 132
29 140
29 143
29 157
29 158
29 162
29 165
29 166
29 171
29 174
29 176
29 179
29 180
29 185
29 195
30 32
30 37
30 39
30 41
30 42
30 45
30 48
30 50
30 57
30 59
30 60
30 61
30 65
30 75
30 79
30 81
30 83
30 85
30 92
30 96
30 97
30 105
30 108
30 113
30 114
30 121
30 128
30 146
30 152
30 153
30 157
30 158
30 163
30 168
30 177
30 185
30 197
31 36
31 44
31 46
31 48
31 49
31 50
31 51
31 57
31 59
31 63
31 65
31 73
31 84
31 86
31 89
31 90
31 91
31 97
31 98
31 101
31 122
31 130
31 134
31 135
31 149
31 160
31 162
31 164
31 167
31 173
31 174
31 178
31 184
31 186
31 188
31 196
32 38
32 40
32 57
32 60
32 64
32 72
32 73
32 82
32 85
32 87
32 89
32 90
32 98
32 103
32 123
32 126
32 128
32 135
32 136
32 137
32 145
32 153
32 157
32 158
32 160
32 166
32 174
32 179
32 193
32 197
32 199
33 45
33 48
33 49
33 71
33 72
33 76
33 81
33 84
33 87
33 89
33 92
33 93
33 94
33 102
33 106
33 112
33 116
33 123
33 124
33 125
33 126
33 129
33 138
33 139
33 140
33 141
33 142
33 143
33 145
33 148
33 149
33 154
33 156
33 159
33 162
33 166
33 175
33 178
33 187
33 194
33 197
34 46
34 47
34 52
34 55
34 56
34 69
34 82
34 87
34 94
34 96
34 100
34 105
34 108
34 109
34 110
34 114
34 117
34 118
34 121
34 127
34 131
34 132
34 148
34 156
34 161
34 163
34 164
34 173
34 175
34 177
34 180
34 182
34 186
34 188
34 192
35 37
35 38
35 39
35 42
35 47
35 48
35 49
35 51
35 59
35 63
35 64
35 73
35 76
35 79
35 86
35 91
35 92
35 97
35 99
35 102
35 104
35 116
35 119
35 126
35 128
35 129
35 134
35 142
35 143
35 147
35 150
35 161
35 162
35 164
35 174
35 179
35 194
36 43
36 50
36 53
36 54
36 59
36 68
36 77
36 82
36 85
36 94
36 100
36 106
36 108
36 117
36 121
36 130
36 131
36 150
36 152
36 157
36 167
36 171
36 175
36 181
37 44
37 62
37 63
37 65
37 70
37 73
37 74
37 80
37 83
37 84
37 85
37 87
37 90
37 97
37 108
37 111
37 113
37 120
37 123
37 124
37 129
37 131
37 133
37 135
37 136
37 148
37 154
37 160
37 161
37 165
37 172
37 180
37 182
37 187
37 189
37 190
37 193
37 199
38 46
38 51
38 52
38 56
38 59
38 60
38 63
38 69
38 77
38 79
38 80
38 89
38 96
38 100
38 101
38 105
38 114
38 115
38 129
38 131
38 132
38 136
38 143
38 144
38 145
38 150
38 153
38 160
38 164
38 172
38 180
38 181
38 186
38 191
38 193
39 40
39 45
39 46
39 58
39 64
39 68
39 70
39 75
39 92
39 93
39 94
39 97
39 103
39 111
39 115
39 116
39 117
39 119
39 120
39 126
39 131
39 136
39 144
39 145
39 147
39 151
39 156
39 160
39 168
39 179
39 181
39 192
39 195
39 199
40 43
40 50
40 54
40 55
40 61
40 63
40 64
40 67
40 68
40 70
40 78
40 79
40 80
40 82
40 83
40 94
40 101
40 103
40 107
40 115
40 119
40 123
40 142
40 143
40 145
40 146
40 156
40 157
40 164
40 176
40 177
40 180
40 181
40 187
40 190
40 193
40 197
41 46
41 50
41 58
41 59
41 64
41 65
41 73
41 78
41 82
41 84
41 90
41 92
41 100
41 111
41 116
41 118
41 119
41 121
41 124
41 132
41 134
41 136
41 139
41 147
41 148
41 162
41 169
41 172
41 174
41 180
41 182
41 189
41 190
42 59
42 62
42 66
42 67
42 78
42 79
42 84
42 90
42 99
42 106
42 107
42 108
42 111
42 114
42 116
42 119
42 122
42 125
42 128
42 130
42 132
42 140
42 145
42 151
42 162
42 164
42 173
42 179
42 192
42 194
42 196
43 50
43 54
43 61
43 79
43 83
43 84
43 93
43 102
43 108
43 117
43 118
43 120
43 122
43 127
43 144
43 146
43 147
43 149
43 158
43 160
43 172
43 174
43 189
43 194
43 197
44 46
44 48
44 53
44 55
44 57
44 59
44 66
44 74
44 78
44 91
44 112
44 123
44 132
44 134
44 148
44 151
44 153
44 163
44 171
44 173
44 175
44 178
44 190
44 194
44 195
45 49
45 53
45 54
45 56
45 57
45 76
45 80
45 84
45 85
45 88
45 90
45 103
45 105
45 113
45 116
45 121
45 126
45 130
45 132
45 135
45 138
45 139
45 151
45 161
45 167
45 171
45 177
45 180
45 181
45 186
45 191
45 192
45 194
45 197
46 48
46 50
46 52
46 56
46 62
46 63
46 71
46 81
46 83
46 97
46 100
46 104
46 105
46 106
46 109
46 110
46 117
46 118
46 129
46 134
46 141
46 143
46 145
46 149
46 150
46 151
46 158
46 167
46 169
46 176
46 187
46 191
46 194
46 195
47 48
47 52
47 56
47 58
47 60
47 62
47 69
47 73
47 76
47 79
47 87
47 92
47 99
47 101
47 117
47 122
47 123
47 131
47 133
47 148
47 153
47 154
47 159
47 166
47 168
47 178
47 184
47 187
47 188
47 189
47 192
47 198
48 65
48 89
48 90
48 103
48 106
48 107
48 109
48 110
48 113
48 117
48 123
48 124
48 127
48 131
48 132
48 136
48 140
48 143
48 153
48 155
48 157
48 159
48 160
48 169
48 171
48 174
48 178
48 181
48 182
48 189
48 197
49 51
49 55
49 56
49 74
49 86
49 87
49 95
49 106
49 108
49 116
49 127
49 133
49 135
49 145
49 148
49 151
49 153
49 154
49 156
49 160
49 164
49 166
49 167
49 168
49 170
49 171
49 186
49 187
49 194
49 198
49 199
50 55
50 62
50 63
50 73
50 74
50 76
50 77
50 79
50 84
50 85
50 91
50 95
50 104
50 107
50 116
50 122
50 139
50 142
50 144
50 149
50 151
50 152
50 153
50 170
50 171
50 172
50 184
51 57
51 61
51 64
51 65
51 74
51 77
51 79
51 80
51 84
51 90
51 93
51 95
51 99
51 100
51 104
51 107
51 108
51 113
51 114
51 119
51 126
51 127
51 128
51 138
51 139
51 144
51 146
51 151
51 161
51 171
51 178
51 181
51 186
51 194
51 195
51 196
51 197
52 56
52 59
52 63
52 71
52 72
52 73
52 79
52 82
52 88
52 102
52 112
52 113
52 118
52 120
52 121
52 125
52 126
52 142
52 146
52 151
52 156
52 157
52 164
52 174
52 181
52 190
52 196
53 56
53 65
53 78
53 85
53 87
53 89
53 94
53 98
53 99
53 110
53 121
53 122
53 126
53 128
53 135
53 136
53 141
53 142
53 147
53 148
53 156
53 158
53 159
53 162
53 194
53 199
54 58
54 69
54 81
54 85
54 86
54 87
54 90
54 92
54 96
54 99
54 110
54 112
54 121
54 126
54 127
54 134
54 144
54 145
54 151
54 153
54 156
54 160
54 161
54 173
54 175
54 180
55 58
55 61
55 67
55 69
55 71
55 72
55 92
55 94
55 98
55 99
55 100
55 101
55 107
55 108
55 113
55 115
55 117
55 120
55 122
55 128
55 130
55 131
55 150
55 170
55 172
55 174
55 176
55 181
55 185
55 189
55 195
55 198
56 62
56 67
56 73
56 75
56 99
56 102
56 105
56 111
56 113
56 116
56 118
56 120
56 129
56 130
56 137
56 138
56 139
56 144
56 149
56 157
56 158
56 163
56 164
56 165
56 168
56 169
56 178
56 183
56 187
56 192
56 199
57 71
57 83
57 85
57 88
57 92
57 100
57 101
57 112
57 113
57 118
57 121
57 136
57 138
57 146
57 152
57 157
57 163
57 171
57 173
57 183
57 189
57 192
57 193
57 197
58 68
58 72
58 73
58 81
58 82
58 91
58 98
58 104
58 111
58 121
58 123
58 129
58 132
58 133
58 134
58 135
58 139
58 148
58 151
58 162
58 167
58 170
58 177
58 180
59 60
59 62
59 68
59 69
59 71
59 72
59 74
59 76
59 79
59 80
59 86
59 88
59 97
59 103
59 120
59 125
59 130
59 133
59 136
59 138
59 143
59 144
59 145
59 146
59 157
59 159
59 160
59 167
59 173
59 176
59 177
59 181
59 190
59 193
59 194
60 64
60 93
60 98
60 101
60 105
60 114
60 118
60 123
60 124
60 140
60 146
60 162
60 164
60 169
60 173
60 176
60 183
60 186
60 191
60 192
61 63
61 65
61 72
61 77
61 78
61 83
61 87
61 88
61 90
61 100
61 101
61 103
61 110
61 114
61 116
61 117
61 122
61 127
61 134
61 139
61 142
61 148
61 149
61 150
61 161
61 170
61 172
61 178
61 180
61 181
61 184
61 187
61 189
61 197
62 63
62 65
62 66
62 68
62 72
62 83
62 84
62 85
62 88
62 91
62 93
62 97
62 104
62 115
62 123
62 132
62 135
62 136
62 137
62 142
62 147
62 148
62 164
62 174
62 178
62 183
62 185
62 194
63 69
63 71
63 72
63 76
63 77
63 79
63 80
63 90
63 92
63 99
63 100
63 105
63 110
63 114
63 115
63 117
63 118
63 120
63 122
63 125
63 126
63 128
63 130
63 142
63 145
63 154
63 165
63 175
63 176
63 185
63 186
63 188
63 189
63 192
63 193
63 194
63 198
64 77
64 82
64 86
64 88
64 91
64 98
64 101
64 102
64 106
64 108
64 113
64 116
64 119
64 121
64 122
64 126
64 135
64 148
64 158
64 161
64 165
64 172
64 183
64 184
64 187
64 190
64 192
64 196
64 198
65 66
65 71
65 78
65 79
65 81
65 88
65 92
65 93
65 99
65 101
65 103
65 119
65 120
65 123
65 124
65 126
65 142
65 143
65 155
65 156
65 161
65 162
65 163
65 165
65 167
65 168
65 169
65 171
65 178
65 182
65 193
66 75
66 77
66 81
66 85
66 86
66 97
66 98
66 105
66 115
66 117
66 120
66 121
66 132
66 134
66 138
66 148
66 151
66 153
66 156
66 158
66 159
66 168
66 173
66 176
66 179
66 188
66 191
66 195
66 196
66 197
67 71
67 73
67 75
67 77
67 84
67 86
67 88
67 90
67 91
67 96
67 97
67 103
67 104
67 110
67 113
67 119
67 120
67 121
67 122
67 132
67 133
67 139
67 144
67 166
67 170
67 173
67 174
67 176
67 189
67 195
67 196
68 75
68 82
68 83
68 104
68 108
68 113
68 120
68 130
68 135
68 136
68 138
68 143
68 144
68 152
68 154
68 156
68 159
68 161
68 169
68 170
68 172
68 184
68 187
68 198
69 73
69 82
69 85
69 98
69 102
69 103
69 108
69 109
69 110
69 111
69 129
69 132
69 135
69 136
69 138
69 141
69 143
69 148
69 154
69 157
69 158
69 164
69 168
69 170
69 172
69 176
69 178
69 180
69 191
69 196
69 197
69 198
70 72
70 80
70 85
70 87
70 99
70 107
70 112
70 133
70 136
70 137
70 139
70 141
70 143
70 145
70 147
70 153
70 157
70 158
70 161
70 162
70 163
70 169
70 173
70 174
70 192
70 193
70 197
70 199
71 81
71 82
71 89
71 95
71 100
71 103
71 105
71 108
71 109
71 112
71 117
71 118
71 132
71 135
71 143
71 151
71 154
71 173
71 174
71 185
71 192
72 74
72 78
72 79
72 82
72 88
72 90
72 99
72 100
72 105
72 106
72 109
72 110
72 112
72 115
72 116
72 117
72 119
72 120
72 121
72 123
72 127
72 132
72 137
72 140
72 143
72 144
72 149
72 151
72 158
72 160
72 166
72 176
72 179
72 180
72 181
72 187
72 190
72 191
72 199
73 78
73 81
73 84
73 85
73 86
73 97
73 101
73 107
73 114
73 132
73 137
73 142
73 146
73 155
73 156
73 162
73 166
73 169
73 180
73 184
73 187
73 188
73 195
74 78
74 79
74 85
74 92
74 108
74 113
74 116
74 118
74 120
74 123
74 133
74 138
74 148
74 159
74 161
74 165
74 177
74 188
75 81
75 87
75 90
75 91
75 100
75 103
75 106
75 109
75 126
75 130
75 146
75 155
75 156
75 158
75 168
75 182
75 187
75 191
75 196
75 197
75 199
76 82
76 83
76 87
76 89
76 92
76 93
76 96
76 99
76 105
76 110
76 112
76 114
76 120
76 122
76 123
76 125
76 134
76 137
76 140
76 158
76 176
76 181
76 182
76 186
76 193
76 197
77 78
77 81
77 86
77 94
77 100
77 104
77 107
77 108
77 115
77 132
77 148
77 149
77 154
77 155
77 160
77 163
77 171
77 186
77 187
77 189
77 190
77 196
78 83
78 84
78 88
78 97
78 104
78 105
78 109
78 110
78 119
78 125
78 128
78 143
78 151
78 153
78 164
78 170
78 171
78 173
78 183
78 184
78 193
78 199
79 86
79 90
79 91
79 92
79 94
79 99
79 105
79 116
79 120
79 121
79 127
79 136
79 148
79 164
79 168
79 169
79 171
79 172
79 178
79 179
79 180
79 183
79 188
79 191
79 195
79 198
80 81
80 82
80 89
80 90
80 96
80 98
80 103
80 108
80 117
80 121
80 125
80 127
80 128
80 133
80 143
80 148
80 153
80 158
80 162
80 165
80 168
80 169
80 176
80 179
80 180
80 185
80 188
80 192
80 193
80 198
81 82
81 94
81 96
81 103
81 104
81 105
81 107
81 113
81 115
81 116
81 119
81 120
81 129
81 130
81 145
81 147
81 155
81 156
81 157
81 163
81 165
81 171
81 173
81 176
81 178
81 183
81 194
81 195
81 196
81 199
82 84
82 87
82 89
82 91
82 95
82 96
82 102
82 103
82 106
82 113
82 117
82 132
82 138
82 147
82 153
82 158
82 159
82 161
82 169
82 170
82 175
82 176
82 177
82 178
82 189
82 190
82 198
83 89
83 90
83 92
83 100
83 105
83 109
83 117
83 122
83 131
83 141
83 151
83 162
83 166
83 168
83 171
83 176
83 177
83 180
83 183
83 195
83 199
84 85
84 87
84 101
84 109
84 118
84 120
84 121
84 128
84 132
84 135
84 136
84 146
84 159
84 164
84 173
84 181
84 188
84 189
84 194
84 195
84 196
85 86
85 94
85 102
85 109
85 114
85 116
85 118
85 131
85 137
85 156
85 158
85 160
85 162
85 174
85 176
85 179
85 183
85 189
86 91
86 96
86 97
86 98
86 103
86 104
86 111
86 118
86 126
86 128
86 129
86 130
86 136
86 139
86 147
86 158
86 161
86 163
86 174
86 180
86 183
86 191
86 195
87 114
87 115
87 132
87 133
87 142
87 145
87 149
87 150
87 154
87 155
87 159
87 160
87 174
87 176
87 177
87 179
87 180
87 188
87 194
87 198
88 89
88 100
88 102
88 106
88 111
88 114
88 120
88 121
88 126
88 148
88 149
88 150
88 151
88 153
88 154
88 156
88 157
88 169
88 177
88 187
88 188
88 189
89 98
89 104
89 105
89 109
89 112
89 122
89 124
89 145
89 148
89 153
89 162
89 168
89 169
89 173
89 180
89 184
89 185
89 197
89 198
90 91
90 94
90 95
90 113
90 114
90 117
90 132
90 142
90 144
90 152
90 154
90 155
90 162
90 169
90 177
90 182
90 189
90 192
90 193
91 93
91 96
91 101
91 108
91 112
91 113
91 114
91 117
91 122
91 127
91 132
91 153
91 164
91 167
91 168
91 173
91 175
91 185
91 192
91 194
91 196
91 197
92 94
92 97
92 100
92 105
92 111
92 133
92 135
92 136
92 137
92 142
92 150
92 151
92 152
92 155
92 156
92 165
92 167
92 168
92 169
92 170
92 175
92 180
92 187
92 199
93 94
93 95
93 99
93 100
93 102
93 128
93 138
93 143
93 150
93 152
93 163
93 167
93 169
93 170
93 174
93 176
93 181
93 187
93 191
93 198
94 96
94 99
94 108
94 116
94 127
94 129
94 144
94 155
94 158
94 159
94 161
94 173
94 176
94 181
94 188
94 194
94 195
95 97
95 101
95 105
95 107
95 114
95 122
95 134
95 137
95 161
95 162
95 172
95 173
95 176
95 177
95 178
95 184
95 188
95 197
96 103
96 104
96 107
96 109
96 112
96 114
96 116
96 120
96 128
96 134
96 150
96 156
96 161
96 173
96 176
96 178
96 187
97 108
97 109
97 110
97 128
97 131
97 136
97 142
97 145
97 146
97 151
97 158
97 162
97 167
97 173
97 178
97 187
97 188
97 190
97 192
97 195
97 199
98 106
98 109
98 111
98 113
98 114
98 120
98 121
98 127
98 128
98 133
98 135
98 144
98 145
98 152
98 153
98 154
98 157
98 158
98 160
98 162
98 163
98 164
98 165
98 166
98 173
98 177
98 178
98 181
98 184
98 187
99 102
99 104
99 111
99 112
99 117
99 118
99 125
99 136
99 137
99 144
99 148
99 152
99 164
99 170
99 172
99 174
99 182
99 188
99 195
99 197
99 199
100 104
100 111
100 113
100 116
100 118
100 130
100 132
100 137
100 148
100 152
100 165
100 170
100 174
100 175
100 183
100 184
100 195
100 197
100 199
101 102
101 105
101 106
101 111
101 115
101 119
101 121
101 125
101 130
101 131
101 132
101 136
101 138
101 140
101 148
101 155
101 156
101 165
101 174
101 178
102 105
102 106
102 111
102 113
102 114
102 122
102 125
102 126
102 132
102 134
102 138
102 144
102 145
102 146
102 149
102 152
102 162
102 163
102 166
102 167
102 174
102 176
102 188
102 193
102 198
102 199
103 104
103 109
103 111
103 113
103 118
103 127
103 128
103 132
103 147
103 148
103 155
103 165
103 166
103 168
103 171
103 174
103 175
103 184
103 188
103 189
103 193
103 194
103 197
104 105
104 113
104 138
104 143
104 155
104 165
104 169
104 176
104 181
104 182
104 195
105 109
105 115
105 117
105 131
105 134
105 135
105 139
105 141
105 146
105 154
105 158
105 160
105 162
105 171
105 175
105 178
105 179
105 181
105 184
105 186
105 189
105 192
105 196
105 198
106 118
106 119
106 123
106 130
106 135
106 150
106 151
106 155
106 159
106 166
106 169
106 176
106 179
106 192
107 113
107 120
107 123
107 134
107 137
107 138
107 141
107 153
107 162
107 168
107 171
107 172
107 175
107 182
107 184
107 186
107 192
107 196
108 109
108 117
108 122
108 123
108 126
108 128
108 132
108 135
108 137
108 141
108 156
108 158
108 159
108 161
108 162
108 165
108 176
108 189
108 190
108 193
108 196
108 199
109 113
109 115
109 119
109 120
109 125
109 130
109 131
109 133
109 137
109 141
109 142
109 143
109 145
109 147
109 150
109 153
109 160
109 163
109 164
109 167
109 172
109 176
109 178
109 179
109 181
109 184
109 186
109 187
109 189
109 190
109 191
109 195
109 196
110 119
110 126
110 145
110 153
110 158
110 174
110 177
110 178
110 179
110 181
110 186
110 190
110 194
111 113
111 127
111 141
111 149
111 155
111 156
111 158
111 167
111 169
111 170
111 173
111 179
111 190
111 195
112 114
112 124
112 125
112 126
112 128
112 133
112 135
112 146
112 150
112 152
112 155
112 157
112 158
112 159
112 160
112 163
112 166
112 168
112 175
112 184
112 192
112 195
112 196
112 197
113 123
113 126
113 131
113 135
113 136
113 140
113 142
113 153
113 155
113 157
113 162
113 164
113 168
113 177
113 179
113 181
113 189
113 190
113 191
113 194
113 196
113 197
113 199
114 125
114 131
114 132
114 133
114 136
114 141
114 142
114 143
114 144
114 148
114 159
114 163
114 164
114 165
114 172
114 178
114 182
114 185
114 188
114 191
114 196
115 118
115 126
115 128
115 129
115 134
115 139
115 141
115 144
115 145
115 151
115 153
115 163
115 168
115 172
115 173
115 176
115 181
115 188
115 190
115 193
116 121
116 124
116 129
116 130
116 149
116 156
116 159
116 160
116 163
116 168
116 172
116 173
116 174
116 181
116 182
116 185
116 189
116 190
116 192
116 193
116 194
116 196
116 198
117 123
117 133
117 134
117 136
117 137
117 144
117 148
117 152
117 156
117 173
117 186
118 123
118 126
118 137
118 140
118 144
118 145
118 154
118 157
118 161
118 174
118 175
118 194
118 199
119 120
119 123
119 134
119 141
119 143
119 146
119 147
119 156
119 158
119 173
119 175
119 177
119 190
119 198
120 123
120 126
120 128
120 133
120 135
120 137
120 143
120 144
120 147
120 152
120 161
120 164
120 165
120 166
120 173
120 175
120 189
120 191
121 124
121 140
121 143
121 156
121 169
121 171
121 174
121 177
121 180
121 181
121 183
121 185
121 187
121 189
121 191
121 198
121 199
122 136
122 153
122 163
122 170
122 186
122 187
122 188
122 192
123 124
123 125
123 127
123 142
123 145
123 149
123 150
123 159
123 163
123 167
123 171
123 173
123 174
123 175
123 181
123 183
123 186
124 126
124 131
124 135
124 139
124 142
124 145
124 147
124 148
124 161
124 163
124 181
124 198
124 199
125 129
125 130
125 132
125 133
125 135
125 145
125 146
125 147
125 152
125 154
125 157
125 160
125 162
125 163
125 170
125 171
125 178
125 184
125 187
125 191
126 133
126 134
126 136
126 147
126 151
126 154
126 158
126 162
126 166
126 171
126 194
126 199
127 133
127 137
127 147
127 150
127 156
127 165
127 174
127 175
127 183
127 187
127 191
127 192
127 195
127 197
128 131
128 133
128 138
128 142
128 152
128 155
128 156
128 160
128 172
128 175
128 193
129 134
129 142
129 144
129 155
129 158
129 162
129 168
129 170
129 178
129 192
130 131
130 132
130 133
130 135
130 138
130 143
130 147
130 149
130 156
130 157
130 158
130 160
130 163
130 170
130 174
130 179
130 185
130 190
130 191
130 196
131 138
131 139
131 151
131 159
131 163
131 171
131 173
131 182
131 185
131 198
132 146
132 148
132 158
132 162
132 165
132 168
132 180
132 181
132 193
132 195
132 197
133 134
133 147
133 155
133 158
133 160
133 161
133 164
133 169
133 170
133 176
133 178
133 188
133 192
133 197
134 136
134 145
134 146
134 148
134 151
134 154
134 157
134 171
134 176
134 180
134 185
134 190
134 193
135 136
135 137
135 165
135 166
135 170
135 183
135 187
136 139
136 143
136 145
136 156
136 158
136 164
136 168
136 172
136 177
136 195
137 140
137 141
137 148
137 151
137 153
137 154
137 155
137 160
137 177
137 181
137 188
137 190
137 196
138 139
138 149
138 152
138 153
138 162
138 167
138 168
138 178
138 182
138 185
138 186
138 188
138 193
139 143
139 149
139 167
139 170
139 171
139 174
139 176
139 190
139 196
139 198
140 147
140 148
140 149
140 156
140 158
140 162
140 165
140 167
140 173
140 176
140 184
140 195
140 199
141 148
141 149
141 161
141 167
141 168
141 181
141 183
141 188
141 191
141 196
141 199
142 145
142 146
142 154
142 157
142 161
142 163
142 165
142 172
142 183
142 187
142 189
142 194
142 196
143 146
143 156
143 160
143 168
143 177
143 179
143 187
143 192
144 148
144 153
144 154
144 158
144 160
144 169
144 170
144 175
144 187
144 197
145 155
145 156
145 165
145 166
145 169
145 181
145 183
145 186
146 147
146 151
146 158
146 168
146 170
146 174
146 175
146 180
146 194
146 197
146 199
147 152
147 164
147 180
147 182
148 150
148 153
148 155
148 168
148 175
148 177
148 184
148 185
148 189
148 190
148 191
148 192
148 193
148 194
149 150
149 158
149 159
149 161
149 166
149 170
149 171
149 173
149 189
149 193
150 151
150 152
150 154
150 167
150 171
150 174
150 179
150 183
150 186
150 187
150 188
150 190
151 159
151 164
151 165
151 170
151 174
151 179
151 182
151 188
151 197
151 198
152 158
152 159
152 161
152 162
152 168
152 171
152 173
152 177
152 179
152 187
152 188
152 190
152 197
153 166
153 168
153 169
153 171
153 174
153 176
153 184
153 190
153 194
153 199
154 157
154 161
154 163
154 164
154 176
154 186
154 189
154 193
154 196
154 198
154 199
155 157
155 159
155 160
155 171
155 183
155 196
155 197
156 158
156 159
156 170
156 178
156 186
156 188
156 190
156 193
156 194
156 196
157 158
157 161
157 163
157 164
157 165
157 177
157 193
158 162
158 163
158 168
158 171
158 180
158 190
159 160
159 163
159 165
159 166
159 172
159 173
159 180
159 182
159 187
159 193
159 197
159 198
160 163
160 165
160 167
160 168
160 177
160 181
160 183
160 186
160 198
161 162
161 167
161 169
161 171
161 178
161 179
161 183
161 184
161 189
161 192
161 193
161 194
161 196
162 165
162 174
162 177
162 178
162 189
162 198
163 174
163 176
163 183
163 192
163 193
163 194
163 196
164 166
164 175
164 177
164 180
164 181
164 183
164 187
164 190
164 193
164 195
164 198
165 168
165 172
165 176
165 180
165 183
165 189
165 193
165 194
165 195
165 196
165 199
166 171
166 174
166 193
166 195
166 196
166 198
166 199
167 170
167 179
167 183
167 186
167 190
167 192
167 198
168 177
168 181
168 182
168 191
168 194
168 198
168 199
169 177
169 178
169 180
169 189
169 195
169 197
170 173
170 174
170 181
170 182
170 184
170 187
170 195
171 173
171 177
171 186
171 189
171 190
171 195
172 182
172 192
172 194
172 197
173 175
173 185
173 186
174 183
174 189
174 194
175 176
175 189
175 190
175 194
176 182
176 184
176 189
176 194
176 198
177 179
177 186
177 199
178 187
178 190
178 194
178 195
178 196
179 180
179 184
179 187
180 184
180 193
181 184
181 185
181 187
181 195
181 198
182 183
182 188
182 192
182 193
182 198
182 199
183 189
183 194
183 195
183 199
184 190
185 195
185 199
186 193
186 197
186 199
188 189
188 190
189 197
189 199
190 191
190 194
190 196
191 199
192 193
192 194
195 197
195 198
196 199
197 198
