200 5691
63 71
24 54
65 32
25 30
11 35
62 33
68 84
40 89
76 34
63 94
24 48
83 100
20 28
61 58
18 23
33 39
23 26
75 68
14 36
77 42
19 38
12 28
63 13
68 86
98 53
39 89
69 18
37 69
85 93
87 36
80 97
71 24
52 73
47 97
59 68
38 33
77 49
40 79
40 29
85 93
90 17
28 69
33 100
52 83
92 100
68 74
19 13
76 88
24 69
59 62
100 69
92 18
73 89
18 49
27 42
56 19
34 27
44 54
36 88
22 49
68 99
40 92
94 16
33 10
52 74
48 78
85 61
34 91
53 35
66 97
19 71
66 80
70 44
86 30
71 66
15 24
20 63
98 55
71 43
34 77
45 96
54 57
32 49
74 83
35 92
93 35
12 95
12 61
43 58
59 61
33 13
56 83
61 28
36 41
61 67
23 72
23 64
43 64
67 36
28 20
45 68
19 89
41 20
58 97
40 52
10 35
78 45
16 75
59 35
55 97
23 35
89 81
34 57
10 62
21 27
51 82
17 87
40 35
31 56
82 99
31 12
55 47
88 96
61 98
81 35
53 86
67 67
61 33
47 94
65 29
35 63
68 94
62 63
94 16
17 97
20 98
57 11
92 86
46 78
93 10
84 65
17 98
26 92
70 19
97 28
28 27
65 35
80 45
55 19
47 84
77 47
28 86
32 31
20 43
17 36
85 39
35 42
69 23
31 16
72 83
11 41
47 66
45 50
96 87
78 36
19 70
31 50
44 99
18 40
78 24
27 61
82 31
23 81
41 84
35 30
20 31
16 21
52 64
86 22
33 45
54 33
95 91
31 19
45 43
83 79
73 70
23 39
66 86
93 26
84 98
11 62
95 67
62 28
10 44
56 69
48 68
71 99
98 88
77 67
62 19
11686
0 3
0 7
0 11
0 13
0 15
0 20
0 21
0 22
0 23
0 24
0 28
0 30
0 33
0 34
0 35
0 36
0 37
0 40
0 42
0 43
0 45
0 46
0 48
0 49
0 50
0 51
0 53
0 55
0 56
0 60
0 61
0 62
0 63
0 64
0 67
0 71
0 72
0 73
0 74
0 77
0 78
0 79
0 80
0 82
0 84
0 85
0 87
0 88
0 89
0 95
0 98
0 102
0 103
0 106
0 107
0 110
0 111
0 112
0 113
0 117
0 118
0 119
0 120
0 123
0 124
0 125
0 126
0 128
0 129
0 130
0 131
0 132
0 133
0 134
0 135
0 136
0 138
0 139
0 143
0 145
0 147
0 148
0 150
0 153
0 154
0 155
0 156
0 160
0 162
0 163
0 164
0 165
0 166
0 168
0 170
0 171
0 172
0 173
0 174
0 175
0 176
0 177
0 178
0 179
0 180
0 181
0 182
0 183
0 184
0 185
0 197
0 199
1 2
1 3
1 7
1 8
1 9
1 11
1 12
1 13
1 14
1 15
1 17
1 19
1 20
1 21
1 22
1 23
1 26
1 30
1 31
1 32
1 33
1 34
1 39
1 42
1 43
1 46
1 48
1 49
1 50
1 53
1 54
1 56
1 59
1 60
1 62
1 63
1 65
1 66
1 67
1 68
1 70
1 71
1 74
1 78
1 80
1 82
1 83
1 84
1 85
1 86
1 87
1 88
1 89
1 91
1 94
1 95
1 96
1 97
1 98
1 99
1 100
1 101
1 104
1 105
1 108
1 109
1 110
1 111
1 112
1 114
1 115
1 117
1 118
1 121
1 122
1 123
1 124
1 125
1 126
1 127
1 128
1 130
1 131
1 134
1 135
1 136
1 137
1 140
1 141
1 142
1 144
1 145
1 146
1 148
1 150
1 151
1 152
1 153
1 154
1 156
1 157
1 158
1 159
1 161
1 163
1 169
1 170
1 171
1 173
1 179
1 180
1 181
1 182
1 183
1 184
1 185
1 187
1 188
1 190
1 191
1 192
1 193
1 194
1 196
1 197
1 198
2 4
2 11
2 12
2 13
2 14
2 18
2 22
2 29
2 31
2 34
2 35
2 36
2 37
2 41
2 42
2 44
2 46
2 48
2 50
2 51
2 52
2 53
2 54
2 55
2 56
2 60
2 61
2 62
2 64
2 70
2 71
2 72
2 73
2 74
2 76
2 79
2 80
2 83
2 85
2 86
2 87
2 88
2 89
2 90
2 91
2 93
2 94
2 95
2 96
2 98
2 100
2 101
2 103
2 104
2 110
2 111
2 113
2 114
2 115
2 116
2 117
2 119
2 120
2 121
2 123
2 124
2 128
2 131
2 132
2 134
2 135
2 136
2 137
2 138
2 139
2 142
2 145
2 146
2 149
2 150
2 152
2 154
2 155
2 157
2 159
2 160
2 163
2 165
2 166
2 170
2 171
2 173
2 174
2 177
2 179
2 180
2 181
2 183
2 184
2 185
2 187
2 189
2 191
2 193
2 195
2 199
3 4
3 5
3 7
3 8
3 9
3 10
3 11
3 12
3 13
3 14
3 15
3 16
3 21
3 22
3 23
3 25
3 26
3 28
3 30
3 33
3 37
3 40
3 41
3 43
3 44
3 47
3 50
3 51
3 52
3 53
3 55
3 56
3 57
3 58
3 59
3 60
3 61
3 62
3 64
3 65
3 66
3 67
3 68
3 71
3 74
3 75
3 76
3 79
3 80
3 81
3 84
3 86
3 87
3 89
3 90
3 91
3 93
3 94
3 95
3 97
3 98
3 102
3 103
3 104
3 105
3 109
3 110
3 112
3 113
3 114
3 115
3 116
3 117
3 118
3 119
3 120
3 121
3 122
3 125
3 127
3 130
3 131
3 132
3 133
3 135
3 136
3 138
3 141
3 142
3 144
3 145
3 146
3 147
3 149
3 150
3 151
3 152
3 153
3 154
3 157
3 158
3 159
3 161
3 162
3 163
3 164
3 165
3 167
3 168
3 170
3 171
3 172
3 173
3 176
3 177
3 182
3 183
3 185
3 186
3 190
3 191
3 192
3 195
3 199
4 5
4 7
4 8
4 10
4 11
4 12
4 13
4 15
4 16
4 17
4 18
4 23
4 24
4 26
4 27
4 29
4 32
4 33
4 38
4 40
4 41
4 42
4 45
4 46
4 47
4 48
4 49
4 50
4 51
4 54
4 55
4 56
4 57
4 58
4 59
4 61
4 62
4 63
4 64
4 65
4 68
4 69
4 70
4 71
4 72
4 75
4 77
4 78
4 80
4 82
4 83
4 86
4 87
4 90
4 91
4 92
4 93
4 94
4 96
4 98
4 102
4 104
4 105
4 106
4 107
4 108
4 109
4 111
4 112
4 113
4 116
4 117
4 121
4 122
4 126
4 127
4 130
4 131
4 132
4 133
4 134
4 136
4 137
4 138
4 139
4 141
4 142
4 145
4 146
4 147
4 148
4 150
4 151
4 153
4 154
4 157
4 159
4 161
4 162
4 163
4 164
4 165
4 168
4 173
4 175
4 176
4 179
4 180
4 181
4 190
4 192
4 193
4 196
4 197
4 198
5 8
5 9
5 10
5 12
5 14
5 15
5 16
5 20
5 21
5 22
5 23
5 24
5 25
5 27
5 28
5 31
5 34
5 35
5 37
5 39
5 41
5 44
5 45
5 47
5 48
5 49
5 50
5 51
5 52
5 54
5 58
5 59
5 60
5 61
5 62
5 63
5 64
5 66
5 68
5 69
5 71
5 72
5 80
5 81
5 84
5 85
5 86
5 87
5 94
5 95
5 97
5 98
5 99
5 100
5 101
5 102
5 103
5 104
5 105
5 107
5 108
5 110
5 111
5 112
5 113
5 114
5 116
5 117
5 118
5 122
5 123
5 124
5 125
5 126
5 127
5 128
5 130
5 131
5 132
5 134
5 135
5 136
5 138
5 139
5 140
5 141
5 143
5 144
5 145
5 146
5 147
5 149
5 150
5 151
5 152
5 154
5 156
5 157
5 164
5 165
5 166
5 172
5 174
5 175
5 177
5 178
5 179
5 180
5 181
5 182
5 183
5 184
5 185
5 186
5 188
5 189
5 190
5 191
5 196
5 197
5 198
5 199
6 10
6 12
6 13
6 15
6 16
6 18
6 19
6 20
6 21
6 22
6 23
6 28
6 29
6 30
6 31
6 32
6 33
6 35
6 38
6 39
6 42
6 43
6 45
6 46
6 47
6 48
6 49
6 50
6 51
6 52
6 54
6 55
6 56
6 58
6 60
6 62
6 66
6 68
6 69
6 70
6 71
6 73
6 74
6 75
6 76
6 77
6 78
6 80
6 84
6 87
6 89
6 90
6 92
6 94
6 95
6 97
6 99
6 100
6 101
6 103
6 104
6 105
6 107
6 108
6 109
6 112
6 113
6 114
6 117
6 119
6 120
6 124
6 125
6 126
6 127
6 129
6 130
6 131
6 134
6 136
6 138
6 140
6 141
6 142
6 143
6 148
6 149
6 150
6 151
6 152
6 153
6 155
6 157
6 159
6 161
6 162
6 163
6 165
6 167
6 168
6 169
6 170
6 171
6 173
6 174
6 175
6 176
6 180
6 181
6 182
6 183
6 184
6 185
6 186
6 187
6 188
6 189
6 193
6 194
6 195
6 196
6 198
7 8
7 9
7 10
7 11
7 12
7 14
7 15
7 16
7 18
7 20
7 22
7 23
7 26
7 28
7 30
7 32
7 33
7 34
7 35
7 36
7 40
7 42
7 43
7 45
7 46
7 47
7 50
7 51
7 52
7 53
7 54
7 55
7 56
7 57
7 58
7 60
7 64
7 66
7 67
7 69
7 70
7 72
7 74
7 76
7 77
7 78
7 79
7 81
7 83
7 85
7 87
7 92
7 93
7 94
7 95
7 96
7 97
7 98
7 100
7 101
7 104
7 105
7 111
7 112
7 114
7 115
7 117
7 119
7 120
7 121
7 122
7 127
7 128
7 129
7 131
7 134
7 135
7 139
7 140
7 142
7 144
7 146
7 147
7 149
7 150
7 151
7 154
7 155
7 156
7 158
7 165
7 166
7 167
7 168
7 169
7 170
7 171
7 172
7 173
7 174
7 178
7 179
7 180
7 182
7 184
7 186
7 187
7 188
7 189
7 190
7 194
7 195
8 9
8 10
8 11
8 12
8 13
8 14
8 15
8 16
8 17
8 18
8 19
8 20
8 21
8 22
8 23
8 24
8 25
8 26
8 27
8 28
8 29
8 30
8 31
8 32
8 36
8 38
8 40
8 41
8 42
8 43
8 44
8 45
8 47
8 48
8 49
8 51
8 52
8 54
8 56
8 57
8 58
8 60
8 61
8 62
8 65
8 66
8 68
8 69
8 70
8 74
8 75
8 78
8 79
8 80
8 82
8 83
8 84
8 85
8 88
8 89
8 95
8 96
8 99
8 101
8 103
8 104
8 106
8 108
8 109
8 112
8 114
8 118
8 120
8 121
8 124
8 128
8 129
8 130
8 134
8 135
8 136
8 138
8 139
8 140
8 141
8 142
8 145
8 146
8 149
8 151
8 152
8 153
8 154
8 157
8 163
8 165
8 166
8 167
8 169
8 170
8 172
8 173
8 174
8 175
8 177
8 179
8 180
8 182
8 183
8 184
8 186
8 187
8 189
8 190
8 191
8 193
8 194
8 195
8 196
8 197
8 198
8 199
9 11
9 13
9 14
9 15
9 18
9 19
9 21
9 22
9 24
9 27
9 28
9 30
9 32
9 36
9 37
9 39
9 41
9 42
9 44
9 45
9 46
9 48
9 56
9 57
9 58
9 59
9 61
9 62
9 66
9 72
9 73
9 74
9 76
9 77
9 78
9 79
9 80
9 84
9 86
9 88
9 89
9 92
9 95
9 99
9 101
9 102
9 103
9 104
9 108
9 109
9 110
9 113
9 116
9 117
9 119
9 121
9 122
9 123
9 124
9 126
9 132
9 134
9 135
9 136
9 138
9 139
9 140
9 142
9 144
9 145
9 146
9 147
9 148
9 149
9 151
9 152
9 154
9 156
9 158
9 159
9 160
9 162
9 163
9 164
9 166
9 168
9 169
9 170
9 172
9 173
9 174
9 176
9 177
9 182
9 184
9 185
9 186
9 191
9 192
9 193
9 195
9 197
9 199
10 13
10 14
10 15
10 17
10 18
10 21
10 22
10 24
10 26
10 29
10 31
10 32
10 33
10 34
10 35
10 38
10 41
10 42
10 43
10 44
10 45
10 46
10 47
10 49
10 50
10 51
10 53
10 54
10 56
10 57
10 59
10 62
10 63
10 65
10 66
10 68
10 69
10 73
10 75
10 81
10 86
10 87
10 88
10 90
10 91
10 96
10 97
10 98
10 99
10 105
10 108
10 109
10 110
10 111
10 113
10 116
10 117
10 118
10 119
10 120
10 121
10 122
10 123
10 124
10 125
10 126
10 127
10 129
10 131
10 132
10 133
10 136
10 137
10 138
10 139
10 140
10 141
10 143
10 145
10 146
10 150
10 152
10 153
10 154
10 156
10 157
10 158
10 159
10 161
10 162
10 164
10 165
10 166
10 169
10 170
10 172
10 176
10 177
10 178
10 181
10 183
10 184
10 185
10 186
10 190
10 191
10 193
10 197
11 13
11 17
11 18
11 19
11 25
11 28
11 29
11 31
11 32
11 34
11 38
11 39
11 42
11 43
11 44
11 47
11 48
11 51
11 52
11 53
11 54
11 55
11 56
11 59
11 61
11 63
11 64
11 65
11 67
11 68
11 70
11 74
11 76
11 79
11 80
11 81
11 83
11 84
11 85
11 86
11 88
11 89
11 90
11 91
11 92
11 93
11 95
11 97
11 98
11 99
11 102
11 106
11 107
11 109
11 111
11 112
11 113
11 117
11 119
11 120
11 122
11 124
11 126
11 128
11 130
11 131
11 132
11 133
11 134
11 136
11 138
11 141
11 142
11 144
11 146
11 150
11 152
11 153
11 160
11 161
11 164
11 167
11 168
11 171
11 172
11 173
11 174
11 175
11 177
11 179
11 180
11 184
11 186
11 187
11 188
11 190
11 191
11 192
11 194
11 195
11 196
11 197
11 198
12 13
12 16
12 17
12 19
12 21
12 22
12 23
12 24
12 31
12 34
12 35
12 44
12 45
12 46
12 48
12 49
12 51
12 53
12 54
12 55
12 56
12 58
12 60
12 61
12 64
12 65
12 66
12 67
12 68
12 69
12 70
12 73
12 74
12 75
12 76
12 78
12 80
12 82
12 83
12 87
12 88
12 89
12 90
12 92
12 95
12 99
12 100
12 101
12 102
12 103
12 106
12 108
12 110
12 112
12 114
12 115
12 116
12 117
12 118
12 119
12 121
12 126
12 128
12 129
12 130
12 131
12 133
12 134
12 135
12 138
12 139
12 140
12 141
12 142
12 144
12 145
12 147
12 148
12 149
12 152
12 153
12 154
12 155
12 156
12 157
12 159
12 161
12 162
12 163
12 164
12 166
12 167
12 168
12 169
12 174
12 175
12 177
12 178
12 179
12 180
12 181
12 183
12 185
12 188
12 190
12 191
12 192
12 193
12 194
12 195
12 196
12 197
12 199
13 14
13 16
13 18
13 19
13 20
13 22
13 24
13 26
13 27
13 28
13 31
13 33
13 42
13 43
13 44
13 48
13 49
13 50
13 52
13 53
13 57
13 58
13 59
13 60
13 61
13 62
13 63
13 64
13 66
13 69
13 70
13 71
13 72
13 74
13 75
13 76
13 77
13 78
13 79
13 80
13 81
13 83
13 85
13 87
13 88
13 91
13 92
13 93
13 97
13 99
13 100
13 101
13 102
13 103
13 104
13 105
13 107
13 112
13 113
13 115
13 118
13 119
13 120
13 123
13 124
13 125
13 128
13 130
13 131
13 132
13 135
13 137
13 139
13 140
13 142
13 144
13 145
13 150
13 152
13 155
13 158
13 163
13 167
13 168
13 169
13 170
13 172
13 173
13 179
13 180
13 181
13 182
13 183
13 187
13 188
13 189
13 190
13 191
13 192
13 193
13 194
13 195
13 196
13 197
13 199
14 15
14 16
14 18
14 19
14 20
14 25
14 28
14 29
14 30
14 33
14 34
14 39
14 40
14 42
14 44
14 45
14 46
14 50
14 52
14 53
14 54
14 55
14 57
14 58
14 60
14 62
14 63
14 64
14 66
14 67
14 70
14 72
14 73
14 74
14 75
14 76
14 78
14 79
14 80
14 81
14 82
14 83
14 85
14 86
14 90
14 91
14 93
14 95
14 96
14 98
14 100
14 105
14 106
14 107
14 108
14 109
14 110
14 111
14 112
14 113
14 114
14 117
14 118
14 120
14 121
14 122
14 124
14 125
14 128
14 129
14 133
14 137
14 138
14 139
14 140
14 141
14 142
14 143
14 145
14 146
14 148
14 151
14 153
14 155
14 157
14 158
14 160
14 161
14 163
14 164
14 165
14 167
14 168
14 169
14 172
14 173
14 174
14 175
14 176
14 177
14 180
14 183
14 186
14 188
14 189
14 190
14 191
14 192
14 193
14 194
14 195
14 196
14 199
15 17
15 21
15 25
15 28
15 30
15 31
15 32
15 34
15 36
15 37
15 39
15 41
15 44
15 46
15 49
15 50
15 53
15 55
15 56
15 57
15 61
15 62
15 64
15 65
15 68
15 70
15 71
15 72
15 73
15 74
15 77
15 78
15 80
15 81
15 83
15 85
15 86
15 88
15 89
15 90
15 91
15 93
15 94
15 97
15 99
15 101
15 103
15 104
15 106
15 107
15 108
15 111
15 112
15 113
15 114
15 115
15 118
15 119
15 121
15 122
15 123
15 124
15 126
15 128
15 129
15 130
15 131
15 132
15 134
15 135
15 136
15 137
15 138
15 139
15 141
15 142
15 143
15 144
15 145
15 147
15 149
15 151
15 154
15 156
15 157
15 158
15 159
15 160
15 163
15 165
15 168
15 171
15 173
15 175
15 177
15 179
15 180
15 181
15 182
15 183
15 184
15 185
15 187
15 188
15 189
15 191
15 193
15 194
15 198
15 199
16 19
16 20
16 21
16 22
16 23
16 24
16 26
16 27
16 31
16 32
16 34
16 35
16 38
16 39
16 40
16 42
16 46
16 47
16 49
16 51
16 52
16 53
16 54
16 55
16 57
16 58
16 59
16 61
16 65
16 66
16 67
16 68
16 69
16 70
16 73
16 74
16 75
16 76
16 77
16 78
16 81
16 82
16 83
16 84
16 85
16 86
16 89
16 90
16 92
16 94
16 96
16 97
16 98
16 102
16 103
16 104
16 105
16 106
16 108
16 109
16 111
16 112
16 113
16 115
16 116
16 117
16 118
16 119
16 121
16 122
16 123
16 124
16 125
16 126
16 127
16 131
16 133
16 134
16 135
16 136
16 137
16 138
16 140
16 141
16 143
16 145
16 148
16 151
16 153
16 155
16 160
16 161
16 162
16 163
16 164
16 165
16 167
16 169
16 171
16 172
16 174
16 176
16 177
16 178
16 180
16 181
16 182
16 183
16 184
16 185
16 186
16 188
16 189
16 190
16 192
16 194
16 195
16 196
16 197
17 18
17 19
17 20
17 21
17 23
17 25
17 26
17 27
17 28
17 29
17 30
17 34
17 36
17 37
17 39
17 40
17 42
17 43
17 44
17 46
17 49
17 52
17 54
17 56
17 57
17 58
17 63
17 65
17 66
17 69
17 72
17 73
17 75
17 77
17 79
17 80
17 81
17 82
17 85
17 88
17 89
17 93
17 94
17 95
17 99
17 100
17 106
17 107
17 111
17 112
17 117
17 118
17 120
17 121
17 124
17 126
17 127
17 129
17 130
17 132
17 133
17 134
17 135
17 136
17 137
17 139
17 140
17 142
17 143
17 144
17 146
17 147
17 148
17 149
17 151
17 152
17 153
17 156
17 157
17 161
17 162
17 163
17 165
17 168
17 170
17 171
17 174
17 177
17 180
17 181
17 183
17 187
17 188
17 193
17 194
17 197
17 198
17 199
18 19
18 22
18 24
18 26
18 29
18 31
18 33
18 34
18 35
18 40
18 42
18 44
18 45
18 48
18 49
18 50
18 52
18 55
18 56
18 59
18 60
18 61
18 62
18 63
18 64
18 67
18 73
18 77
18 79
18 84
18 85
18 88
18 92
18 93
18 94
18 97
18 99
18 100
18 103
18 105
18 106
18 107
18 110
18 111
18 112
18 113
18 114
18 115
18 116
18 118
18 119
18 121
18 122
18 123
18 124
18 125
18 128
18 129
18 130
18 132
18 133
18 134
18 135
18 136
18 138
18 139
18 141
18 144
18 145
18 146
18 147
18 149
18 150
18 152
18 153
18 154
18 158
18 159
18 160
18 161
18 162
18 164
18 166
18 168
18 169
18 171
18 173
18 174
18 175
18 176
18 178
18 179
18 180
18 181
18 183
18 184
18 186
18 188
18 189
18 190
18 191
18 192
18 194
18 195
18 196
18 198
18 199
19 21
19 22
19 23
19 24
19 25
19 27
19 29
19 31
19 32
19 33
19 35
19 36
19 37
19 38
19 39
19 40
19 41
19 43
19 45
19 46
19 50
19 52
19 55
19 56
19 57
19 58
19 59
19 60
19 62
19 63
19 65
19 66
19 67
19 68
19 69
19 70
19 71
19 73
19 74
19 77
19 78
19 81
19 82
19 85
19 86
19 87
19 88
19 89
19 90
19 91
19 93
19 94
19 95
19 98
19 99
19 100
19 104
19 105
19 106
19 107
19 108
19 113
19 114
19 117
19 118
19 119
19 120
19 121
19 122
19 125
19 126
19 127
19 128
19 130
19 132
19 136
19 138
19 141
19 142
19 143
19 145
19 146
19 148
19 150
19 151
19 152
19 154
19 156
19 157
19 158
19 160
19 163
19 164
19 165
19 166
19 168
19 170
19 171
19 172
19 174
19 177
19 178
19 179
19 180
19 181
19 183
19 184
19 194
19 195
19 197
20 22
20 23
20 25
20 26
20 27
20 28
20 29
20 30
20 31
20 32
20 35
20 37
20 44
20 47
20 48
20 51
20 53
20 54
20 58
20 59
20 61
20 62
20 63
20 64
20 65
20 66
20 68
20 71
20 72
20 73
20 76
20 79
20 82
20 84
20 85
20 87
20 88
20 89
20 90
20 91
20 92
20 94
20 95
20 96
20 98
20 99
20 102
20 106
20 108
20 110
20 111
20 112
20 114
20 117
20 119
20 120
20 122
20 124
20 125
20 127
20 128
20 129
20 130
20 131
20 132
20 133
20 134
20 135
20 138
20 139
20 142
20 143
20 146
20 147
20 150
20 151
20 152
20 156
20 158
20 159
20 161
20 162
20 163
20 164
20 165
20 166
20 167
20 169
20 170
20 172
20 173
20 174
20 179
20 180
20 181
20 182
20 183
20 185
20 186
20 187
20 188
20 190
20 191
20 193
20 196
20 197
20 199
21 22
21 23
21 25
21 30
21 31
21 33
21 34
21 35
21 37
21 38
21 39
21 40
21 41
21 42
21 43
21 44
21 45
21 46
21 50
21 52
21 53
21 55
21 61
21 62
21 65
21 67
21 68
21 69
21 70
21 73
21 75
21 76
21 78
21 82
21 83
21 85
21 86
21 87
21 88
21 91
21 92
21 93
21 94
21 96
21 97
21 98
21 100
21 101
21 102
21 106
21 109
21 116
21 117
21 118
21 119
21 120
21 123
21 126
21 128
21 129
21 130
21 131
21 132
21 133
21 135
21 140
21 142
21 143
21 144
21 145
21 149
21 152
21 155
21 156
21 157
21 160
21 161
21 162
21 164
21 165
21 166
21 168
21 170
21 173
21 175
21 176
21 178
21 180
21 181
21 182
21 186
21 187
21 188
21 192
21 193
21 194
21 195
21 197
21 198
22 23
22 24
22 25
22 26
22 28
22 31
22 33
22 34
22 35
22 36
22 40
22 41
22 46
22 48
22 50
22 53
22 55
22 57
22 58
22 63
22 65
22 66
22 67
22 69
22 71
22 72
22 73
22 74
22 76
22 77
22 78
22 79
22 83
22 85
22 86
22 88
22 91
22 92
22 94
22 95
22 97
22 98
22 100
22 102
22 103
22 106
22 108
22 114
22 116
22 117
22 118
22 122
22 123
22 124
22 125
22 126
22 128
22 132
22 133
22 134
22 136
22 137
22 138
22 139
22 141
22 144
22 147
22 148
22 149
22 150
22 151
22 152
22 156
22 158
22 160
22 164
22 165
22 166
22 169
22 171
22 173
22 176
22 177
22 178
22 179
22 181
22 182
22 183
22 185
22 187
22 188
22 190
22 194
22 197
22 198
22 199
23 26
23 28
23 29
23 31
23 32
23 33
23 34
23 35
23 37
23 38
23 41
23 42
23 43
23 44
23 45
23 49
23 50
23 51
23 52
23 54
23 55
23 59
23 61
23 62
23 63
23 66
23 67
23 69
23 70
23 71
23 72
23 74
23 75
23 77
23 78
23 79
23 81
23 82
23 83
23 85
23 86
23 88
23 89
23 91
23 92
23 93
23 94
23 95
23 98
23 108
23 111
23 113
23 115
23 116
23 118
23 120
23 122
23 125
23 128
23 129
23 131
23 134
23 141
23 143
23 147
23 149
23 150
23 155
23 156
23 157
23 160
23 162
23 163
23 165
23 168
23 169
23 171
23 172
23 175
23 176
23 177
23 180
23 181
23 182
23 183
23 184
23 186
23 187
23 196
23 198
24 28
24 30
24 31
24 33
24 34
24 35
24 41
24 42
24 43
24 46
24 47
24 49
24 54
24 55
24 57
24 60
24 62
24 63
24 64
24 66
24 70
24 71
24 73
24 74
24 78
24 79
24 80
24 82
24 85
24 86
24 87
24 88
24 90
24 91
24 93
24 95
24 98
24 99
24 100
24 102
24 103
24 104
24 105
24 108
24 109
24 111
24 113
24 114
24 115
24 116
24 119
24 120
24 121
24 122
24 123
24 125
24 126
24 128
24 130
24 133
24 135
24 138
24 139
24 140
24 142
24 143
24 144
24 145
24 149
24 150
24 152
24 154
24 155
24 156
24 158
24 159
24 160
24 161
24 164
24 165
24 166
24 167
24 168
24 169
24 173
24 174
24 179
24 184
24 186
24 188
24 190
24 191
24 192
24 193
24 195
24 196
24 197
24 198
25 28
25 31
25 32
25 36
25 38
25 42
25 43
25 44
25 45
25 46
25 47
25 48
25 49
25 51
25 53
25 54
25 58
25 59
25 60
25 61
25 62
25 63
25 64
25 65
25 66
25 68
25 70
25 71
25 72
25 73
25 74
25 76
25 77
25 78
25 80
25 82
25 83
25 86
25 88
25 92
25 94
25 96
25 97
25 98
25 99
25 100
25 101
25 103
25 104
25 106
25 112
25 114
25 115
25 116
25 117
25 121
25 122
25 123
25 124
25 126
25 128
25 129
25 130
25 132
25 137
25 139
25 140
25 141
25 142
25 144
25 147
25 148
25 149
25 151
25 152
25 153
25 154
25 155
25 156
25 157
25 158
25 160
25 162
25 163
25 166
25 169
25 173
25 174
25 178
25 179
25 181
25 182
25 184
25 185
25 186
25 187
25 190
25 191
25 193
25 194
25 196
25 197
25 198
26 27
26 28
26 31
26 34
26 35
26 37
26 38
26 39
26 42
26 44
26 46
26 47
26 48
26 50
26 52
26 53
26 55
26 57
26 61
26 62
26 68
26 69
26 70
26 72
26 73
26 77
26 78
26 80
26 81
26 82
26 83
26 85
26 87
26 88
26 89
26 91
26 93
26 94
26 96
26 97
26 98
26 101
26 102
26 104
26 109
26 110
26 111
26 113
26 114
26 115
26 116
26 117
26 118
26 119
26 120
26 121
26 125
26 128
26 129
26 131
26 133
26 134
26 135
26 136
26 137
26 139
26 140
26 143
26 144
26 145
26 148
26 149
26 150
26 152
26 154
26 155
26 156
26 157
26 158
26 161
26 162
26 163
26 164
26 165
26 166
26 168
26 171
26 176
26 178
26 179
26 180
26 181
26 183
26 184
26 185
26 186
26 187
26 188
26 190
26 192
26 194
26 196
26 197
26 199
27 28
27 30
27 31
27 32
27 33
27 34
27 36
27 38
27 39
27 40
27 41
27 42
27 45
27 46
27 50
27 52
27 53
27 54
27 56
27 57
27 60
27 62
27 63
27 64
27 65
27 67
27 69
27 70
27 71
27 73
27 74
27 76
27 78
27 79
27 81
27 82
27 83
27 86
27 87
27 89
27 92
27 93
27 94
27 96
27 97
27 98
27 99
27 101
27 103
27 104
27 106
27 107
27 109
27 110
27 111
27 114
27 115
27 116
27 117
27 119
27 122
27 124
27 125
27 129
27 130
27 132
27 136
27 140
27 143
27 144
27 146
27 148
27 149
27 151
27 153
27 154
27 155
27 158
27 159
27 160
27 161
27 163
27 164
27 165
27 166
27 167
27 168
27 169
27 170
27 171
27 172
27 174
27 175
27 177
27 179
27 182
27 184
27 186
27 187
27 189
27 193
27 195
27 198
28 29
28 30
28 31
28 33
28 34
28 35
28 36
28 37
28 41
28 42
28 43
28 45
28 46
28 47
28 51
28 52
28 53
28 56
28 59
28 62
28 63
28 64
28 67
28 69
28 70
28 77
28 79
28 80
28 81
28 82
28 84
28 87
28 88
28 91
28 92
28 93
28 94
28 96
28 97
28 98
28 99
28 100
28 102
28 104
28 105
28 107
28 108
28 109
28 114
28 115
28 118
28 119
28 121
28 123
28 124
28 125
28 128
28 129
28 131
28 132
28 134
28 137
28 138
28 139
28 141
28 145
28 148
28 149
28 150
28 151
28 153
28 154
28 155
28 156
28 160
28 162
28 164
28 165
28 166
28 167
28 168
28 170
28 171
28 173
28 174
28 175
28 176
28 177
28 180
28 182
28 183
28 184
28 185
28 187
28 190
28 195
28 197
28 198
28 199
29 30
29 31
29 35
29 36
29 38
29 42
29 44
29 45
29 47
29 49
29 50
29 52
29 54
29 57
29 61
29 63
29 64
29 69
29 70
29 73
29 75
29 76
29 77
29 78
29 80
29 83
29 84
29 87
29 89
29 90
29 91
29 92
29 93
29 94
29 96
29 97
29 98
29 99
29 100
29 101
29 102
29 103
29 104
29 106
29 109
29 110
29 111
29 112
29 115
29 116
29 117
29 118
29 119
29 121
29 122
29 124
29 125
29 126
29 128
29 130
29 131
29 132
29 133
29 135
29 136
29 137
29 138
29 141
29 142
29 143
29 144
29 145
29 147
29 148
29 149
29 150
29 152
29 155
29 156
29 158
29 159
29 160
29 161
29 162
29 164
29 165
29 166
29 167
29 169
29 171
29 172
29 173
29 174
29 175
29 177
29 178
29 179
29 180
29 184
29 186
29 190
29 191
29 193
29 194
29 195
29 198
29 199
30 33
30 34
30 36
30 37
30 38
30 40
30 41
30 42
30 44
30 49
30 50
30 52
30 53
30 54
30 56
30 60
30 61
30 62
30 64
30 66
30 68
30 69
30 73
30 78
30 79
30 80
30 81
30 82
30 83
30 84
30 86
30 88
30 89
30 90
30 91
30 94
30 98
30 103
30 105
30 107
30 111
30 112
30 114
30 115
30 117
30 118
30 119
30 123
30 124
30 125
30 126
30 127
30 128
30 129
30 131
30 135
30 136
30 138
30 139
30 141
30 144
30 146
30 147
30 148
30 151
30 155
30 156
30 157
30 158
30 159
30 161
30 162
30 164
30 166
30 167
30 170
30 174
30 176
30 180
30 182
30 183
30 184
30 185
30 187
30 188
30 189
30 190
30 191
30 192
30 193
30 199
31 32
31 36
31 37
31 38
31 39
31 40
31 41
31 45
31 46
31 48
31 49
31 51
31 52
31 54
31 56
31 59
31 61
31 65
31 66
31 67
31 72
31 73
31 78
31 79
31 84
31 85
31 86
31 88
31 89
31 90
31 92
31 98
31 99
31 100
31 101
31 102
31 103
31 104
31 105
31 106
31 107
31 108
31 111
31 112
31 114
31 116
31 117
31 118
31 119
31 120
31 121
31 123
31 124
31 126
31 127
31 128
31 133
31 135
31 136
31 137
31 138
31 140
31 141
31 142
31 144
31 147
31 148
31 149
31 151
31 152
31 153
31 155
31 156
31 157
31 158
31 160
31 162
31 164
31 166
31 167
31 173
31 174
31 182
31 184
31 185
31 186
31 188
31 189
31 190
31 191
31 192
31 193
31 199
32 33
32 34
32 38
32 39
32 40
32 42
32 43
32 45
32 46
32 48
32 49
32 51
32 54
32 56
32 57
32 58
32 59
32 60
32 62
32 63
32 66
32 68
32 69
32 70
32 72
32 73
32 74
32 75
32 76
32 77
32 80
32 81
32 82
32 85
32 86
32 89
32 90
32 91
32 92
32 93
32 95
32 96
32 101
32 102
32 103
32 108
32 109
32 112
32 113
32 115
32 117
32 118
32 119
32 121
32 123
32 124
32 125
32 127
32 132
32 133
32 134
32 136
32 137
32 138
32 139
32 140
32 141
32 143
32 144
32 149
32 151
32 154
32 155
32 156
32 157
32 162
32 163
32 165
32 166
32 169
32 170
32 172
32 173
32 174
32 175
32 177
32 179
32 180
32 181
32 182
32 184
32 185
32 186
32 187
32 190
32 191
32 194
32 195
32 197
32 199
33 34
33 36
33 39
33 40
33 43
33 44
33 46
33 47
33 49
33 50
33 51
33 53
33 54
33 55
33 56
33 57
33 58
33 59
33 60
33 61
33 62
33 63
33 65
33 66
33 68
33 70
33 71
33 72
33 73
33 75
33 77
33 81
33 82
33 84
33 86
33 87
33 88
33 89
33 90
33 91
33 92
33 93
33 94
33 95
33 96
33 97
33 99
33 100
33 102
33 103
33 104
33 106
33 107
33 109
33 110
33 111
33 112
33 113
33 114
33 115
33 116
33 122
33 123
33 124
33 125
33 128
33 130
33 131
33 132
33 135
33 136
33 137
33 141
33 144
33 145
33 148
33 149
33 150
33 153
33 154
33 155
33 156
33 157
33 158
33 163
33 165
33 168
33 170
33 171
33 175
33 176
33 178
33 180
33 182
33 183
33 184
33 185
33 189
33 191
33 192
33 193
33 194
33 195
33 196
33 199
34 37
34 38
34 39
34 40
34 42
34 43
34 44
34 46
34 50
34 51
34 53
34 54
34 55
34 58
34 59
34 60
34 61
34 63
34 64
34 66
34 67
34 68
34 69
34 70
34 71
34 75
34 76
34 80
34 83
34 84
34 85
34 86
34 88
34 89
34 90
34 91
34 93
34 94
34 95
34 97
34 98
34 101
34 102
34 105
34 110
34 111
34 112
34 115
34 116
34 117
34 118
34 121
34 125
34 126
34 129
34 130
34 131
34 132
34 133
34 134
34 137
34 138
34 139
34 140
34 141
34 142
34 143
34 144
34 145
34 147
34 148
34 149
34 151
34 153
34 154
34 155
34 157
34 160
34 161
34 163
34 165
34 169
34 170
34 171
34 174
34 177
34 179
34 180
34 182
34 183
34 184
34 185
34 189
34 190
34 191
34 192
34 193
34 195
34 196
34 199
35 37
35 38
35 39
35 40
35 41
35 42
35 43
35 44
35 46
35 47
35 49
35 55
35 56
35 58
35 60
35 61
35 63
35 67
35 68
35 74
35 76
35 77
35 78
35 81
35 82
35 84
35 85
35 86
35 87
35 89
35 90
35 93
35 94
35 95
35 96
35 97
35 98
35 99
35 101
35 104
35 105
35 106
35 107
35 110
35 111
35 112
35 113
35 114
35 115
35 117
35 118
35 119
35 120
35 121
35 123
35 125
35 127
35 129
35 132
35 133
35 134
35 136
35 137
35 138
35 139
35 140
35 143
35 146
35 148
35 151
35 154
35 157
35 158
35 159
35 161
35 162
35 164
35 166
35 167
35 168
35 169
35 171
35 172
35 173
35 174
35 175
35 176
35 177
35 178
35 179
35 181
35 182
35 183
35 185
35 186
35 187
35 188
35 189
35 193
35 194
35 195
35 197
35 199
36 38
36 39
36 41
36 44
36 45
36 47
36 48
36 49
36 50
36 51
36 52
36 55
36 56
36 57
36 58
36 60
36 63
36 67
36 69
36 71
36 72
36 73
36 74
36 75
36 76
36 77
36 78
36 79
36 81
36 82
36 85
36 88
36 90
36 91
36 94
36 95
36 96
36 99
36 100
36 101
36 107
36 109
36 110
36 111
36 112
36 113
36 115
36 117
36 119
36 120
36 121
36 123
36 124
36 126
36 127
36 129
36 131
36 132
36 133
36 134
36 135
36 138
36 141
36 143
36 144
36 146
36 147
36 148
36 150
36 152
36 153
36 154
36 155
36 156
36 157
36 158
36 160
36 162
36 163
36 165
36 166
36 170
36 171
36 172
36 173
36 176
36 180
36 182
36 184
36 186
36 187
36 188
36 189
36 190
36 194
36 195
36 196
36 199
37 41
37 43
37 44
37 47
37 49
37 50
37 51
37 52
37 55
37 57
37 58
37 59
37 60
37 61
37 65
37 66
37 71
37 73
37 74
37 76
37 79
37 80
37 81
37 84
37 85
37 87
37 89
37 90
37 94
37 95
37 97
37 99
37 104
37 106
37 109
37 110
37 111
37 112
37 113
37 114
37 115
37 117
37 118
37 119
37 120
37 121
37 122
37 128
37 131
37 133
37 134
37 135
37 136
37 137
37 143
37 145
37 149
37 150
37 151
37 153
37 155
37 157
37 158
37 159
37 161
37 165
37 166
37 171
37 173
37 174
37 175
37 177
37 178
37 179
37 181
37 182
37 184
37 185
37 186
37 187
37 188
37 189
37 191
37 193
37 195
37 199
38 39
38 40
38 43
38 44
38 45
38 46
38 47
38 48
38 49
38 50
38 51
38 53
38 56
38 58
38 59
38 62
38 72
38 73
38 74
38 75
38 76
38 78
38 80
38 81
38 83
38 84
38 85
38 88
38 90
38 93
38 98
38 100
38 102
38 103
38 104
38 106
38 111
38 112
38 113
38 114
38 116
38 117
38 119
38 120
38 122
38 124
38 125
38 126
38 129
38 130
38 132
38 134
38 135
38 137
38 138
38 139
38 140
38 141
38 143
38 144
38 147
38 148
38 149
38 150
38 151
38 152
38 154
38 155
38 156
38 158
38 159
38 160
38 161
38 162
38 166
38 170
38 172
38 175
38 176
38 179
38 180
38 185
38 187
38 188
38 189
38 190
38 193
38 194
38 195
38 196
38 197
38 199
39 41
39 42
39 44
39 48
39 49
39 51
39 52
39 54
39 55
39 56
39 58
39 59
39 61
39 62
39 64
39 65
39 66
39 67
39 68
39 69
39 72
39 74
39 75
39 76
39 77
39 80
39 83
39 88
39 89
39 90
39 92
39 94
39 96
39 97
39 98
39 100
39 102
39 104
39 105
39 106
39 107
39 108
39 109
39 110
39 112
39 114
39 115
39 116
39 117
39 118
39 119
39 122
39 123
39 128
39 129
39 131
39 132
39 134
39 135
39 138
39 139
39 140
39 141
39 142
39 145
39 146
39 147
39 148
39 149
39 151
39 154
39 156
39 160
39 161
39 162
39 164
39 166
39 170
39 171
39 172
39 173
39 175
39 177
39 178
39 179
39 180
39 181
39 182
39 186
39 187
39 188
39 189
39 192
39 193
39 194
39 197
40 43
40 45
40 51
40 52
40 53
40 54
40 58
40 60
40 61
40 63
40 64
40 65
40 67
40 69
40 70
40 71
40 72
40 74
40 75
40 77
40 78
40 82
40 83
40 86
40 87
40 91
40 94
40 96
40 97
40 98
40 99
40 102
40 103
40 104
40 105
40 107
40 110
40 111
40 112
40 114
40 115
40 116
40 117
40 119
40 121
40 122
40 123
40 124
40 126
40 128
40 129
40 130
40 131
40 132
40 134
40 135
40 136
40 138
40 140
40 141
40 142
40 143
40 144
40 145
40 146
40 147
40 148
40 149
40 150
40 152
40 155
40 157
40 160
40 161
40 163
40 164
40 170
40 172
40 173
40 174
40 175
40 178
40 179
40 180
40 181
40 183
40 190
40 191
40 193
40 195
40 199
41 43
41 44
41 46
41 47
41 50
41 55
41 57
41 61
41 62
41 63
41 64
41 65
41 66
41 67
41 68
41 70
41 71
41 72
41 75
41 76
41 79
41 80
41 82
41 85
41 89
41 90
41 91
41 92
41 93
41 96
41 97
41 99
41 100
41 101
41 102
41 103
41 105
41 106
41 107
41 108
41 111
41 112
41 114
41 116
41 117
41 118
41 119
41 120
41 125
41 126
41 127
41 132
41 133
41 134
41 136
41 137
41 138
41 140
41 143
41 144
41 145
41 146
41 147
41 151
41 153
41 154
41 155
41 156
41 159
41 160
41 166
41 167
41 168
41 169
41 171
41 172
41 173
41 174
41 178
41 179
41 182
41 185
41 187
41 189
41 190
41 191
41 194
41 195
41 196
41 198
42 43
42 44
42 45
42 46
42 48
42 49
42 52
42 54
42 55
42 58
42 62
42 64
42 65
42 67
42 69
42 70
42 71
42 72
42 74
42 75
42 76
42 78
42 79
42 80
42 81
42 83
42 84
42 86
42 87
42 88
42 89
42 90
42 91
42 93
42 94
42 95
42 96
42 97
42 99
42 101
42 105
42 110
42 111
42 112
42 113
42 116
42 117
42 119
42 120
42 122
42 123
42 124
42 125
42 127
42 128
42 129
42 130
42 131
42 136
42 137
42 138
42 139
42 140
42 141
42 142
42 144
42 145
42 148
42 149
42 151
42 152
42 153
42 156
42 157
42 159
42 160
42 163
42 167
42 168
42 169
42 170
42 171
42 173
42 174
42 175
42 178
42 179
42 180
42 183
42 185
42 187
42 188
42 189
42 191
42 192
42 193
42 195
42 197
42 199
43 44
43 45
43 46
43 47
43 49
43 50
43 51
43 52
43 53
43 54
43 55
43 60
43 61
43 62
43 67
43 68
43 69
43 72
43 74
43 76
43 77
43 78
43 80
43 81
43 82
43 83
43 84
43 85
43 86
43 87
43 89
43 90
43 91
43 92
43 93
43 94
43 96
43 100
43 101
43 103
43 104
43 105
43 108
43 109
43 110
43 112
43 113
43 115
43 116
43 119
43 121
43 122
43 124
43 126
43 127
43 128
43 129
43 130
43 134
43 135
43 138
43 139
43 140
43 141
43 142
43 143
43 144
43 145
43 146
43 153
43 154
43 155
43 160
43 161
43 162
43 163
43 166
43 167
43 169
43 170
43 171
43 174
43 175
43 176
43 177
43 179
43 181
43 182
43 183
43 184
43 185
43 186
43 188
43 191
43 193
43 196
43 197
43 198
43 199
44 45
44 47
44 49
44 50
44 52
44 53
44 56
44 57
44 58
44 59
44 60
44 63
44 65
44 66
44 67
44 70
44 71
44 74
44 75
44 76
44 78
44 79
44 81
44 82
44 87
44 88
44 90
44 92
44 93
44 94
44 95
44 97
44 98
44 99
44 100
44 101
44 103
44 104
44 109
44 113
44 115
44 117
44 119
44 121
44 124
44 125
44 126
44 127
44 129
44 130
44 131
44 132
44 135
44 141
44 142
44 145
44 146
44 148
44 150
44 153
44 155
44 156
44 157
44 158
44 163
44 167
44 169
44 170
44 171
44 172
44 174
44 175
44 176
44 177
44 178
44 179
44 180
44 181
44 182
44 183
44 185
44 186
44 188
44 189
44 190
44 191
44 192
44 193
44 195
44 196
44 197
44 198
44 199
45 46
45 48
45 49
45 52
45 54
45 55
45 56
45 58
45 59
45 61
45 62
45 63
45 65
45 67
45 68
45 69
45 71
45 72
45 73
45 74
45 76
45 78
45 79
45 80
45 82
45 84
45 86
45 87
45 88
45 91
45 92
45 93
45 94
45 95
45 97
45 101
45 103
45 104
45 105
45 106
45 107
45 108
45 110
45 111
45 114
45 115
45 116
45 118
45 119
45 122
45 124
45 125
45 128
45 131
45 132
45 133
45 138
45 143
45 144
45 145
45 147
45 148
45 153
45 155
45 156
45 157
45 158
45 159
45 160
45 162
45 164
45 165
45 166
45 167
45 168
45 169
45 171
45 174
45 175
45 176
45 177
45 181
45 182
45 183
45 184
45 185
45 188
45 189
45 192
45 195
45 196
45 197
45 198
45 199
46 47
46 52
46 53
46 61
46 62
46 65
46 66
46 68
46 70
46 71
46 72
46 73
46 74
46 76
46 77
46 78
46 80
46 82
46 83
46 84
46 85
46 86
46 87
46 90
46 92
46 93
46 94
46 95
46 96
46 97
46 98
46 103
46 105
46 108
46 109
46 110
46 114
46 115
46 118
46 119
46 121
46 122
46 123
46 126
46 127
46 129
46 132
46 133
46 134
46 136
46 137
46 138
46 144
46 145
46 146
46 148
46 151
46 152
46 154
46 156
46 157
46 159
46 163
46 165
46 166
46 169
46 171
46 173
46 176
46 178
46 180
46 183
46 184
46 186
46 189
46 192
46 193
46 199
47 48
47 49
47 50
47 52
47 53
47 55
47 56
47 59
47 61
47 63
47 64
47 66
47 68
47 70
47 71
47 72
47 75
47 81
47 82
47 85
47 86
47 87
47 88
47 89
47 90
47 91
47 92
47 94
47 98
47 99
47 100
47 101
47 103
47 104
47 105
47 106
47 109
47 110
47 113
47 118
47 121
47 122
47 124
47 125
47 126
47 127
47 128
47 130
47 132
47 133
47 134
47 135
47 137
47 140
47 142
47 143
47 145
47 146
47 147
47 148
47 149
47 150
47 153
47 155
47 156
47 157
47 158
47 161
47 162
47 165
47 166
47 168
47 169
47 170
47 173
47 175
47 176
47 177
47 178
47 179
47 182
47 183
47 184
47 185
47 188
47 190
47 193
47 196
47 197
47 198
47 199
48 49
48 51
48 52
48 54
48 56
48 57
48 58
48 59
48 60
48 61
48 63
48 64
48 65
48 66
48 68
48 69
48 73
48 75
48 76
48 77
48 78
48 79
48 80
48 81
48 83
48 84
48 86
48 89
48 91
48 92
48 94
48 95
48 96
48 98
48 99
48 102
48 104
48 106
48 111
48 113
48 114
48 115
48 116
48 117
48 118
48 119
48 120
48 121
48 123
48 124
48 125
48 126
48 127
48 129
48 130
48 131
48 132
48 135
48 138
48 145
48 146
48 150
48 151
48 153
48 154
48 155
48 157
48 159
48 160
48 161
48 164
48 167
48 169
48 170
48 174
48 175
48 177
48 178
48 181
48 182
48 184
48 185
48 187
48 189
48 193
48 194
48 195
48 196
48 198
48 199
49 56
49 57
49 58
49 59
49 60
49 61
49 62
49 64
49 65
49 66
49 68
49 69
49 70
49 74
49 75
49 76
49 78
49 80
49 81
49 82
49 84
49 85
49 86
49 87
49 88
49 89
49 91
49 92
49 94
49 95
49 96
49 98
49 99
49 100
49 101
49 104
49 105
49 106
49 107
49 108
49 109
49 110
49 111
49 112
49 114
49 115
49 117
49 119
49 120
49 121
49 122
49 124
49 125
49 126
49 127
49 129
49 130
49 131
49 134
49 136
49 141
49 142
49 143
49 146
49 147
49 148
49 154
49 155
49 156
49 158
49 160
49 161
49 163
49 165
49 166
49 169
49 170
49 172
49 175
49 177
49 178
49 179
49 180
49 181
49 183
49 184
49 185
49 187
49 188
49 191
49 192
49 196
49 199
50 53
50 54
50 56
50 59
50 61
50 62
50 63
50 64
50 66
50 67
50 70
50 71
50 73
50 74
50 76
50 78
50 81
50 82
50 84
50 85
50 86
50 90
50 91
50 95
50 96
50 98
50 99
50 100
50 101
50 102
50 105
50 106
50 107
50 108
50 109
50 110
50 112
50 113
50 114
50 117
50 118
50 120
50 121
50 122
50 127
50 128
50 129
50 131
50 134
50 136
50 137
50 138
50 140
50 142
50 148
50 150
50 151
50 152
50 156
50 157
50 158
50 161
50 162
50 163
50 171
50 175
50 178
50 180
50 181
50 184
50 185
50 186
50 187
50 188
50 190
50 191
50 194
50 196
50 197
50 198
51 53
51 56
51 57
51 58
51 59
51 60
51 61
51 63
51 64
51 65
51 66
51 67
51 68
51 69
51 70
51 71
51 72
51 75
51 77
51 78
51 79
51 80
51 82
51 83
51 87
51 89
51 91
51 92
51 95
51 96
51 98
51 99
51 100
51 101
51 102
51 104
51 107
51 108
51 111
51 112
51 116
51 118
51 120
51 121
51 124
51 125
51 127
51 128
51 129
51 133
51 134
51 137
51 139
51 140
51 141
51 146
51 148
51 150
51 154
51 157
51 158
51 160
51 162
51 164
51 166
51 167
51 168
51 169
51 171
51 172
51 175
51 176
51 177
51 178
51 179
51 180
51 181
51 183
51 184
51 185
51 186
51 189
51 192
51 195
51 198
51 199
52 53
52 54
52 56
52 59
52 60
52 61
52 62
52 63
52 64
52 67
52 70
52 72
52 73
52 75
52 78
52 79
52 80
52 81
52 82
52 83
52 85
52 87
52 88
52 89
52 90
52 91
52 94
52 95
52 97
52 100
52 101
52 102
52 104
52 105
52 106
52 108
52 110
52 113
52 115
52 117
52 118
52 119
52 120
52 121
52 123
52 125
52 126
52 127
52 128
52 131
52 132
52 133
52 135
52 136
52 137
52 138
52 140
52 141
52 144
52 148
52 149
52 151
52 153
52 154
52 157
52 161
52 163
52 165
52 167
52 168
52 169
52 170
52 171
52 175
52 176
52 177
52 178
52 179
52 180
52 183
52 184
52 186
52 188
52 189
52 190
52 191
52 192
52 195
53 55
53 56
53 60
53 62
53 64
53 67
53 68
53 69
53 72
53 74
53 75
53 76
53 77
53 78
53 79
53 81
53 82
53 83
53 84
53 87
53 88
53 89
53 92
53 93
53 94
53 95
53 97
53 98
53 100
53 102
53 103
53 105
53 106
53 107
53 108
53 109
53 110
53 113
53 116
53 119
53 120
53 121
53 124
53 125
53 126
53 129
53 131
53 134
53 135
53 137
53 138
53 142
53 143
53 144
53 147
53 149
53 150
53 151
53 154
53 155
53 164
53 165
53 166
53 167
53 173
53 174
53 176
53 177
53 181
53 183
53 184
53 185
53 186
53 187
53 188
53 192
53 193
53 194
53 197
53 198
54 55
54 59
54 60
54 63
54 64
54 65
54 67
54 69
54 71
54 73
54 77
54 80
54 83
54 86
54 87
54 89
54 91
54 92
54 94
54 95
54 96
54 98
54 99
54 101
54 102
54 103
54 104
54 105
54 106
54 107
54 108
54 109
54 112
54 113
54 115
54 119
54 124
54 125
54 126
54 127
54 128
54 129
54 130
54 131
54 132
54 134
54 135
54 136
54 137
54 140
54 141
54 142
54 143
54 144
54 145
54 146
54 148
54 149
54 150
54 151
54 152
54 153
54 154
54 155
54 156
54 159
54 162
54 163
54 164
54 165
54 166
54 168
54 169
54 170
54 171
54 172
54 174
54 175
54 177
54 179
54 180
54 181
54 183
54 184
54 185
54 186
54 189
54 190
54 193
54 198
54 199
55 59
55 60
55 61
55 62
55 63
55 65
55 68
55 69
55 72
55 73
55 75
55 78
55 79
55 80
55 82
55 83
55 84
55 85
55 87
55 89
55 91
55 92
55 94
55 95
55 97
55 98
55 100
55 101
55 103
55 104
55 105
55 106
55 107
55 108
55 110
55 113
55 115
55 118
55 120
55 121
55 123
55 126
55 128
55 130
55 131
55 132
55 133
55 134
55 135
55 136
55 139
55 140
55 141
55 143
55 144
55 146
55 147
55 148
55 149
55 152
55 153
55 155
55 156
55 158
55 159
55 161
55 162
55 163
55 164
55 165
55 166
55 168
55 169
55 171
55 173
55 175
55 176
55 177
55 180
55 181
55 182
55 183
55 184
55 185
55 186
55 188
55 190
55 192
55 193
55 196
55 198
55 199
56 57
56 58
56 59
56 60
56 62
56 65
56 67
56 68
56 69
56 70
56 72
56 74
56 75
56 76
56 79
56 80
56 81
56 84
56 86
56 87
56 88
56 89
56 92
56 93
56 95
56 96
56 97
56 98
56 100
56 104
56 107
56 111
56 112
56 114
56 116
56 118
56 119
56 120
56 125
56 129
56 131
56 133
56 137
56 138
56 139
56 140
56 141
56 142
56 145
56 147
56 150
56 154
56 155
56 158
56 160
56 163
56 164
56 165
56 170
56 172
56 173
56 174
56 175
56 177
56 178
56 180
56 181
56 184
56 185
56 187
56 188
56 189
56 190
56 191
56 192
56 193
56 194
56 196
56 197
56 198
57 58
57 59
57 63
57 64
57 65
57 66
57 67
57 68
57 69
57 71
57 72
57 73
57 76
57 78
57 80
57 81
57 82
57 83
57 84
57 85
57 86
57 88
57 91
57 92
57 95
57 97
57 102
57 103
57 104
57 105
57 106
57 107
57 108
57 111
57 112
57 113
57 115
57 116
57 117
57 118
57 120
57 121
57 122
57 124
57 125
57 126
57 127
57 129
57 130
57 133
57 134
57 135
57 136
57 138
57 139
57 140
57 141
57 143
57 146
57 149
57 150
57 151
57 152
57 154
57 155
57 156
57 158
57 160
57 161
57 162
57 164
57 165
57 170
57 171
57 172
57 175
57 176
57 179
57 180
57 182
57 183
57 186
57 190
57 192
57 195
57 196
57 199
58 59
58 61
58 62
58 63
58 64
58 65
58 68
58 69
58 70
58 73
58 76
58 77
58 78
58 80
58 81
58 83
58 84
58 87
58 88
58 89
58 91
58 92
58 93
58 94
58 98
58 99
58 100
58 101
58 102
58 103
58 104
58 105
58 108
58 110
58 111
58 112
58 113
58 114
58 115
58 117
58 118
58 120
58 121
58 122
58 123
58 128
58 129
58 130
58 131
58 134
58 136
58 137
58 140
58 141
58 144
58 145
58 146
58 147
58 148
58 156
58 157
58 159
58 164
58 166
58 168
58 169
58 170
58 171
58 172
58 173
58 174
58 175
58 176
58 177
58 178
58 179
58 180
58 181
58 182
58 183
58 184
58 189
58 192
58 194
58 196
58 197
58 198
59 61
59 62
59 64
59 66
59 67
59 68
59 70
59 72
59 76
59 77
59 78
59 80
59 81
59 84
59 87
59 88
59 89
59 93
59 94
59 96
59 97
59 98
59 100
59 103
59 104
59 108
59 110
59 112
59 113
59 114
59 116
59 118
59 120
59 121
59 122
59 127
59 128
59 129
59 131
59 133
59 136
59 137
59 138
59 141
59 143
59 144
59 148
59 150
59 153
59 155
59 156
59 157
59 160
59 161
59 162
59 163
59 168
59 169
59 170
59 173
59 174
59 175
59 179
59 181
59 182
59 185
59 186
59 187
59 189
59 190
59 191
59 192
59 193
59 194
59 195
59 196
59 197
59 198
59 199
60 61
60 64
60 66
60 68
60 72
60 73
60 74
60 75
60 76
60 77
60 78
60 79
60 81
60 82
60 83
60 85
60 88
60 89
60 91
60 93
60 95
60 96
60 98
60 99
60 100
60 101
60 103
60 105
60 106
60 109
60 113
60 115
60 117
60 119
60 121
60 122
60 123
60 124
60 126
60 127
60 128
60 129
60 131
60 132
60 137
60 141
60 144
60 146
60 150
60 151
60 152
60 153
60 154
60 155
60 156
60 157
60 160
60 161
60 162
60 163
60 164
60 165
60 166
60 169
60 170
60 171
60 176
60 177
60 179
60 181
60 183
60 185
60 187
60 188
60 190
60 195
60 197
60 198
60 199
61 63
61 64
61 65
61 67
61 69
61 70
61 71
61 72
61 73
61 74
61 75
61 76
61 77
61 78
61 80
61 82
61 83
61 84
61 85
61 86
61 87
61 89
61 90
61 91
61 94
61 96
61 97
61 98
61 99
61 100
61 104
61 105
61 106
61 107
61 108
61 109
61 110
61 111
61 112
61 113
61 117
61 118
61 119
61 120
61 123
61 124
61 125
61 126
61 127
61 128
61 129
61 131
61 132
61 134
61 140
61 142
61 143
61 144
61 145
61 148
61 149
61 153
61 154
61 155
61 156
61 159
61 161
61 162
61 163
61 164
61 165
61 166
61 167
61 168
61 169
61 170
61 171
61 172
61 173
61 178
61 179
61 183
61 184
61 191
61 192
61 194
61 195
61 198
61 199
62 63
62 64
62 66
62 67
62 68
62 69
62 70
62 71
62 73
62 74
62 75
62 77
62 79
62 80
62 81
62 85
62 86
62 87
62 88
62 92
62 93
62 94
62 95
62 96
62 97
62 98
62 100
62 106
62 107
62 108
62 110
62 111
62 112
62 113
62 114
62 115
62 116
62 117
62 119
62 120
62 122
62 124
62 126
62 128
62 129
62 130
62 132
62 134
62 135
62 136
62 138
62 140
62 142
62 143
62 145
62 147
62 148
62 150
62 151
62 153
62 154
62 155
62 158
62 159
62 160
62 162
62 163
62 166
62 168
62 170
62 171
62 173
62 175
62 177
62 179
62 181
62 183
62 185
62 186
62 187
62 188
62 190
62 191
62 192
62 194
62 195
62 196
63 65
63 66
63 67
63 69
63 70
63 71
63 75
63 76
63 79
63 80
63 81
63 82
63 84
63 85
63 87
63 89
63 90
63 91
63 92
63 94
63 99
63 100
63 103
63 104
63 105
63 106
63 108
63 109
63 111
63 113
63 114
63 116
63 117
63 119
63 120
63 121
63 122
63 123
63 124
63 125
63 126
63 127
63 128
63 130
63 131
63 137
63 140
63 141
63 142
63 143
63 144
63 145
63 149
63 150
63 151
63 152
63 154
63 156
63 157
63 158
63 159
63 160
63 161
63 163
63 168
63 172
63 174
63 175
63 176
63 177
63 178
63 179
63 180
63 181
63 182
63 183
63 184
63 185
63 191
63 192
63 193
63 195
63 197
63 198
63 199
64 65
64 66
64 67
64 68
64 69
64 71
64 72
64 73
64 75
64 77
64 78
64 81
64 83
64 86
64 88
64 90
64 96
64 98
64 99
64 100
64 101
64 102
64 104
64 105
64 106
64 108
64 109
64 112
64 113
64 114
64 115
64 117
64 121
64 122
64 125
64 126
64 127
64 130
64 132
64 134
64 136
64 137
64 141
64 142
64 143
64 144
64 147
64 148
64 149
64 151
64 152
64 154
64 158
64 159
64 160
64 163
64 164
64 171
64 172
64 174
64 177
64 179
64 180
64 182
64 183
64 184
64 185
64 186
64 187
64 189
64 197
64 198
65 66
65 67
65 69
65 70
65 71
65 72
65 73
65 74
65 75
65 76
65 77
65 78
65 81
65 82
65 83
65 84
65 87
65 88
65 89
65 94
65 95
65 97
65 99
65 100
65 101
65 103
65 104
65 105
65 107
65 108
65 110
65 111
65 113
65 115
65 116
65 118
65 119
65 120
65 121
65 123
65 124
65 125
65 126
65 129
65 130
65 131
65 132
65 133
65 134
65 135
65 136
65 137
65 138
65 140
65 143
65 145
65 146
65 148
65 149
65 151
65 152
65 153
65 154
65 156
65 158
65 159
65 160
65 161
65 164
65 165
65 166
65 168
65 169
65 170
65 172
65 174
65 175
65 181
65 182
65 184
65 185
65 186
65 191
65 195
65 196
65 197
65 198
65 199
66 67
66 69
66 71
66 72
66 73
66 74
66 76
66 78
66 79
66 80
66 81
66 83
66 84
66 86
66 87
66 88
66 89
66 90
66 91
66 92
66 94
66 98
66 99
66 101
66 102
66 106
66 107
66 108
66 109
66 111
66 114
66 115
66 116
66 117
66 118
66 119
66 124
66 126
66 127
66 128
66 129
66 130
66 131
66 133
66 134
66 135
66 137
66 138
66 139
66 141
66 144
66 145
66 146
66 147
66 148
66 150
66 152
66 153
66 155
66 156
66 158
66 159
66 161
66 163
66 165
66 166
66 167
66 169
66 171
66 174
66 175
66 177
66 178
66 179
66 180
66 182
66 184
66 186
66 187
66 188
66 191
66 192
66 193
66 196
66 197
66 198
67 70
67 72
67 73
67 79
67 80
67 81
67 84
67 85
67 87
67 88
67 91
67 93
67 96
67 98
67 99
67 101
67 103
67 109
67 110
67 111
67 112
67 114
67 116
67 117
67 118
67 120
67 123
67 124
67 125
67 126
67 127
67 128
67 129
67 132
67 134
67 135
67 136
67 137
67 139
67 141
67 143
67 144
67 145
67 146
67 148
67 150
67 151
67 153
67 154
67 156
67 160
67 161
67 165
67 166
67 167
67 169
67 172
67 173
67 174
67 176
67 177
67 179
67 182
67 184
67 185
67 187
67 188
67 189
67 191
67 194
67 195
67 196
67 197
67 198
67 199
68 72
68 73
68 74
68 77
68 78
68 80
68 84
68 85
68 87
68 89
68 90
68 92
68 93
68 95
68 96
68 97
68 98
68 99
68 100
68 101
68 102
68 103
68 104
68 107
68 110
68 111
68 113
68 114
68 121
68 128
68 129
68 130
68 131
68 132
68 138
68 139
68 140
68 141
68 142
68 143
68 147
68 148
68 149
68 151
68 153
68 155
68 157
68 158
68 159
68 161
68 162
68 163
68 166
68 167
68 168
68 171
68 172
68 174
68 175
68 176
68 177
68 179
68 181
68 182
68 184
68 188
68 189
68 192
68 193
68 195
68 196
68 197
68 199
69 70
69 71
69 74
69 75
69 76
69 77
69 78
69 79
69 80
69 83
69 88
69 90
69 93
69 96
69 98
69 100
69 101
69 103
69 104
69 105
69 107
69 108
69 109
69 111
69 112
69 113
69 114
69 115
69 117
69 120
69 121
69 123
69 125
69 129
69 132
69 134
69 136
69 137
69 138
69 139
69 140
69 143
69 144
69 145
69 147
69 148
69 150
69 152
69 154
69 158
69 161
69 162
69 163
69 164
69 166
69 167
69 168
69 169
69 171
69 172
69 177
69 182
69 183
69 187
69 188
69 189
69 190
69 191
69 192
69 194
69 195
69 199
70 71
70 72
70 74
70 75
70 79
70 82
70 83
70 84
70 85
70 87
70 91
70 92
70 93
70 96
70 97
70 101
70 103
70 106
70 111
70 112
70 113
70 114
70 115
70 116
70 121
70 122
70 123
70 125
70 126
70 128
70 130
70 131
70 136
70 137
70 142
70 144
70 145
70 146
70 149
70 150
70 152
70 155
70 156
70 157
70 158
70 159
70 162
70 166
70 170
70 171
70 172
70 174
70 175
70 176
70 177
70 179
70 180
70 183
70 184
70 186
70 188
70 192
70 194
70 195
70 196
70 197
70 198
71 72
71 74
71 75
71 76
71 77
71 80
71 82
71 87
71 88
71 89
71 93
71 94
71 95
71 96
71 97
71 98
71 99
71 100
71 102
71 105
71 106
71 107
71 109
71 110
71 111
71 112
71 113
71 114
71 118
71 119
71 122
71 124
71 125
71 126
71 127
71 128
71 133
71 135
71 136
71 138
71 139
71 140
71 141
71 145
71 148
71 150
71 151
71 152
71 153
71 155
71 156
71 157
71 158
71 159
71 160
71 161
71 163
71 164
71 165
71 166
71 169
71 170
71 171
71 173
71 177
71 179
71 180
71 185
71 186
71 187
71 189
71 191
71 192
71 194
71 196
71 197
72 73
72 75
72 77
72 80
72 81
72 82
72 85
72 86
72 87
72 90
72 92
72 93
72 96
72 97
72 98
72 99
72 101
72 102
72 105
72 107
72 108
72 109
72 115
72 116
72 117
72 118
72 120
72 121
72 122
72 124
72 125
72 126
72 127
72 128
72 129
72 131
72 134
72 136
72 137
72 138
72 143
72 145
72 146
72 147
72 149
72 150
72 151
72 152
72 155
72 159
72 161
72 162
72 164
72 166
72 167
72 169
72 171
72 172
72 174
72 177
72 180
72 181
72 182
72 183
72 185
72 187
72 189
72 191
72 194
72 196
72 197
72 198
72 199
73 74
73 75
73 76
73 77
73 79
73 82
73 84
73 85
73 86
73 90
73 92
73 96
73 97
73 98
73 99
73 100
73 101
73 103
73 104
73 107
73 108
73 109
73 112
73 113
73 115
73 119
73 120
73 121
73 122
73 123
73 124
73 125
73 128
73 130
73 131
73 132
73 135
73 137
73 139
73 140
73 142
73 143
73 144
73 145
73 146
73 147
73 148
73 150
73 151
73 152
73 153
73 157
73 159
73 160
73 161
73 164
73 166
73 167
73 169
73 171
73 172
73 173
73 176
73 177
73 179
73 180
73 181
73 184
73 185
73 189
73 190
73 191
73 192
73 197
73 198
73 199
74 79
74 81
74 82
74 83
74 84
74 86
74 88
74 89
74 90
74 92
74 93
74 95
74 97
74 99
74 103
74 104
74 108
74 110
74 112
74 113
74 114
74 115
74 117
74 118
74 120
74 124
74 125
74 126
74 128
74 130
74 132
74 134
74 135
74 138
74 139
74 140
74 142
74 143
74 145
74 146
74 147
74 148
74 149
74 150
74 151
74 156
74 157
74 162
74 163
74 164
74 169
74 171
74 172
74 174
74 176
74 178
74 181
74 185
74 186
74 189
74 190
74 193
74 195
74 196
74 198
74 199
75 76
75 77
75 78
75 80
75 81
75 82
75 84
75 87
75 91
75 92
75 95
75 100
75 102
75 104
75 105
75 106
75 108
75 109
75 111
75 112
75 113
75 119
75 122
75 123
75 125
75 127
75 129
75 131
75 132
75 133
75 137
75 138
75 139
75 141
75 144
75 147
75 148
75 149
75 155
75 158
75 159
75 160
75 161
75 162
75 163
75 164
75 167
75 168
75 169
75 170
75 171
75 173
75 174
75 176
75 180
75 184
75 185
75 186
75 187
75 188
75 189
75 190
75 191
75 192
75 195
75 196
75 197
75 199
76 77
76 78
76 79
76 81
76 82
76 83
76 84
76 85
76 86
76 87
76 88
76 90
76 93
76 94
76 95
76 97
76 100
76 103
76 104
76 105
76 106
76 108
76 111
76 113
76 114
76 115
76 116
76 117
76 119
76 120
76 122
76 123
76 124
76 125
76 126
76 127
76 129
76 135
76 136
76 138
76 139
76 140
76 142
76 144
76 145
76 146
76 151
76 152
76 153
76 156
76 157
76 158
76 159
76 160
76 161
76 163
76 165
76 167
76 168
76 173
76 174
76 176
76 179
76 180
76 181
76 183
76 184
76 188
76 192
76 193
76 195
76 199
77 78
77 79
77 80
77 81
77 85
77 87
77 88
77 89
77 93
77 96
77 100
77 101
77 102
77 103
77 104
77 105
77 107
77 108
77 109
77 110
77 112
77 113
77 115
77 116
77 117
77 118
77 119
77 121
77 122
77 123
77 124
77 125
77 126
77 129
77 130
77 131
77 132
77 133
77 134
77 136
77 138
77 140
77 141
77 142
77 143
77 144
77 145
77 148
77 149
77 150
77 151
77 153
77 154
77 157
77 159
77 160
77 162
77 163
77 164
77 165
77 170
77 172
77 173
77 175
77 177
77 179
77 180
77 184
77 186
77 190
77 191
77 193
77 195
77 197
77 198
77 199
78 81
78 82
78 83
78 84
78 88
78 90
78 92
78 93
78 95
78 99
78 100
78 102
78 103
78 105
78 106
78 108
78 111
78 112
78 113
78 114
78 116
78 118
78 119
78 120
78 122
78 123
78 126
78 128
78 129
78 130
78 131
78 135
78 136
78 139
78 141
78 143
78 146
78 148
78 149
78 150
78 151
78 152
78 153
78 157
78 158
78 160
78 162
78 163
78 165
78 167
78 170
78 172
78 173
78 175
78 176
78 179
78 181
78 182
78 188
78 190
78 191
78 193
78 194
78 195
78 197
78 198
78 199
79 80
79 81
79 83
79 84
79 85
79 88
79 90
79 91
79 93
79 94
79 95
79 97
79 99
79 101
79 104
79 105
79 106
79 108
79 112
79 113
79 116
79 117
79 118
79 119
79 120
79 121
79 122
79 123
79 124
79 125
79 126
79 127
79 130
79 135
79 136
79 138
79 143
79 145
79 146
79 147
79 148
79 150
79 151
79 153
79 155
79 156
79 157
79 161
79 162
79 163
79 164
79 167
79 169
79 173
79 174
79 175
79 177
79 179
79 182
79 183
79 184
79 185
79 186
79 187
79 189
79 191
79 192
79 193
79 194
79 195
79 196
80 81
80 83
80 84
80 85
80 86
80 87
80 88
80 89
80 92
80 93
80 94
80 96
80 97
80 98
80 99
80 101
80 102
80 103
80 104
80 109
80 111
80 112
80 113
80 114
80 119
80 120
80 121
80 122
80 123
80 125
80 132
80 133
80 134
80 135
80 136
80 137
80 138
80 139
80 141
80 143
80 144
80 145
80 146
80 149
80 150
80 151
80 155
80 156
80 157
80 158
80 159
80 162
80 163
80 164
80 166
80 168
80 169
80 173
80 174
80 177
80 178
80 182
80 183
80 190
80 191
80 192
80 193
80 194
80 195
81 87
81 88
81 90
81 91
81 95
81 96
81 97
81 98
81 99
81 100
81 101
81 102
81 103
81 106
81 107
81 108
81 109
81 110
81 111
81 113
81 114
81 116
81 119
81 121
81 124
81 125
81 126
81 128
81 130
81 131
81 132
81 135
81 136
81 137
81 138
81 139
81 140
81 142
81 145
81 147
81 149
81 150
81 152
81 153
81 154
81 156
81 157
81 158
81 159
81 160
81 161
81 162
81 166
81 168
81 173
81 174
81 175
81 176
81 177
81 178
81 179
81 180
81 181
81 182
81 183
81 184
81 185
81 187
81 188
81 192
81 193
81 195
81 196
81 197
81 198
81 199
82 84
82 85
82 86
82 87
82 88
82 91
82 93
82 94
82 95
82 97
82 101
82 102
82 103
82 104
82 106
82 111
82 112
82 114
82 116
82 117
82 118
82 119
82 120
82 124
82 125
82 127
82 131
82 132
82 133
82 134
82 135
82 136
82 137
82 142
82 145
82 146
82 147
82 149
82 152
82 155
82 156
82 158
82 159
82 160
82 161
82 163
82 165
82 168
82 170
82 175
82 176
82 177
82 179
82 181
82 182
82 183
82 184
82 188
82 189
82 190
82 191
82 192
82 196
82 199
83 85
83 86
83 87
83 88
83 89
83 91
83 92
83 93
83 94
83 96
83 99
83 102
83 103
83 105
83 107
83 109
83 113
83 114
83 115
83 116
83 119
83 120
83 122
83 123
83 124
83 125
83 128
83 129
83 130
83 133
83 134
83 136
83 137
83 142
83 143
83 145
83 146
83 147
83 148
83 149
83 150
83 151
83 152
83 154
83 155
83 157
83 158
83 159
83 160
83 162
83 163
83 164
83 165
83 166
83 167
83 168
83 174
83 175
83 176
83 178
83 179
83 180
83 182
83 184
83 185
83 186
83 190
83 191
83 192
83 193
83 195
83 196
83 198
83 199
84 86
84 89
84 90
84 92
84 95
84 97
84 98
84 100
84 101
84 102
84 105
84 107
84 109
84 111
84 112
84 113
84 114
84 117
84 118
84 119
84 120
84 122
84 124
84 126
84 128
84 130
84 133
84 134
84 135
84 136
84 137
84 138
84 140
84 142
84 143
84 149
84 150
84 151
84 152
84 153
84 154
84 155
84 159
84 160
84 163
84 164
84 165
84 167
84 172
84 175
84 176
84 179
84 180
84 186
84 188
84 190
84 191
84 192
84 193
84 194
84 196
84 197
84 199
85 86
85 87
85 89
85 91
85 92
85 93
85 97
85 102
85 104
85 105
85 107
85 108
85 109
85 110
85 112
85 113
85 115
85 117
85 119
85 120
85 121
85 123
85 125
85 126
85 128
85 129
85 130
85 132
85 135
85 137
85 140
85 141
85 143
85 145
85 147
85 149
85 152
85 153
85 155
85 156
85 157
85 158
85 160
85 161
85 162
85 165
85 167
85 168
85 169
85 170
85 171
85 172
85 173
85 175
85 177
85 179
85 180
85 181
85 182
85 183
85 184
85 189
85 190
85 192
85 194
85 195
85 196
85 197
85 198
86 90
86 91
86 92
86 93
86 94
86 95
86 96
86 99
86 100
86 101
86 102
86 103
86 104
86 105
86 106
86 107
86 108
86 109
86 110
86 111
86 112
86 119
86 120
86 121
86 122
86 123
86 124
86 126
86 127
86 129
86 130
86 135
86 136
86 137
86 138
86 139
86 142
86 143
86 145
86 147
86 148
86 149
86 150
86 152
86 153
86 154
86 156
86 158
86 159
86 160
86 161
86 162
86 164
86 167
86 169
86 171
86 172
86 173
86 178
86 179
86 182
86 183
86 184
86 185
86 186
86 187
86 192
86 197
86 198
86 199
87 88
87 91
87 92
87 93
87 94
87 96
87 100
87 101
87 102
87 103
87 104
87 105
87 106
87 107
87 108
87 110
87 111
87 113
87 115
87 117
87 118
87 120
87 122
87 123
87 124
87 125
87 129
87 133
87 134
87 136
87 138
87 140
87 142
87 143
87 145
87 146
87 150
87 151
87 154
87 158
87 159
87 161
87 162
87 163
87 164
87 165
87 167
87 170
87 173
87 174
87 176
87 177
87 178
87 179
87 180
87 183
87 184
87 185
87 186
87 187
87 188
87 190
87 191
87 192
87 194
87 195
87 197
87 198
88 89
88 90
88 93
88 95
88 96
88 97
88 99
88 100
88 102
88 103
88 106
88 107
88 108
88 112
88 113
88 114
88 116
88 119
88 120
88 121
88 122
88 123
88 124
88 126
88 127
88 131
88 132
88 133
88 134
88 135
88 136
88 137
88 139
88 140
88 141
88 142
88 143
88 145
88 146
88 147
88 149
88 151
88 154
88 157
88 159
88 160
88 161
88 163
88 164
88 166
88 167
88 168
88 170
88 173
88 175
88 177
88 178
88 179
88 180
88 181
88 183
88 184
88 185
88 187
88 189
88 191
88 194
88 196
88 199
89 90
89 91
89 93
89 95
89 96
89 97
89 98
89 99
89 100
89 101
89 105
89 106
89 108
89 109
89 110
89 111
89 112
89 113
89 117
89 118
89 119
89 120
89 125
89 126
89 127
89 128
89 129
89 130
89 132
89 137
89 138
89 140
89 143
89 144
89 146
89 149
89 154
89 155
89 157
89 158
89 159
89 160
89 162
89 164
89 165
89 168
89 169
89 170
89 173
89 175
89 180
89 181
89 182
89 184
89 186
89 188
89 189
89 193
89 195
89 197
89 199
90 92
90 93
90 96
90 100
90 103
90 107
90 111
90 112
90 113
90 115
90 120
90 121
90 122
90 124
90 125
90 126
90 129
90 134
90 137
90 138
90 141
90 142
90 143
90 146
90 147
90 148
90 150
90 152
90 154
90 155
90 156
90 158
90 159
90 161
90 163
90 165
90 166
90 167
90 171
90 172
90 174
90 175
90 176
90 177
90 178
90 180
90 182
90 183
90 185
90 186
90 189
90 191
90 192
90 196
90 198
90 199
91 92
91 94
91 95
91 98
91 99
91 100
91 102
91 103
91 107
91 108
91 109
91 110
91 111
91 113
91 114
91 115
91 116
91 117
91 119
91 120
91 121
91 125
91 128
91 129
91 130
91 131
91 133
91 134
91 136
91 137
91 138
91 143
91 144
91 145
91 146
91 147
91 149
91 153
91 154
91 156
91 158
91 160
91 161
91 162
91 163
91 165
91 167
91 168
91 169
91 170
91 171
91 172
91 173
91 174
91 175
91 176
91 177
91 181
91 182
91 183
91 184
91 185
91 186
91 194
91 195
91 197
91 198
91 199
92 93
92 94
92 95
92 96
92 100
92 105
92 106
92 108
92 109
92 111
92 113
92 114
92 117
92 118
92 119
92 121
92 123
92 127
92 128
92 130
92 131
92 132
92 133
92 134
92 135
92 141
92 142
92 143
92 144
92 145
92 146
92 147
92 149
92 151
92 152
92 154
92 159
92 164
92 165
92 166
92 167
92 168
92 169
92 170
92 171
92 173
92 174
92 175
92 176
92 177
92 178
92 179
92 180
92 181
92 184
92 185
92 186
92 187
92 188
92 190
92 191
92 193
92 194
92 196
93 94
93 95
93 96
93 97
93 98
93 99
93 100
93 101
93 104
93 106
93 107
93 109
93 110
93 111
93 112
93 113
93 115
93 118
93 119
93 122
93 124
93 128
93 129
93 131
93 132
93 133
93 135
93 137
93 142
93 144
93 145
93 146
93 147
93 150
93 151
93 152
93 153
93 155
93 157
93 158
93 162
93 164
93 165
93 166
93 167
93 169
93 170
93 172
93 173
93 174
93 177
93 178
93 179
93 180
93 185
93 187
93 188
93 192
93 195
93 196
93 197
93 198
93 199
94 95
94 96
94 97
94 99
94 101
94 102
94 103
94 105
94 106
94 107
94 109
94 110
94 113
94 114
94 115
94 116
94 118
94 119
94 122
94 123
94 129
94 131
94 133
94 135
94 136
94 139
94 140
94 145
94 146
94 148
94 150
94 151
94 154
94 155
94 156
94 157
94 159
94 160
94 162
94 164
94 165
94 166
94 168
94 169
94 173
94 175
94 176
94 177
94 178
94 179
94 181
94 182
94 184
94 185
94 187
94 190
94 192
94 193
94 194
94 196
94 199
95 98
95 99
95 100
95 101
95 103
95 105
95 109
95 111
95 112
95 113
95 114
95 116
95 117
95 118
95 119
95 124
95 126
95 127
95 129
95 130
95 132
95 133
95 134
95 136
95 137
95 141
95 142
95 144
95 145
95 148
95 149
95 150
95 152
95 155
95 156
95 161
95 162
95 163
95 164
95 165
95 169
95 170
95 171
95 173
95 175
95 176
95 177
95 179
95 180
95 181
95 182
95 183
95 185
95 186
95 187
95 188
95 189
95 190
95 193
95 196
95 197
95 199
96 100
96 101
96 102
96 103
96 104
96 105
96 107
96 108
96 109
96 110
96 112
96 113
96 115
96 117
96 118
96 123
96 124
96 126
96 129
96 130
96 132
96 133
96 134
96 135
96 140
96 141
96 143
96 144
96 146
96 147
96 148
96 149
96 154
96 155
96 156
96 163
96 164
96 165
96 166
96 167
96 169
96 172
96 173
96 176
96 178
96 180
96 181
96 184
96 185
96 186
96 187
96 189
96 190
96 191
96 192
96 193
96 194
96 195
96 196
96 198
97 98
97 100
97 101
97 103
97 104
97 109
97 110
97 111
97 112
97 113
97 114
97 117
97 120
97 121
97 122
97 123
97 126
97 127
97 128
97 131
97 133
97 134
97 135
97 140
97 145
97 147
97 148
97 151
97 152
97 158
97 159
97 161
97 164
97 166
97 169
97 170
97 171
97 176
97 177
97 178
97 179
97 180
97 181
97 182
97 183
97 184
97 186
97 187
97 189
97 190
97 192
97 194
97 195
97 199
98 99
98 100
98 101
98 102
98 103
98 104
98 105
98 106
98 109
98 110
98 112
98 113
98 116
98 117
98 119
98 120
98 121
98 125
98 126
98 127
98 131
98 132
98 134
98 135
98 137
98 139
98 140
98 141
98 142
98 144
98 145
98 147
98 151
98 154
98 157
98 158
98 159
98 160
98 162
98 164
98 165
98 166
98 169
98 171
98 172
98 173
98 175
98 177
98 178
98 179
98 180
98 181
98 183
98 184
98 188
98 189
98 190
98 191
98 192
98 193
98 194
98 196
98 198
99 100
99 102
99 103
99 105
99 107
99 109
99 111
99 113
99 114
99 115
99 116
99 117
99 118
99 121
99 125
99 126
99 128
99 129
99 130
99 131
99 133
99 134
99 135
99 137
99 139
99 140
99 141
99 146
99 148
99 149
99 150
99 151
99 153
99 154
99 155
99 157
99 158
99 159
99 164
99 165
99 166
99 167
99 171
99 173
99 175
99 176
99 179
99 180
99 181
99 182
99 183
99 185
99 186
99 187
99 188
99 189
99 190
99 191
99 192
99 196
99 197
99 198
99 199
100 101
100 102
100 104
100 105
100 106
100 107
100 108
100 110
100 111
100 112
100 114
100 115
100 116
100 117
100 118
100 119
100 120
100 122
100 124
100 125
100 126
100 128
100 132
100 133
100 135
100 137
100 142
100 144
100 147
100 148
100 149
100 150
100 152
100 153
100 155
100 156
100 157
100 163
100 165
100 166
100 167
100 169
100 172
100 173
100 174
100 175
100 176
100 180
100 183
100 184
100 186
100 189
100 191
100 192
100 193
100 194
100 195
100 198
100 199
101 102
101 104
101 109
101 115
101 116
101 117
101 119
101 121
101 122
101 123
101 124
101 125
101 126
101 129
101 130
101 131
101 132
101 138
101 140
101 143
101 145
101 147
101 148
101 149
101 151
101 152
101 155
101 156
101 160
101 162
101 163
101 164
101 165
101 167
101 169
101 171
101 172
101 173
101 174
101 175
101 176
101 177
101 178
101 180
101 182
101 185
101 186
101 187
101 189
101 190
101 192
101 193
101 197
102 104
102 107
102 108
102 109
102 111
102 112
102 113
102 116
102 117
102 118
102 119
102 120
102 121
102 122
102 123
102 127
102 128
102 129
102 131
102 132
102 133
102 134
102 136
102 140
102 142
102 143
102 146
102 148
102 149
102 150
102 151
102 152
102 154
102 159
102 162
102 163
102 165
102 166
102 167
102 169
102 172
102 174
102 175
102 178
102 180
102 182
102 183
102 184
102 186
102 187
102 193
102 194
102 195
102 197
102 199
103 105
103 106
103 107
103 108
103 109
103 112
103 113
103 114
103 116
103 118
103 120
103 121
103 122
103 124
103 127
103 129
103 130
103 131
103 135
103 137
103 138
103 140
103 141
103 144
103 146
103 150
103 151
103 152
103 153
103 155
103 156
103 159
103 162
103 163
103 164
103 165
103 166
103 167
103 169
103 170
103 171
103 172
103 173
103 175
103 177
103 178
103 179
103 181
103 182
103 183
103 184
103 186
103 187
103 189
103 190
103 192
103 195
103 199
104 107
104 108
104 109
104 112
104 115
104 118
104 119
104 120
104 121
104 122
104 123
104 124
104 125
104 127
104 128
104 129
104 131
104 132
104 134
104 135
104 136
104 140
104 141
104 142
104 144
104 146
104 147
104 148
104 149
104 150
104 151
104 154
104 155
104 156
104 160
104 162
104 163
104 164
104 166
104 167
104 169
104 170
104 172
104 175
104 179
104 180
104 181
104 183
104 187
104 189
104 190
104 191
104 192
104 193
104 194
104 195
104 196
104 197
104 199
105 107
105 112
105 117
105 118
105 119
105 125
105 126
105 128
105 129
105 130
105 131
105 132
105 135
105 136
105 137
105 139
105 141
105 144
105 146
105 148
105 150
105 153
105 154
105 155
105 158
105 159
105 161
105 163
105 167
105 170
105 171
105 173
105 175
105 176
105 177
105 178
105 180
105 181
105 186
105 187
105 192
105 193
105 194
105 195
105 197
106 109
106 110
106 113
106 114
106 115
106 117
106 119
106 120
106 122
106 127
106 128
106 131
106 133
106 134
106 137
106 138
106 139
106 140
106 142
106 145
106 148
106 149
106 150
106 151
106 154
106 156
106 158
106 160
106 161
106 162
106 164
106 166
106 168
106 169
106 173
106 175
106 176
106 178
106 180
106 181
106 182
106 184
106 186
106 188
106 191
106 195
106 196
106 197
107 108
107 109
107 110
107 112
107 114
107 115
107 116
107 118
107 119
107 121
107 122
107 123
107 128
107 129
107 131
107 136
107 140
107 142
107 143
107 144
107 146
107 147
107 151
107 154
107 155
107 156
107 157
107 160
107 162
107 163
107 164
107 166
107 167
107 168
107 170
107 173
107 174
107 176
107 178
107 179
107 182
107 183
107 184
107 186
107 188
107 189
107 190
107 191
107 192
107 194
107 195
107 196
107 198
107 199
108 110
108 111
108 114
108 116
108 118
108 122
108 123
108 127
108 129
108 130
108 131
108 133
108 134
108 135
108 136
108 137
108 138
108 139
108 141
108 143
108 144
108 145
108 146
108 147
108 148
108 149
108 152
108 154
108 155
108 159
108 161
108 162
108 165
108 166
108 169
108 170
108 171
108 172
108 179
108 181
108 182
108 184
108 185
108 186
108 192
108 193
108 197
108 199
109 110
109 116
109 117
109 118
109 121
109 123
109 125
109 126
109 128
109 129
109 131
109 132
109 135
109 136
109 138
109 139
109 140
109 141
109 142
109 144
109 145
109 146
109 148
109 149
109 150
109 151
109 153
109 155
109 158
109 160
109 162
109 163
109 164
109 166
109 167
109 168
109 169
109 170
109 171
109 172
109 173
109 175
109 176
109 179
109 185
109 188
109 189
109 190
109 191
109 194
109 197
109 198
110 111
110 112
110 113
110 114
110 115
110 117
110 118
110 119
110 120
110 122
110 123
110 124
110 125
110 129
110 130
110 135
110 136
110 137
110 139
110 141
110 144
110 145
110 148
110 150
110 152
110 153
110 155
110 157
110 159
110 160
110 161
110 162
110 163
110 165
110 168
110 170
110 171
110 172
110 173
110 174
110 180
110 181
110 184
110 185
110 186
110 187
110 188
110 189
110 190
110 192
110 195
110 196
110 199
111 113
111 114
111 116
111 117
111 118
111 119
111 122
111 123
111 124
111 125
111 128
111 129
111 130
111 133
111 134
111 137
111 138
111 141
111 142
111 144
111 146
111 151
111 152
111 153
111 154
111 158
111 159
111 160
111 161
111 163
111 164
111 165
111 166
111 168
111 170
111 171
111 172
111 175
111 178
111 179
111 180
111 181
111 182
111 183
111 184
111 185
111 188
111 189
111 191
111 194
111 197
111 198
111 199
112 113
112 114
112 115
112 118
112 119
112 120
112 121
112 122
112 123
112 124
112 125
112 126
112 127
112 128
112 130
112 131
112 132
112 135
112 138
112 139
112 140
112 142
112 144
112 147
112 148
112 149
112 150
112 152
112 155
112 156
112 157
112 159
112 162
112 167
112 168
112 170
112 171
112 174
112 176
112 177
112 178
112 179
112 180
112 185
112 186
112 187
112 188
112 189
112 190
112 192
112 194
112 195
112 198
112 199
113 114
113 115
113 116
113 117
113 118
113 120
113 123
113 124
113 126
113 127
113 128
113 129
113 131
113 132
113 134
113 137
113 138
113 141
113 142
113 145
113 146
113 147
113 148
113 149
113 150
113 151
113 153
113 155
113 157
113 159
113 162
113 163
113 165
113 168
113 169
113 171
113 172
113 173
113 175
113 177
113 178
113 181
113 182
113 184
113 186
113 187
113 190
113 191
113 194
113 195
113 196
113 198
113 199
114 115
114 116
114 117
114 118
114 119
114 120
114 121
114 122
114 123
114 125
114 126
114 128
114 129
114 130
114 132
114 133
114 134
114 135
114 136
114 137
114 138
114 139
114 141
114 144
114 146
114 147
114 149
114 151
114 152
114 153
114 155
114 156
114 158
114 159
114 160
114 163
114 165
114 166
114 167
114 168
114 170
114 171
114 172
114 174
114 175
114 176
114 177
114 178
114 179
114 180
114 182
114 184
114 186
114 188
114 190
114 191
114 192
114 193
114 194
114 195
114 197
115 118
115 120
115 121
115 122
115 123
115 124
115 126
115 133
115 134
115 135
115 136
115 137
115 138
115 141
115 143
115 144
115 145
115 147
115 149
115 150
115 151
115 152
115 154
115 155
115 156
115 157
115 159
115 161
115 162
115 164
115 165
115 166
115 167
115 169
115 170
115 171
115 178
115 179
115 180
115 184
115 186
115 187
115 188
115 189
115 190
115 191
115 192
115 193
115 194
115 195
115 197
115 199
116 120
116 121
116 126
116 127
116 128
116 129
116 132
116 135
116 137
116 138
116 139
116 142
116 143
116 144
116 145
116 146
116 148
116 151
116 153
116 154
116 155
116 157
116 159
116 160
116 162
116 165
116 166
116 167
116 169
116 171
116 172
116 174
116 175
116 177
116 179
116 180
116 181
116 182
116 183
116 187
116 189
116 197
117 118
117 124
117 125
117 126
117 128
117 129
117 132
117 133
117 134
117 136
117 138
117 139
117 140
117 144
117 147
117 148
117 149
117 151
117 152
117 154
117 155
117 157
117 158
117 160
117 161
117 164
117 167
117 168
117 169
117 170
117 172
117 173
117 174
117 175
117 176
117 178
117 179
117 181
117 185
117 186
117 188
117 191
117 192
117 193
117 196
117 197
117 199
118 119
118 121
118 122
118 126
118 128
118 129
118 131
118 133
118 134
118 135
118 136
118 137
118 138
118 139
118 140
118 141
118 142
118 147
118 148
118 152
118 153
118 155
118 156
118 157
118 158
118 159
118 160
118 163
118 164
118 165
118 168
118 170
118 173
118 175
118 176
118 179
118 180
118 181
118 182
118 187
118 189
118 190
118 191
118 194
118 196
118 198
118 199
119 121
119 122
119 123
119 124
119 126
119 127
119 131
119 132
119 133
119 135
119 136
119 138
119 140
119 141
119 142
119 143
119 146
119 149
119 150
119 151
119 152
119 153
119 155
119 156
119 158
119 159
119 161
119 163
119 166
119 167
119 168
119 169
119 171
119 173
119 175
119 176
119 177
119 179
119 180
119 181
119 186
119 187
119 189
119 191
119 193
119 196
119 197
119 199
120 121
120 126
120 128
120 129
120 133
120 134
120 136
120 137
120 139
120 142
120 144
120 145
120 146
120 150
120 151
120 152
120 156
120 157
120 158
120 161
120 162
120 163
120 164
120 165
120 166
120 167
120 171
120 173
120 174
120 175
120 176
120 177
120 179
120 181
120 182
120 183
120 184
120 185
120 186
120 188
120 189
120 190
120 191
120 193
120 194
120 196
120 197
120 198
121 122
121 127
121 128
121 129
121 130
121 133
121 134
121 135
121 136
121 137
121 138
121 139
121 142
121 147
121 148
121 150
121 151
121 152
121 157
121 159
121 160
121 161
121 163
121 164
121 165
121 169
121 170
121 171
121 173
121 174
121 176
121 178
121 179
121 180
121 184
121 185
121 186
121 188
121 189
121 190
121 191
121 193
121 194
121 197
121 198
121 199
122 123
122 124
122 125
122 126
122 128
122 129
122 130
122 131
122 132
122 133
122 134
122 137
122 140
122 141
122 142
122 144
122 146
122 148
122 150
122 153
122 154
122 155
122 156
122 163
122 164
122 165
122 170
122 171
122 172
122 173
122 176
122 178
122 180
122 183
122 184
122 185
122 186
122 187
122 188
122 189
122 190
122 191
122 192
122 193
122 194
122 195
122 198
122 199
123 125
123 126
123 127
123 129
123 133
123 136
123 139
123 141
123 143
123 146
123 147
123 150
123 151
123 152
123 153
123 154
123 155
123 156
123 157
123 158
123 159
123 164
123 166
123 169
123 170
123 171
123 172
123 173
123 175
123 176
123 178
123 179
123 180
123 182
123 183
123 185
123 187
123 189
123 192
123 195
123 196
123 197
123 198
124 126
124 127
124 129
124 130
124 133
124 136
124 137
124 138
124 139
124 140
124 142
124 143
124 144
124 147
124 148
124 153
124 158
124 162
124 163
124 164
124 165
124 166
124 167
124 169
124 172
124 173
124 174
124 176
124 177
124 180
124 181
124 184
124 185
124 186
124 187
124 191
124 193
124 194
124 195
124 196
124 197
124 198
124 199
125 126
125 129
125 130
125 132
125 133
125 134
125 135
125 136
125 137
125 138
125 139
125 143
125 146
125 147
125 148
125 149
125 150
125 152
125 153
125 155
125 156
125 158
125 162
125 163
125 164
125 167
125 168
125 169
125 170
125 171
125 172
125 174
125 175
125 176
125 177
125 178
125 179
125 180
125 181
125 185
125 186
125 187
125 188
125 189
125 191
125 193
125 194
125 195
125 198
126 127
126 128
126 129
126 130
126 131
126 133
126 134
126 135
126 136
126 139
126 142
126 144
126 146
126 147
126 149
126 150
126 151
126 153
126 154
126 156
126 158
126 159
126 164
126 165
126 167
126 173
126 176
126 177
126 178
126 179
126 180
126 181
126 182
126 183
126 188
126 189
126 190
126 192
126 193
126 195
126 197
127 128
127 129
127 131
127 132
127 133
127 135
127 142
127 144
127 145
127 147
127 150
127 151
127 152
127 154
127 157
127 158
127 159
127 160
127 162
127 163
127 164
127 167
127 170
127 172
127 173
127 174
127 175
127 176
127 177
127 181
127 185
127 186
127 187
127 190
127 192
127 193
127 194
127 196
127 197
127 198
128 129
128 131
128 133
128 139
128 141
128 142
128 143
128 145
128 148
128 150
128 152
128 156
128 159
128 160
128 162
128 165
128 166
128 168
128 169
128 170
128 172
128 173
128 174
128 177
128 178
128 179
128 180
128 181
128 182
128 184
128 185
128 186
128 189
128 190
128 193
128 195
128 196
128 197
128 198
129 130
129 131
129 135
129 136
129 138
129 141
129 142
129 143
129 144
129 145
129 146
129 147
129 148
129 149
129 150
129 151
129 153
129 155
129 156
129 157
129 160
129 162
129 164
129 165
129 166
129 167
129 168
129 169
129 171
129 172
129 174
129 176
129 177
129 178
129 179
129 180
129 182
129 183
129 186
129 187
129 188
129 189
129 190
129 191
129 192
129 193
129 194
129 195
129 196
129 197
129 198
129 199
130 131
130 134
130 135
130 136
130 137
130 139
130 143
130 145
130 148
130 152
130 153
130 154
130 155
130 159
130 160
130 161
130 162
130 164
130 168
130 169
130 170
130 171
130 172
130 173
130 174
130 176
130 180
130 182
130 185
130 189
130 190
130 193
130 194
130 195
130 197
130 199
131 132
131 133
131 134
131 137
131 139
131 140
131 141
131 143
131 144
131 145
131 146
131 147
131 151
131 156
131 157
131 158
131 159
131 160
131 161
131 163
131 164
131 166
131 167
131 168
131 169
131 171
131 174
131 175
131 176
131 177
131 178
131 180
131 183
131 184
131 186
131 187
131 189
131 190
131 191
131 192
131 193
131 195
131 196
131 197
132 133
132 134
132 135
132 136
132 137
132 138
132 139
132 143
132 144
132 146
132 148
132 149
132 151
132 153
132 154
132 156
132 157
132 160
132 161
132 162
132 164
132 165
132 166
132 167
132 168
132 171
132 172
132 174
132 175
132 177
132 181
132 182
132 185
132 186
132 187
132 189
132 191
132 193
132 195
132 196
132 198
132 199
133 136
133 137
133 139
133 140
133 146
133 151
133 154
133 155
133 157
133 160
133 162
133 163
133 166
133 169
133 170
133 171
133 177
133 180
133 185
133 186
133 187
133 188
133 190
133 191
133 192
133 194
133 196
133 198
134 135
134 136
134 139
134 141
134 142
134 146
134 148
134 149
134 151
134 153
134 157
134 158
134 159
134 160
134 161
134 163
134 164
134 165
134 167
134 168
134 171
134 172
134 175
134 176
134 177
134 180
134 181
134 182
134 184
134 185
134 187
134 189
134 190
134 191
134 192
134 195
134 196
134 199
135 136
135 137
135 138
135 139
135 144
135 146
135 147
135 148
135 150
135 151
135 152
135 153
135 158
135 159
135 160
135 161
135 163
135 164
135 165
135 166
135 167
135 168
135 171
135 172
135 175
135 177
135 178
135 183
135 186
135 188
135 189
135 190
135 192
135 193
135 196
135 197
135 199
136 137
136 144
136 147
136 148
136 152
136 153
136 156
136 157
136 166
136 167
136 170
136 173
136 174
136 178
136 180
136 181
136 182
136 188
136 189
136 190
136 191
136 192
136 195
136 199
137 138
137 139
137 140
137 141
137 143
137 147
137 148
137 149
137 150
137 151
137 153
137 157
137 158
137 159
137 162
137 163
137 165
137 166
137 169
137 174
137 178
137 179
137 181
137 184
137 185
137 187
137 188
137 189
137 190
137 191
137 192
137 194
137 195
137 198
137 199
138 139
138 140
138 141
138 143
138 146
138 147
138 149
138 151
138 152
138 153
138 154
138 156
138 158
138 160
138 162
138 164
138 165
138 166
138 167
138 168
138 169
138 170
138 172
138 173
138 174
138 175
138 176
138 177
138 179
138 180
138 182
138 183
138 184
138 185
138 187
138 191
138 194
138 195
138 196
138 197
139 141
139 142
139 143
139 148
139 150
139 152
139 154
139 162
139 164
139 165
139 166
139 167
139 168
139 169
139 170
139 171
139 174
139 177
139 181
139 185
139 191
139 192
139 193
139 194
139 198
139 199
140 142
140 143
140 145
140 147
140 148
140 152
140 153
140 154
140 155
140 157
140 158
140 159
140 160
140 164
140 165
140 166
140 167
140 169
140 170
140 171
140 172
140 174
140 175
140 176
140 177
140 180
140 182
140 184
140 185
140 187
140 190
140 193
140 196
140 198
140 199
141 145
141 146
141 147
141 148
141 150
141 151
141 152
141 154
141 157
141 158
141 159
141 160
141 161
141 163
141 164
141 165
141 167
141 168
141 170
141 171
141 173
141 174
141 176
141 177
141 178
141 179
141 180
141 182
141 183
141 185
141 189
141 190
141 192
141 193
141 194
141 195
141 196
141 198
142 144
142 146
142 147
142 148
142 149
142 150
142 151
142 152
142 153
142 156
142 157
142 158
142 160
142 162
142 164
142 165
142 166
142 169
142 170
142 171
142 172
142 176
142 177
142 178
142 181
142 182
142 183
142 184
142 185
142 186
142 187
142 192
142 194
142 195
142 196
142 199
143 144
143 147
143 152
143 153
143 155
143 156
143 157
143 159
143 160
143 161
143 167
143 168
143 169
143 170
143 171
143 174
143 177
143 180
143 181
143 183
143 188
143 189
143 190
143 191
143 192
143 193
143 194
143 195
143 196
143 198
143 199
144 148
144 150
144 157
144 158
144 159
144 160
144 161
144 163
144 164
144 165
144 166
144 168
144 169
144 172
144 173
144 181
144 184
144 186
144 191
144 192
144 195
145 147
145 148
145 149
145 153
145 154
145 155
145 156
145 157
145 158
145 159
145 160
145 161
145 162
145 165
145 166
145 167
145 169
145 170
145 172
145 173
145 174
145 176
145 177
145 179
145 180
145 181
145 183
145 184
145 185
145 186
145 187
145 188
145 191
145 192
145 193
145 194
145 195
145 197
145 199
146 147
146 148
146 149
146 150
146 151
146 152
146 153
146 154
146 157
146 159
146 160
146 162
146 163
146 165
146 170
146 171
146 172
146 173
146 177
146 178
146 179
146 180
146 181
146 182
146 184
146 185
146 186
146 187
146 189
146 191
146 192
146 193
146 194
146 196
146 197
146 198
146 199
147 148
147 152
147 153
147 154
147 155
147 158
147 159
147 162
147 163
147 167
147 169
147 171
147 174
147 175
147 177
147 181
147 182
147 186
147 187
147 188
147 191
147 192
147 193
147 196
147 197
147 198
148 149
148 150
148 152
148 153
148 154
148 155
148 156
148 157
148 160
148 161
148 163
148 165
148 166
148 167
148 168
148 169
148 170
148 171
148 172
148 176
148 178
148 179
148 180
148 181
148 182
148 183
148 184
148 186
148 191
148 193
148 194
148 195
148 196
148 197
148 198
148 199
149 151
149 152
149 153
149 156
149 158
149 160
149 164
149 165
149 166
149 168
149 169
149 171
149 172
149 173
149 175
149 176
149 177
149 179
149 183
149 184
149 185
149 186
149 187
149 189
149 194
149 196
149 197
150 154
150 157
150 161
150 162
150 163
150 164
150 167
150 168
150 169
150 171
150 172
150 173
150 174
150 175
150 176
150 180
150 181
150 182
150 183
150 185
150 186
150 187
150 189
150 192
150 194
150 196
150 197
150 199
151 152
151 153
151 154
151 155
151 156
151 157
151 158
151 159
151 161
151 162
151 163
151 164
151 165
151 166
151 167
151 168
151 169
151 170
151 171
151 172
151 173
151 175
151 177
151 178
151 179
151 180
151 182
151 183
151 184
151 185
151 193
151 195
151 196
151 197
152 154
152 155
152 156
152 157
152 159
152 161
152 162
152 163
152 164
152 168
152 171
152 175
152 177
152 179
152 180
152 184
152 186
152 187
152 188
152 190
152 192
152 193
152 194
152 196
152 197
152 199
153 154
153 155
153 157
153 158
153 160
153 163
153 165
153 166
153 171
153 172
153 173
153 174
153 176
153 178
153 180
153 181
153 183
153 184
153 186
153 189
153 192
153 194
153 195
153 196
153 197
153 199
154 155
154 157
154 158
154 159
154 160
154 161
154 162
154 164
154 165
154 166
154 169
154 170
154 171
154 172
154 173
154 174
154 175
154 177
154 178
154 180
154 181
154 182
154 183
154 184
154 185
154 187
154 188
154 189
154 191
154 192
154 193
154 194
154 196
154 199
155 156
155 157
155 158
155 161
155 162
155 163
155 165
155 168
155 170
155 171
155 173
155 174
155 175
155 179
155 182
155 185
155 187
155 190
155 192
155 194
155 195
155 196
155 199
156 157
156 160
156 163
156 164
156 165
156 166
156 168
156 171
156 172
156 173
156 174
156 177
156 178
156 179
156 181
156 183
156 184
156 185
156 189
156 190
156 191
156 193
156 195
156 197
156 198
156 199
157 159
157 160
157 161
157 163
157 164
157 165
157 166
157 170
157 171
157 173
157 174
157 175
157 177
157 179
157 180
157 181
157 182
157 183
157 184
157 185
157 186
157 187
157 193
157 195
157 197
157 198
158 160
158 167
158 168
158 169
158 171
158 172
158 173
158 174
158 175
158 177
158 179
158 182
158 183
158 186
158 188
158 190
158 191
158 194
158 195
158 196
158 197
158 199
159 160
159 162
159 163
159 164
159 165
159 166
159 167
159 168
159 171
159 173
159 174
159 175
159 178
159 182
159 183
159 184
159 186
159 187
159 189
159 191
159 193
159 196
160 162
160 164
160 167
160 169
160 170
160 171
160 173
160 177
160 181
160 182
160 183
160 186
160 187
160 188
160 189
160 190
160 192
160 193
160 195
160 196
160 197
160 198
160 199
161 162
161 165
161 167
161 168
161 172
161 174
161 175
161 176
161 177
161 180
161 183
161 184
161 185
161 186
161 187
161 188
161 191
161 192
161 194
161 198
161 199
162 164
162 165
162 166
162 169
162 170
162 171
162 172
162 176
162 177
162 179
162 180
162 181
162 182
162 183
162 184
162 185
162 187
162 188
162 190
162 192
162 193
162 194
162 199
163 164
163 166
163 167
163 170
163 171
163 173
163 174
163 175
163 176
163 177
163 178
163 180
163 183
163 185
163 186
163 190
163 191
163 196
163 197
163 198
164 165
164 166
164 167
164 170
164 174
164 175
164 178
164 180
164 181
164 182
164 184
164 188
164 189
164 190
164 191
164 194
164 198
164 199
165 166
165 167
165 169
165 170
165 173
165 174
165 176
165 177
165 178
165 179
165 180
165 183
165 185
165 189
165 190
165 195
165 198
165 199
166 169
166 170
166 171
166 172
166 173
166 175
166 176
166 177
166 181
166 182
166 184
166 185
166 187
166 189
166 190
166 191
166 195
167 169
167 170
167 171
167 172
167 173
167 174
167 176
167 178
167 180
167 182
167 183
167 185
167 186
167 187
167 189
167 192
167 194
167 195
167 198
168 170
168 173
168 175
168 176
168 178
168 180
168 181
168 182
168 183
168 184
168 185
168 188
168 189
168 190
168 191
168 192
168 195
168 199
169 170
169 171
169 172
169 179
169 181
169 182
169 184
169 185
169 186
169 188
169 189
169 192
169 193
169 194
169 196
170 171
170 172
170 173
170 174
170 175
170 176
170 178
170 179
170 182
170 183
170 184
170 185
170 186
170 188
170 191
170 193
170 196
170 197
170 198
170 199
171 172
171 173
171 174
171 175
171 177
171 179
171 181
171 183
171 184
171 185
171 189
171 190
171 191
171 193
171 194
171 195
171 196
171 199
172 173
172 175
172 177
172 178
172 179
172 180
172 181
172 185
172 190
172 191
172 192
172 193
172 194
172 196
172 197
172 198
173 175
173 177
173 179
173 180
173 184
173 187
173 189
173 190
173 191
173 192
173 193
173 196
173 197
174 175
174 177
174 178
174 179
174 181
174 182
174 186
174 187
174 188
174 189
174 191
174 192
174 195
174 197
175 176
175 177
175 178
175 179
175 180
175 181
175 182
175 185
175 187
175 188
175 189
175 190
175 191
175 192
175 194
175 196
175 198
176 180
176 181
176 182
176 187
176 188
176 190
176 192
176 193
176 195
176 197
176 199
177 178
177 179
177 181
177 182
177 183
177 184
177 185
177 186
177 188
177 190
177 191
177 192
177 193
177 194
177 197
178 180
178 181
178 182
178 185
178 186
178 188
178 189
178 191
178 192
178 193
178 194
178 196
178 197
178 199
179 181
179 182
179 185
179 186
179 187
179 188
179 189
179 190
179 191
179 193
179 194
179 197
180 181
180 183
180 184
180 185
180 187
180 188
180 189
180 190
180 192
180 196
180 197
180 198
180 199
181 184
181 185
181 186
181 187
181 188
181 191
181 193
181 194
181 196
181 197
181 198
182 185
182 187
182 188
182 191
182 192
182 193
182 194
182 195
182 196
182 197
182 199
183 185
183 187
183 190
183 191
183 193
183 194
183 196
183 197
183 199
184 185
184 191
184 192
184 193
184 198
185 187
185 188
185 190
185 192
185 196
185 198
185 199
186 187
186 189
186 190
186 192
186 194
186 195
186 196
186 197
186 198
187 192
187 193
187 195
187 197
187 198
187 199
188 189
188 191
188 193
188 194
188 195
188 196
188 197
188 198
188 199
189 190
189 191
189 193
189 199
190 191
190 192
190 193
190 194
190 197
191 193
191 195
192 195
192 196
192 197
192 199
193 195
193 196
193 198
193 199
194 196
194 197
194 198
195 196
195 197
196 198
196 199
197 198
197 199
