250 6777
84 70
74 100
87 18
60 16
15 48
80 54
44 56
10 48
98 38
68 65
93 15
48 21
95 82
64 45
38 93
67 90
99 86
79 62
78 83
28 16
93 55
67 63
87 59
76 15
20 82
37 99
34 30
36 61
87 13
87 14
51 32
16 54
98 73
12 10
39 81
43 81
35 85
34 34
61 28
47 92
89 86
58 76
100 52
46 84
50 74
62 73
99 89
62 23
72 94
33 53
97 58
16 16
51 10
79 13
27 33
89 21
24 12
33 58
78 18
67 34
12 47
22 54
70 98
21 100
27 35
60 37
43 68
90 88
18 32
63 87
67 34
63 40
61 29
34 16
64 83
61 84
83 90
79 54
26 10
26 57
46 63
36 93
51 79
68 26
79 51
79 54
92 93
68 25
63 21
67 52
23 41
75 91
46 17
29 41
37 25
29 14
43 92
77 29
28 65
46 22
70 23
44 46
61 50
35 58
72 32
10 53
65 58
87 72
61 22
12 43
70 84
42 71
71 91
11 36
38 44
41 54
62 94
71 80
67 93
59 93
58 92
62 90
72 66
100 58
73 72
53 83
80 34
38 88
63 81
54 29
37 84
57 28
71 45
88 14
11 48
59 22
93 23
10 21
83 15
75 15
68 90
52 96
11 60
33 54
39 79
61 60
40 62
32 34
68 32
64 13
25 30
99 67
59 65
53 23
66 77
69 50
74 54
35 72
93 85
17 11
65 45
39 77
55 63
37 45
96 69
60 41
19 13
95 63
22 10
74 89
32 27
70 93
46 55
60 16
13 13
28 56
46 79
29 51
14 44
71 53
53 48
12 85
65 54
34 100
24 84
37 97
86 77
31 72
91 45
88 71
24 83
51 80
85 83
38 64
29 45
57 77
80 46
45 22
51 48
94 53
54 93
91 15
97 44
53 16
100 47
42 88
20 21
97 80
18 85
19 74
95 42
75 13
73 33
35 55
44 34
81 70
84 95
73 71
100 86
15 93
89 45
83 14
71 39
44 19
70 54
15 19
39 73
61 99
42 46
40 45
51 99
60 39
20 71
40 51
11 43
16 89
43 38
56 23
39 25
65 67
31 42
85 26
35 36
70 45
16 71
33 37
56 32
27 59
15 18
34 100
6316
0 4
0 6
0 8
0 13
0 14
0 15
0 16
0 25
0 33
0 37
0 39
0 42
0 50
0 54
0 61
0 66
0 71
0 73
0 78
0 81
0 90
0 94
0 95
0 99
0 104
0 108
0 113
0 117
0 118
0 125
0 134
0 135
0 143
0 149
0 151
0 158
0 159
0 167
0 170
0 173
0 178
0 179
0 187
0 192
0 194
0 205
0 208
0 213
0 216
0 217
0 228
0 233
0 235
0 237
0 239
0 246
1 5
1 9
1 10
1 18
1 19
1 22
1 53
1 56
1 59
1 60
1 71
1 78
1 84
1 92
1 102
1 107
1 109
1 122
1 123
1 124
1 125
1 127
1 133
1 147
1 149
1 154
1 163
1 172
1 179
1 181
1 186
1 194
1 195
1 205
1 211
1 218
1 223
1 227
1 228
1 238
1 241
1 243
1 248
2 3
2 4
2 5
2 7
2 9
2 11
2 13
2 18
2 19
2 20
2 32
2 33
2 35
2 46
2 48
2 53
2 55
2 58
2 73
2 75
2 81
2 91
2 94
2 97
2 105
2 107
2 109
2 116
2 117
2 125
2 126
2 132
2 148
2 152
2 155
2 159
2 160
2 175
2 180
2 182
2 183
2 188
2 191
2 192
2 200
2 206
2 216
2 218
2 222
2 226
2 231
2 236
2 239
2 241
2 243
2 247
3 8
3 21
3 23
3 25
3 30
3 31
3 33
3 38
3 52
3 55
3 67
3 74
3 81
3 82
3 84
3 89
3 100
3 123
3 128
3 140
3 143
3 152
3 154
3 157
3 172
3 175
3 181
3 185
3 189
3 208
3 210
3 223
3 227
3 238
3 243
4 7
4 12
4 14
4 16
4 22
4 24
4 28
4 31
4 32
4 37
4 40
4 41
4 42
4 51
4 52
4 63
4 69
4 74
4 80
4 90
4 93
4 101
4 102
4 106
4 108
4 112
4 115
4 118
4 119
4 121
4 126
4 127
4 130
4 143
4 144
4 149
4 152
4 153
4 156
4 160
4 161
4 168
4 169
4 170
4 175
4 178
4 187
4 193
4 196
4 202
4 203
4 205
4 207
4 209
4 211
4 217
4 227
4 228
4 235
4 236
4 239
4 243
4 249
5 9
5 14
5 15
5 22
5 28
5 37
5 38
5 43
5 47
5 54
5 61
5 82
5 85
5 87
5 89
5 107
5 111
5 132
5 139
5 140
5 151
5 153
5 158
5 166
5 170
5 171
5 173
5 178
5 180
5 182
5 196
5 206
5 218
5 219
5 238
5 241
5 243
5 249
6 9
6 12
6 19
6 23
6 24
6 30
6 35
6 39
6 43
6 44
6 45
6 46
6 48
6 61
6 72
6 74
6 78
6 79
6 84
6 99
6 121
6 122
6 134
6 143
6 146
6 147
6 148
6 156
6 161
6 167
6 171
6 175
6 178
6 185
6 186
6 189
6 191
6 199
6 205
6 206
6 207
6 208
6 210
6 217
6 227
6 228
6 231
6 233
6 244
6 245
6 246
6 247
7 8
7 15
7 21
7 22
7 28
7 29
7 39
7 42
7 43
7 51
7 53
7 54
7 55
7 56
7 62
7 69
7 71
7 80
7 83
7 84
7 87
7 89
7 93
7 96
7 98
7 124
7 130
7 134
7 135
7 138
7 139
7 143
7 144
7 149
7 150
7 152
7 158
7 160
7 180
7 183
7 187
7 188
7 189
7 191
7 193
7 207
7 224
7 227
7 229
7 230
7 242
7 243
8 13
8 14
8 18
8 22
8 34
8 36
8 39
8 40
8 41
8 43
8 44
8 48
8 52
8 54
8 56
8 72
8 73
8 77
8 79
8 82
8 97
8 102
8 105
8 108
8 109
8 110
8 119
8 129
8 150
8 153
8 154
8 159
8 165
8 176
8 178
8 184
8 193
8 194
8 197
8 204
8 210
8 221
8 223
8 228
8 230
8 232
8 239
8 241
8 242
9 10
9 11
9 13
9 16
9 17
9 18
9 26
9 27
9 37
9 40
9 47
9 56
9 60
9 66
9 67
9 69
9 70
9 72
9 76
9 77
9 90
9 94
9 97
9 109
9 112
9 123
9 136
9 139
9 140
9 142
9 143
9 144
9 148
9 157
9 161
9 171
9 173
9 178
9 179
9 184
9 188
9 196
9 197
9 200
9 207
9 216
9 217
9 222
9 228
9 234
9 235
9 236
9 239
9 248
10 12
10 22
10 24
10 32
10 46
10 50
10 51
10 56
10 66
10 70
10 76
10 78
10 84
10 97
10 101
10 103
10 108
10 109
10 111
10 121
10 127
10 134
10 140
10 141
10 142
10 145
10 146
10 150
10 152
10 153
10 154
10 161
10 165
10 167
10 177
10 178
10 180
10 192
10 200
10 225
10 227
10 229
10 231
10 233
10 238
10 240
10 242
10 249
11 13
11 20
11 28
11 29
11 32
11 36
11 41
11 42
11 44
11 70
11 72
11 75
11 77
11 78
11 84
11 85
11 91
11 94
11 96
11 99
11 103
11 110
11 121
11 127
11 157
11 158
11 171
11 178
11 179
11 180
11 181
11 182
11 185
11 190
11 194
11 202
11 207
11 208
11 213
11 217
11 219
11 222
11 234
11 236
11 238
11 239
11 248
11 249
12 19
12 20
12 24
12 27
12 31
12 36
12 43
12 53
12 56
12 58
12 64
12 65
12 69
12 72
12 83
12 84
12 85
12 95
12 98
12 100
12 107
12 109
12 111
12 113
12 115
12 120
12 123
12 127
12 160
12 172
12 206
12 211
12 214
12 218
12 224
12 226
12 229
12 240
12 244
12 246
13 14
13 21
13 34
13 35
13 42
13 47
13 51
13 53
13 55
13 60
13 64
13 74
13 75
13 77
13 82
13 84
13 85
13 99
13 103
13 105
13 114
13 115
13 116
13 118
13 124
13 126
13 127
13 128
13 141
13 147
13 153
13 173
13 175
13 188
13 189
13 211
13 213
13 240
13 241
14 16
14 17
14 24
14 25
14 27
14 32
14 40
14 41
14 42
14 45
14 46
14 51
14 66
14 67
14 68
14 70
14 71
14 75
14 85
14 90
14 91
14 96
14 99
14 102
14 108
14 121
14 141
14 153
14 158
14 164
14 165
14 172
14 176
14 177
14 181
14 185
14 192
14 193
14 200
14 211
14 217
14 232
14 234
14 236
14 237
14 239
14 244
14 245
14 247
14 248
15 16
15 22
15 24
15 28
15 31
15 33
15 36
15 40
15 46
15 54
15 57
15 65
15 69
15 72
15 73
15 75
15 80
15 81
15 88
15 91
15 94
15 96
15 97
15 104
15 107
15 116
15 119
15 124
15 130
15 131
15 135
15 139
15 146
15 148
15 150
15 153
15 157
15 169
15 174
15 178
15 179
15 184
15 192
15 198
15 205
15 218
15 221
15 222
15 223
15 225
15 230
15 236
15 237
16 24
16 29
16 37
16 51
16 52
16 60
16 65
16 67
16 86
16 93
16 94
16 96
16 103
16 106
16 111
16 121
16 125
16 136
16 141
16 142
16 147
16 162
16 163
16 167
16 183
16 188
16 191
16 193
16 195
16 196
16 199
16 202
16 205
16 211
16 213
16 215
16 222
16 231
16 244
16 248
16 249
17 18
17 34
17 37
17 38
17 45
17 57
17 59
17 63
17 76
17 77
17 78
17 82
17 83
17 85
17 89
17 91
17 92
17 94
17 97
17 98
17 119
17 128
17 130
17 143
17 149
17 155
17 156
17 162
17 163
17 169
17 170
17 172
17 179
17 183
17 186
17 188
17 199
17 203
17 213
17 226
17 231
17 240
17 249
18 20
18 21
18 22
18 24
18 25
18 27
18 33
18 36
18 37
18 40
18 42
18 44
18 47
18 51
18 60
18 85
18 91
18 104
18 113
18 119
18 120
18 124
18 125
18 132
18 142
18 145
18 154
18 160
18 161
18 165
18 180
18 181
18 185
18 196
18 205
18 212
18 215
18 218
18 221
18 222
18 224
18 226
18 232
18 234
18 237
18 239
18 242
19 22
19 23
19 27
19 30
19 32
19 33
19 38
19 41
19 45
19 46
19 56
19 57
19 64
19 68
19 72
19 76
19 83
19 84
19 86
19 87
19 92
19 95
19 96
19 98
19 101
19 111
19 113
19 119
19 121
19 127
19 131
19 132
19 133
19 149
19 153
19 154
19 155
19 156
19 164
19 169
19 172
19 174
19 175
19 176
19 181
19 183
19 186
19 194
19 197
19 200
19 201
19 208
19 210
19 215
19 218
19 223
19 231
19 234
19 235
19 241
20 27
20 30
20 32
20 41
20 51
20 56
20 57
20 62
20 63
20 65
20 68
20 72
20 80
20 93
20 94
20 98
20 99
20 102
20 104
20 106
20 113
20 116
20 118
20 123
20 139
20 144
20 146
20 149
20 150
20 151
20 152
20 154
20 158
20 161
20 162
20 163
20 173
20 174
20 176
20 183
20 194
20 198
20 202
20 207
20 211
20 212
20 226
20 232
20 233
20 234
20 238
20 240
20 244
20 245
21 25
21 27
21 32
21 40
21 41
21 45
21 48
21 55
21 59
21 65
21 66
21 67
21 70
21 83
21 91
21 108
21 111
21 113
21 114
21 115
21 124
21 132
21 135
21 146
21 147
21 150
21 151
21 153
21 158
21 159
21 163
21 166
21 168
21 170
21 175
21 176
21 180
21 183
21 196
21 199
21 212
21 214
21 217
21 225
21 231
21 243
21 249
22 28
22 32
22 39
22 40
22 41
22 53
22 68
22 70
22 78
22 79
22 80
22 86
22 88
22 90
22 95
22 102
22 106
22 107
22 113
22 114
22 120
22 121
22 125
22 129
22 130
22 133
22 134
22 142
22 144
22 149
22 150
22 155
22 161
22 172
22 177
22 182
22 183
22 191
22 201
22 203
22 206
22 213
22 214
22 218
22 223
22 249
23 30
23 34
23 36
23 44
23 48
23 52
23 85
23 88
23 89
23 94
23 95
23 96
23 99
23 100
23 102
23 105
23 107
23 108
23 109
23 117
23 127
23 128
23 133
23 138
23 140
23 150
23 152
23 165
23 169
23 176
23 178
23 184
23 187
23 190
23 191
23 193
23 198
23 208
23 209
23 212
23 213
23 215
23 220
23 223
23 239
23 243
23 244
24 41
24 46
24 51
24 59
24 64
24 67
24 70
24 75
24 77
24 78
24 80
24 87
24 88
24 92
24 97
24 105
24 111
24 119
24 120
24 122
24 124
24 139
24 144
24 148
24 155
24 158
24 164
24 167
24 170
24 174
24 195
24 199
24 205
24 207
24 209
24 217
24 225
24 236
24 238
24 243
24 244
24 245
24 249
25 27
25 28
25 29
25 31
25 36
25 42
25 44
25 51
25 52
25 53
25 56
25 59
25 71
25 81
25 95
25 96
25 98
25 104
25 109
25 120
25 129
25 133
25 137
25 138
25 140
25 145
25 148
25 151
25 153
25 164
25 168
25 170
25 175
25 181
25 194
25 195
25 198
25 206
25 207
25 208
25 215
25 218
25 225
25 228
25 241
25 244
26 28
26 34
26 36
26 38
26 40
26 42
26 43
26 46
26 50
26 54
26 56
26 66
26 72
26 78
26 94
26 95
26 96
26 99
26 100
26 102
26 109
26 113
26 114
26 122
26 127
26 141
26 146
26 155
26 161
26 163
26 165
26 175
26 180
26 182
26 190
26 199
26 211
26 222
26 232
26 240
27 34
27 40
27 46
27 59
27 72
27 73
27 74
27 88
27 95
27 102
27 103
27 109
27 119
27 121
27 122
27 125
27 131
27 133
27 145
27 152
27 157
27 159
27 168
27 173
27 189
27 192
27 204
27 210
27 221
27 230
27 231
27 234
27 240
27 241
27 243
27 245
28 38
28 41
28 42
28 54
28 58
28 60
28 63
28 65
28 79
28 95
28 103
28 105
28 117
28 130
28 132
28 136
28 137
28 146
28 147
28 148
28 155
28 164
28 175
28 176
28 185
28 194
28 196
28 198
28 202
28 203
28 214
28 215
28 221
28 223
28 230
28 231
28 234
28 235
28 248
29 31
29 38
29 44
29 52
29 54
29 59
29 62
29 69
29 80
29 91
29 96
29 99
29 110
29 114
29 115
29 122
29 124
29 129
29 145
29 146
29 151
29 154
29 160
29 162
29 164
29 168
29 173
29 178
29 180
29 191
29 199
29 202
29 205
29 207
29 217
29 219
29 221
29 225
29 235
29 249
30 31
30 34
30 35
30 38
30 39
30 44
30 50
30 56
30 68
30 74
30 77
30 91
30 92
30 93
30 95
30 98
30 99
30 103
30 119
30 123
30 127
30 133
30 137
30 140
30 151
30 153
30 156
30 163
30 167
30 171
30 177
30 181
30 187
30 192
30 193
30 203
30 204
30 206
30 208
30 211
30 214
30 216
30 222
30 225
30 231
30 232
30 233
30 235
30 240
30 241
30 243
31 33
31 38
31 42
31 44
31 45
31 49
31 53
31 66
31 69
31 70
31 79
31 82
31 90
31 95
31 96
31 102
31 106
31 117
31 118
31 121
31 123
31 129
31 136
31 138
31 139
31 140
31 141
31 158
31 160
31 167
31 171
31 177
31 179
31 182
31 187
31 189
31 199
31 200
31 203
31 212
31 220
31 229
31 236
31 239
31 241
31 246
31 247
32 34
32 39
32 40
32 54
32 56
32 58
32 67
32 69
32 88
32 91
32 92
32 96
32 97
32 98
32 99
32 100
32 106
32 113
32 125
32 126
32 132
32 133
32 142
32 144
32 150
32 151
32 159
32 164
32 177
32 179
32 181
32 185
32 190
32 192
32 193
32 196
32 203
32 204
32 209
32 212
32 219
32 221
32 228
32 230
32 231
32 234
32 236
32 241
32 249
33 36
33 49
33 53
33 54
33 60
33 63
33 65
33 70
33 74
33 76
33 80
33 82
33 83
33 88
33 90
33 91
33 97
33 101
33 103
33 104
33 111
33 113
33 118
33 122
33 130
33 135
33 136
33 137
33 139
33 144
33 147
33 153
33 170
33 174
33 175
33 176
33 177
33 180
33 181
33 194
33 198
33 208
33 209
33 222
33 229
33 230
33 231
33 237
33 238
33 239
34 36
34 37
34 38
34 41
34 51
34 54
34 66
34 67
34 68
34 72
34 82
34 93
34 99
34 101
34 106
34 107
34 115
34 117
34 130
34 132
34 139
34 150
34 153
34 156
34 158
34 166
34 176
34 177
34 179
34 192
34 203
34 208
34 210
34 212
34 222
34 226
34 229
34 236
34 245
35 38
35 39
35 44
35 45
35 51
35 52
35 53
35 57
35 66
35 69
35 76
35 80
35 92
35 93
35 97
35 101
35 103
35 107
35 116
35 119
35 121
35 122
35 131
35 145
35 157
35 163
35 166
35 174
35 179
35 182
35 185
35 186
35 190
35 191
35 193
35 194
35 217
35 220
35 232
35 240
35 242
36 42
36 50
36 61
36 62
36 63
36 65
36 75
36 94
36 100
36 103
36 104
36 110
36 112
36 116
36 117
36 125
36 126
36 130
36 134
36 136
36 141
36 142
36 146
36 152
36 155
36 157
36 161
36 170
36 184
36 201
36 210
36 212
36 216
36 219
36 221
36 222
36 224
36 238
36 241
37 39
37 44
37 52
37 57
37 61
37 64
37 65
37 66
37 67
37 69
37 80
37 85
37 93
37 97
37 105
37 113
37 114
37 117
37 129
37 130
37 131
37 139
37 146
37 152
37 154
37 157
37 163
37 165
37 167
37 170
37 171
37 177
37 178
37 183
37 190
37 191
37 195
37 198
37 200
37 203
37 209
37 213
37 222
37 232
37 238
37 243
37 245
37 249
38 45
38 49
38 57
38 60
38 61
38 66
38 79
38 81
38 83
38 94
38 107
38 108
38 111
38 117
38 121
38 127
38 135
38 142
38 157
38 167
38 168
38 174
38 176
38 179
38 181
38 189
38 195
38 197
38 198
38 202
38 203
38 210
38 214
38 217
38 218
38 221
38 227
38 238
38 243
38 248
39 41
39 49
39 60
39 62
39 72
39 73
39 80
39 85
39 91
39 92
39 98
39 107
39 108
39 109
39 111
39 112
39 115
39 121
39 123
39 133
39 134
39 140
39 144
39 152
39 154
39 155
39 160
39 162
39 165
39 166
39 169
39 175
39 185
39 186
39 191
39 198
39 199
39 209
39 211
39 213
39 216
39 217
39 219
39 235
39 238
39 240
39 242
39 243
39 247
40 43
40 49
40 60
40 66
40 72
40 93
40 94
40 100
40 101
40 102
40 104
40 106
40 112
40 116
40 121
40 125
40 135
40 137
40 138
40 139
40 146
40 147
40 152
40 156
40 160
40 166
40 167
40 168
40 171
40 172
40 189
40 191
40 192
40 196
40 213
40 215
40 217
40 228
40 232
40 235
40 239
40 241
40 245
41 44
41 46
41 51
41 53
41 57
41 60
41 66
41 70
41 72
41 73
41 75
41 83
41 89
41 107
41 112
41 121
41 123
41 124
41 133
41 134
41 135
41 144
41 151
41 154
41 156
41 166
41 167
41 172
41 173
41 177
41 181
41 185
41 195
41 196
41 200
41 205
41 224
41 227
41 232
41 233
41 240
42 44
42 53
42 59
42 60
42 61
42 65
42 67
42 72
42 77
42 79
42 81
42 83
42 90
42 95
42 96
42 100
42 105
42 117
42 119
42 126
42 130
42 138
42 143
42 155
42 162
42 164
42 167
42 168
42 170
42 172
42 179
42 181
42 188
42 190
42 195
42 198
42 209
42 212
42 213
42 217
42 222
42 224
42 225
42 229
42 230
42 231
42 247
43 44
43 47
43 60
43 62
43 66
43 67
43 71
43 74
43 76
43 86
43 98
43 109
43 120
43 129
43 131
43 133
43 136
43 139
43 144
43 149
43 150
43 156
43 157
43 159
43 162
43 164
43 174
43 182
43 184
43 187
43 189
43 192
43 198
43 203
43 207
43 209
43 219
43 221
43 224
43 227
43 233
43 239
43 247
44 49
44 55
44 62
44 64
44 67
44 69
44 76
44 77
44 79
44 92
44 94
44 95
44 101
44 115
44 128
44 138
44 141
44 152
44 156
44 157
44 179
44 182
44 188
44 197
44 219
44 228
44 230
44 232
44 234
44 238
44 249
45 46
45 52
45 53
45 54
45 55
45 56
45 57
45 77
45 83
45 84
45 85
45 89
45 91
45 94
45 98
45 101
45 102
45 106
45 108
45 110
45 117
45 125
45 134
45 145
45 159
45 164
45 168
45 170
45 171
45 174
45 176
45 196
45 216
45 227
45 228
45 237
45 239
45 241
46 48
46 52
46 53
46 58
46 61
46 65
46 69
46 72
46 83
46 89
46 103
46 107
46 112
46 117
46 121
46 129
46 140
46 152
46 176
46 187
46 188
46 192
46 197
46 199
46 204
46 209
46 217
46 223
46 229
46 234
46 240
47 50
47 53
47 54
47 55
47 63
47 66
47 69
47 70
47 72
47 74
47 76
47 80
47 83
47 86
47 89
47 96
47 97
47 100
47 102
47 116
47 121
47 127
47 136
47 137
47 145
47 147
47 152
47 173
47 178
47 179
47 181
47 202
47 214
47 220
47 232
47 244
47 245
48 55
48 58
48 69
48 71
48 72
48 75
48 76
48 81
48 83
48 86
48 87
48 89
48 92
48 99
48 100
48 101
48 104
48 112
48 117
48 121
48 125
48 128
48 129
48 132
48 133
48 136
48 138
48 149
48 150
48 151
48 153
48 164
48 166
48 182
48 184
48 187
48 188
48 192
48 194
48 196
48 197
48 200
48 202
48 216
48 217
48 223
48 228
48 230
48 232
48 242
48 243
48 247
49 57
49 77
49 82
49 86
49 89
49 97
49 98
49 100
49 105
49 106
49 110
49 111
49 113
49 127
49 138
49 140
49 151
49 154
49 158
49 173
49 176
49 177
49 178
49 180
49 181
49 187
49 190
49 199
49 200
49 205
49 209
49 210
49 213
49 215
49 229
49 230
49 234
49 244
49 247
49 249
50 54
50 60
50 76
50 84
50 85
50 92
50 99
50 100
50 110
50 111
50 125
50 128
50 130
50 138
50 147
50 150
50 156
50 158
50 160
50 174
50 187
50 194
50 200
50 202
50 216
50 225
50 228
50 230
50 233
50 236
50 238
50 239
50 242
50 243
50 248
51 52
51 53
51 57
51 60
51 69
51 73
51 74
51 78
51 80
51 89
51 94
51 102
51 104
51 122
51 123
51 124
51 130
51 131
51 145
51 146
51 148
51 160
51 166
51 169
51 170
51 175
51 176
51 187
51 192
51 193
51 199
51 208
51 210
51 211
51 213
51 215
51 221
51 231
51 233
51 235
51 237
51 241
51 244
51 247
52 60
52 66
52 68
52 74
52 85
52 86
52 87
52 92
52 101
52 102
52 107
52 110
52 116
52 117
52 119
52 122
52 123
52 128
52 130
52 138
52 146
52 147
52 154
52 162
52 167
52 168
52 173
52 180
52 185
52 187
52 191
52 192
52 200
52 201
52 203
52 206
52 210
52 213
52 215
52 218
52 221
52 225
52 229
52 236
52 241
52 244
53 56
53 58
53 63
53 68
53 70
53 72
53 89
53 90
53 100
53 103
53 105
53 106
53 108
53 115
53 120
53 122
53 130
53 131
53 134
53 140
53 141
53 146
53 149
53 151
53 155
53 166
53 184
53 186
53 187
53 189
53 194
53 197
53 201
53 202
53 205
53 208
53 212
53 213
53 220
53 229
53 231
53 236
53 241
53 245
54 57
54 61
54 71
54 72
54 81
54 90
54 93
54 94
54 101
54 102
54 108
54 117
54 122
54 126
54 149
54 150
54 151
54 159
54 160
54 172
54 186
54 193
54 195
54 199
54 217
54 224
54 227
54 235
54 236
54 239
54 241
55 58
55 62
55 63
55 70
55 79
55 80
55 86
55 90
55 91
55 101
55 113
55 121
55 140
55 160
55 163
55 166
55 167
55 179
55 186
55 188
55 190
55 197
55 208
55 216
55 217
55 225
55 229
55 239
55 243
55 248
56 68
56 70
56 74
56 79
56 88
56 97
56 108
56 115
56 122
56 132
56 143
56 144
56 148
56 149
56 151
56 152
56 163
56 177
56 181
56 182
56 183
56 184
56 190
56 194
56 195
56 197
56 210
56 212
56 213
56 214
56 217
56 218
56 220
56 227
56 234
56 239
56 240
56 249
57 58
57 61
57 62
57 68
57 80
57 81
57 85
57 89
57 93
57 101
57 107
57 110
57 120
57 122
57 126
57 142
57 146
57 148
57 158
57 160
57 168
57 172
57 175
57 181
57 187
57 195
57 198
57 204
57 205
57 207
57 208
57 210
57 211
57 215
57 216
57 220
57 221
57 222
57 229
57 233
57 235
57 238
57 240
57 249
58 61
58 63
58 65
58 73
58 85
58 86
58 96
58 97
58 100
58 101
58 114
58 117
58 118
58 127
58 138
58 139
58 142
58 146
58 149
58 158
58 159
58 162
58 165
58 168
58 182
58 188
58 190
58 194
58 200
58 202
58 207
58 208
58 209
58 230
58 237
58 241
58 247
59 61
59 66
59 70
59 71
59 73
59 79
59 81
59 89
59 90
59 97
59 101
59 108
59 114
59 116
59 125
59 128
59 131
59 133
59 155
59 160
59 178
59 188
59 194
59 199
59 209
59 213
59 220
59 222
59 230
59 235
59 242
59 248
60 64
60 66
60 67
60 75
60 76
60 78
60 80
60 88
60 91
60 92
60 95
60 99
60 100
60 111
60 112
60 114
60 115
60 117
60 121
60 129
60 135
60 137
60 139
60 141
60 149
60 155
60 156
60 159
60 160
60 168
60 171
60 174
60 175
60 176
60 177
60 179
60 190
60 192
60 193
60 194
60 196
60 199
60 201
60 218
60 220
60 221
60 224
60 232
60 236
60 239
60 249
61 63
61 72
61 80
61 93
61 98
61 104
61 113
61 117
61 118
61 123
61 124
61 127
61 129
61 131
61 134
61 138
61 142
61 144
61 146
61 149
61 156
61 164
61 176
61 179
61 181
61 185
61 187
61 190
61 196
61 197
61 205
61 207
61 215
61 219
61 220
61 222
61 223
61 225
61 227
61 228
61 229
61 232
61 236
61 241
61 243
61 244
61 248
62 63
62 65
62 66
62 67
62 86
62 91
62 94
62 98
62 103
62 113
62 116
62 119
62 124
62 138
62 140
62 144
62 146
62 158
62 159
62 160
62 167
62 179
62 186
62 190
62 191
62 207
62 208
62 210
62 219
62 220
62 223
62 224
62 231
62 233
62 234
62 238
62 245
62 246
63 70
63 78
63 80
63 81
63 84
63 86
63 104
63 105
63 115
63 118
63 121
63 122
63 128
63 150
63 151
63 158
63 159
63 161
63 162
63 168
63 172
63 176
63 185
63 186
63 196
63 199
63 208
63 222
63 228
63 232
63 234
64 71
64 72
64 79
64 90
64 92
64 100
64 112
64 114
64 119
64 122
64 125
64 134
64 138
64 140
64 148
64 156
64 175
64 183
64 185
64 190
64 191
64 193
64 202
64 203
64 208
64 209
64 211
64 216
64 218
64 230
64 231
64 236
64 238
64 240
64 241
65 76
65 79
65 80
65 82
65 84
65 87
65 88
65 103
65 106
65 120
65 133
65 137
65 143
65 162
65 165
65 169
65 170
65 176
65 181
65 184
65 186
65 191
65 198
65 201
65 207
65 210
65 215
65 217
65 218
65 224
65 225
65 228
65 241
65 244
65 245
66 67
66 81
66 83
66 85
66 86
66 87
66 99
66 101
66 104
66 106
66 108
66 110
66 114
66 126
66 141
66 157
66 162
66 166
66 183
66 184
66 194
66 196
66 199
66 200
66 202
66 208
66 212
66 220
66 225
66 226
66 231
66 240
66 241
66 245
67 70
67 74
67 75
67 81
67 84
67 89
67 94
67 106
67 109
67 110
67 116
67 117
67 129
67 132
67 133
67 139
67 142
67 152
67 153
67 161
67 169
67 170
67 171
67 175
67 177
67 178
67 181
67 189
67 193
67 199
67 201
67 206
67 215
67 224
67 225
67 232
67 233
67 246
68 72
68 82
68 88
68 90
68 100
68 105
68 106
68 113
68 114
68 115
68 118
68 127
68 133
68 135
68 141
68 143
68 168
68 169
68 172
68 175
68 179
68 180
68 181
68 185
68 186
68 187
68 190
68 195
68 201
68 202
68 209
68 219
68 221
68 222
68 223
68 225
68 226
68 231
68 233
68 237
68 242
68 244
68 246
69 78
69 79
69 94
69 96
69 98
69 100
69 105
69 107
69 111
69 117
69 118
69 130
69 131
69 134
69 135
69 140
69 141
69 149
69 151
69 159
69 165
69 168
69 175
69 183
69 184
69 191
69 194
69 195
69 199
69 201
69 202
69 209
69 213
69 214
69 216
69 221
69 222
69 223
69 225
69 227
69 233
69 240
69 244
69 246
69 247
69 249
70 78
70 81
70 82
70 93
70 95
70 100
70 105
70 111
70 124
70 126
70 128
70 131
70 138
70 144
70 150
70 163
70 168
70 171
70 172
70 174
70 178
70 182
70 187
70 198
70 199
70 203
70 207
70 208
70 213
70 220
70 221
70 224
70 226
70 231
70 236
70 243
70 247
70 248
71 77
71 78
71 80
71 81
71 83
71 87
71 88
71 97
71 102
71 104
71 110
71 112
71 113
71 115
71 117
71 119
71 124
71 126
71 137
71 139
71 141
71 143
71 148
71 152
71 155
71 158
71 167
71 175
71 177
71 182
71 186
71 189
71 198
71 204
71 205
71 208
71 212
71 220
71 222
71 225
71 226
71 234
71 235
71 237
71 242
72 73
72 76
72 85
72 87
72 94
72 97
72 102
72 103
72 107
72 112
72 124
72 127
72 128
72 135
72 143
72 148
72 149
72 151
72 165
72 169
72 172
72 189
72 192
72 196
72 201
72 216
72 217
72 226
72 227
72 229
72 232
72 239
73 74
73 75
73 81
73 86
73 90
73 93
73 101
73 102
73 105
73 112
73 114
73 116
73 120
73 122
73 133
73 137
73 147
73 149
73 157
73 169
73 187
73 191
73 195
73 196
73 202
73 204
73 206
73 213
73 214
73 219
73 220
73 234
73 245
73 247
74 75
74 80
74 81
74 83
74 85
74 94
74 102
74 107
74 121
74 128
74 130
74 131
74 140
74 146
74 147
74 155
74 160
74 166
74 176
74 179
74 187
74 195
74 197
74 205
74 210
74 212
74 221
74 222
74 225
74 226
74 229
74 233
74 234
74 237
74 242
74 244
74 249
75 80
75 81
75 83
75 93
75 97
75 98
75 110
75 111
75 114
75 116
75 119
75 121
75 123
75 125
75 127
75 139
75 141
75 142
75 143
75 150
75 153
75 155
75 157
75 164
75 166
75 175
75 176
75 187
75 190
75 198
75 199
75 203
75 205
75 220
75 222
75 230
75 234
75 236
75 240
76 80
76 81
76 82
76 84
76 94
76 98
76 107
76 111
76 114
76 115
76 121
76 129
76 133
76 134
76 137
76 139
76 142
76 147
76 153
76 163
76 165
76 180
76 182
76 184
76 187
76 195
76 199
76 207
76 208
76 209
76 218
76 225
76 227
76 232
76 234
76 242
76 244
76 246
76 248
77 88
77 95
77 97
77 102
77 110
77 114
77 122
77 133
77 146
77 149
77 157
77 161
77 163
77 165
77 176
77 188
77 190
77 194
77 213
77 214
77 223
77 226
77 229
78 79
78 90
78 96
78 97
78 100
78 103
78 105
78 108
78 109
78 116
78 124
78 127
78 129
78 133
78 138
78 140
78 141
78 145
78 149
78 150
78 151
78 155
78 159
78 160
78 176
78 178
78 180
78 184
78 198
78 201
78 202
78 204
78 227
78 230
78 231
78 235
78 242
78 243
78 246
78 249
79 81
79 86
79 93
79 106
79 109
79 119
79 120
79 123
79 128
79 131
79 135
79 139
79 142
79 145
79 148
79 180
79 184
79 185
79 188
79 191
79 193
79 196
79 199
79 204
79 206
79 212
79 214
79 215
79 220
79 221
79 222
79 235
79 237
79 238
79 241
79 247
80 103
80 108
80 109
80 111
80 119
80 133
80 140
80 141
80 146
80 147
80 156
80 158
80 164
80 177
80 187
80 194
80 198
80 202
80 206
80 210
80 211
80 212
80 213
80 217
80 219
80 220
80 223
80 230
80 235
80 236
80 245
80 248
81 82
81 113
81 117
81 128
81 140
81 148
81 160
81 161
81 168
81 172
81 175
81 178
81 180
81 183
81 194
81 205
81 208
81 211
81 212
81 215
81 219
81 221
81 223
81 226
81 235
81 236
81 239
81 242
81 247
82 87
82 90
82 101
82 102
82 115
82 122
82 123
82 128
82 132
82 139
82 147
82 152
82 156
82 157
82 166
82 168
82 175
82 183
82 188
82 191
82 197
82 199
82 200
82 205
82 210
82 211
82 212
82 216
82 222
82 225
82 226
82 227
82 234
82 249
83 90
83 91
83 92
83 97
83 101
83 119
83 124
83 129
83 133
83 143
83 146
83 156
83 157
83 162
83 163
83 166
83 170
83 175
83 186
83 192
83 193
83 203
83 204
83 205
83 206
83 210
83 215
83 222
83 227
83 236
84 85
84 97
84 109
84 111
84 114
84 120
84 123
84 127
84 139
84 143
84 146
84 147
84 150
84 155
84 156
84 157
84 167
84 177
84 178
84 182
84 191
84 193
84 194
84 199
84 210
84 216
84 227
84 231
84 238
84 245
84 247
85 97
85 99
85 110
85 112
85 122
85 124
85 127
85 129
85 130
85 136
85 138
85 142
85 144
85 152
85 160
85 162
85 171
85 191
85 194
85 195
85 198
85 199
85 205
85 211
85 212
85 213
85 219
85 226
85 227
85 229
85 239
85 243
86 87
86 93
86 94
86 95
86 101
86 104
86 106
86 107
86 108
86 111
86 114
86 116
86 121
86 127
86 132
86 139
86 144
86 171
86 179
86 183
86 185
86 188
86 194
86 198
86 204
86 216
86 220
86 222
86 227
86 232
86 242
86 244
86 246
86 248
86 249
87 92
87 96
87 97
87 102
87 105
87 109
87 114
87 117
87 119
87 125
87 126
87 136
87 140
87 141
87 150
87 152
87 155
87 157
87 159
87 164
87 169
87 172
87 176
87 178
87 184
87 187
87 199
87 205
87 208
87 210
87 225
87 243
87 248
88 110
88 112
88 113
88 118
88 119
88 124
88 126
88 131
88 143
88 148
88 163
88 164
88 166
88 169
88 171
88 172
88 175
88 179
88 180
88 185
88 186
88 190
88 198
88 199
88 200
88 202
88 203
88 204
88 207
88 208
88 226
88 227
88 229
88 237
88 238
89 92
89 95
89 99
89 103
89 106
89 114
89 117
89 123
89 124
89 126
89 128
89 137
89 145
89 154
89 157
89 159
89 167
89 176
89 184
89 186
89 192
89 193
89 195
89 201
89 209
89 211
89 214
89 216
89 225
89 240
89 249
90 91
90 92
90 94
90 105
90 116
90 118
90 120
90 122
90 135
90 141
90 145
90 146
90 161
90 165
90 177
90 178
90 179
90 183
90 185
90 189
90 190
90 193
90 196
90 197
90 201
90 202
90 228
90 232
90 234
90 236
90 238
90 241
90 244
91 92
91 97
91 106
91 111
91 120
91 134
91 135
91 141
91 142
91 157
91 159
91 164
91 173
91 175
91 178
91 186
91 189
91 203
91 207
91 211
91 214
91 215
91 219
91 227
91 236
91 244
91 245
92 102
92 103
92 105
92 110
92 118
92 120
92 125
92 127
92 129
92 136
92 138
92 163
92 166
92 167
92 168
92 173
92 174
92 180
92 181
92 182
92 187
92 193
92 210
92 213
92 218
92 219
92 220
92 242
93 98
93 100
93 111
93 114
93 123
93 126
93 132
93 135
93 139
93 140
93 146
93 165
93 166
93 169
93 176
93 187
93 191
93 192
93 201
93 219
93 222
93 235
93 237
93 239
93 245
94 95
94 97
94 99
94 100
94 105
94 117
94 119
94 120
94 126
94 128
94 130
94 131
94 135
94 138
94 141
94 143
94 145
94 163
94 171
94 177
94 185
94 187
94 196
94 198
94 207
94 210
94 213
94 225
94 230
94 232
94 237
94 238
94 239
94 244
94 248
95 97
95 101
95 102
95 105
95 106
95 117
95 120
95 130
95 137
95 144
95 156
95 159
95 161
95 167
95 168
95 175
95 180
95 182
95 190
95 191
95 193
95 195
95 205
95 206
95 225
95 230
95 233
95 234
95 243
96 101
96 114
96 115
96 116
96 134
96 135
96 141
96 151
96 153
96 162
96 167
96 171
96 174
96 175
96 179
96 182
96 183
96 189
96 199
96 200
96 203
96 209
96 211
96 215
96 217
96 224
96 231
96 237
96 248
97 100
97 110
97 114
97 115
97 117
97 120
97 136
97 138
97 139
97 146
97 149
97 152
97 157
97 163
97 172
97 175
97 181
97 185
97 188
97 190
97 192
97 196
97 197
97 201
97 205
97 209
97 214
97 219
97 224
97 228
97 243
98 105
98 117
98 121
98 134
98 150
98 154
98 158
98 161
98 167
98 183
98 185
98 193
98 196
98 200
98 201
98 202
98 217
98 230
98 235
98 236
98 237
98 244
98 249
99 114
99 122
99 125
99 132
99 137
99 171
99 176
99 180
99 189
99 202
99 207
99 209
99 212
99 213
99 218
99 219
99 228
99 229
99 240
99 243
99 249
100 101
100 110
100 112
100 115
100 116
100 118
100 123
100 132
100 134
100 151
100 152
100 160
100 164
100 168
100 175
100 180
100 181
100 191
100 196
100 203
100 206
100 211
100 224
100 228
100 230
100 237
100 241
100 242
101 104
101 106
101 107
101 112
101 114
101 118
101 119
101 123
101 129
101 132
101 135
101 151
101 153
101 154
101 160
101 162
101 165
101 174
101 178
101 180
101 185
101 192
101 196
101 201
101 212
101 222
101 226
101 229
101 231
101 235
101 236
101 243
101 246
102 103
102 110
102 125
102 127
102 130
102 131
102 144
102 148
102 152
102 154
102 171
102 173
102 189
102 195
102 198
102 203
102 206
102 207
102 208
102 221
102 223
102 233
102 245
102 249
103 104
103 105
103 108
103 115
103 123
103 126
103 131
103 132
103 141
103 150
103 154
103 162
103 163
103 175
103 179
103 183
103 187
103 196
103 200
103 204
103 205
103 214
103 217
103 218
103 227
103 234
103 239
103 240
103 244
104 105
104 108
104 111
104 116
104 126
104 137
104 143
104 144
104 146
104 147
104 153
104 164
104 167
104 171
104 178
104 180
104 186
104 189
104 190
104 193
104 197
104 198
104 201
104 208
104 210
104 215
104 228
104 232
104 234
104 235
104 238
104 241
104 246
104 248
105 108
105 109
105 118
105 120
105 123
105 124
105 126
105 130
105 147
105 152
105 153
105 160
105 165
105 167
105 171
105 173
105 176
105 177
105 178
105 179
105 185
105 195
105 205
105 208
105 219
105 225
105 231
105 237
106 107
106 108
106 120
106 122
106 123
106 124
106 126
106 131
106 132
106 134
106 138
106 139
106 142
106 145
106 146
106 151
106 159
106 163
106 172
106 177
106 186
106 190
106 191
106 192
106 194
106 202
106 203
106 207
106 214
106 218
106 225
106 227
106 238
106 239
106 245
106 246
106 247
107 114
107 115
107 119
107 129
107 134
107 136
107 138
107 148
107 154
107 156
107 159
107 160
107 161
107 162
107 168
107 170
107 172
107 173
107 180
107 196
107 198
107 202
107 212
107 213
107 221
107 222
107 225
107 227
107 228
107 229
107 246
108 116
108 119
108 120
108 123
108 139
108 141
108 143
108 145
108 153
108 157
108 165
108 166
108 172
108 180
108 183
108 184
108 190
108 196
108 198
108 201
108 205
108 206
108 209
108 210
108 218
108 227
108 234
108 235
108 239
108 242
108 243
108 244
108 245
108 246
109 114
109 115
109 119
109 121
109 123
109 132
109 134
109 139
109 142
109 149
109 154
109 157
109 167
109 172
109 175
109 179
109 188
109 190
109 192
109 215
109 217
109 219
109 221
109 224
109 230
109 236
109 238
109 239
109 243
109 249
110 112
110 123
110 124
110 136
110 139
110 140
110 141
110 145
110 155
110 159
110 160
110 161
110 167
110 168
110 175
110 183
110 188
110 192
110 199
110 201
110 203
110 204
110 209
110 218
110 226
110 227
110 229
110 230
110 231
110 233
110 249
111 112
111 120
111 121
111 122
111 129
111 130
111 135
111 136
111 138
111 140
111 148
111 150
111 152
111 158
111 175
111 184
111 186
111 188
111 192
111 196
111 199
111 203
111 207
111 208
111 209
111 211
111 215
111 230
111 231
111 235
111 236
112 115
112 126
112 127
112 144
112 147
112 148
112 158
112 159
112 160
112 164
112 168
112 169
112 170
112 173
112 174
112 178
112 183
112 190
112 193
112 195
112 216
112 221
112 222
112 232
112 233
112 236
112 244
112 246
113 114
113 115
113 122
113 126
113 133
113 136
113 137
113 139
113 145
113 153
113 156
113 157
113 161
113 163
113 180
113 182
113 187
113 188
113 195
113 196
113 200
113 203
113 205
113 206
113 207
113 208
113 223
113 228
113 230
113 233
113 236
113 238
113 243
113 245
113 246
114 115
114 118
114 120
114 121
114 122
114 123
114 125
114 126
114 139
114 141
114 154
114 161
114 170
114 175
114 180
114 183
114 192
114 193
114 196
114 199
114 205
114 211
114 213
114 221
114 222
114 225
114 228
114 240
114 248
115 116
115 124
115 131
115 142
115 147
115 157
115 164
115 166
115 173
115 178
115 188
115 189
115 192
115 199
115 200
115 207
115 211
115 216
115 222
115 230
115 233
116 121
116 123
116 124
116 132
116 138
116 139
116 147
116 151
116 152
116 155
116 158
116 159
116 165
116 170
116 178
116 185
116 190
116 192
116 193
116 194
116 205
116 214
116 215
116 217
116 222
116 223
116 225
116 227
116 230
116 234
116 242
116 248
117 123
117 128
117 132
117 144
117 151
117 153
117 155
117 156
117 157
117 159
117 163
117 170
117 171
117 182
117 184
117 189
117 199
117 211
117 215
117 220
117 221
117 223
117 224
117 231
117 236
118 119
118 122
118 123
118 125
118 133
118 136
118 150
118 151
118 152
118 157
118 159
118 160
118 167
118 171
118 175
118 176
118 182
118 191
118 220
118 227
118 229
118 230
118 234
118 245
118 247
118 249
119 123
119 126
119 127
119 131
119 140
119 143
119 144
119 147
119 148
119 149
119 150
119 151
119 153
119 170
119 182
119 185
119 191
119 193
119 196
119 202
119 205
119 212
119 214
119 218
119 220
119 222
119 223
119 247
120 121
120 130
120 138
120 142
120 146
120 147
120 151
120 154
120 156
120 160
120 161
120 167
120 168
120 170
120 172
120 176
120 183
120 186
120 188
120 192
120 199
120 203
120 212
120 231
120 236
120 239
120 244
120 247
121 124
121 135
121 137
121 140
121 143
121 144
121 146
121 147
121 149
121 158
121 161
121 168
121 184
121 187
121 193
121 195
121 201
121 207
121 208
121 211
121 213
121 221
121 239
121 242
122 123
122 125
122 128
122 129
122 140
122 141
122 142
122 144
122 147
122 149
122 151
122 162
122 167
122 181
122 182
122 183
122 186
122 188
122 189
122 193
122 197
122 221
122 224
122 230
122 238
122 241
122 246
122 248
123 126
123 130
123 134
123 141
123 142
123 143
123 144
123 148
123 152
123 153
123 170
123 173
123 174
123 175
123 178
123 180
123 182
123 183
123 189
123 191
123 192
123 197
123 215
123 216
123 217
123 221
123 223
123 226
123 227
123 228
123 232
123 235
123 239
123 241
123 243
124 127
124 130
124 134
124 138
124 145
124 156
124 157
124 161
124 162
124 171
124 173
124 178
124 181
124 183
124 186
124 191
124 192
124 199
124 203
124 205
124 206
124 207
124 213
124 215
124 223
124 226
124 229
124 243
124 249
125 128
125 136
125 140
125 141
125 146
125 154
125 158
125 164
125 165
125 171
125 172
125 183
125 194
125 195
125 198
125 200
125 202
125 205
125 211
125 213
125 225
125 226
125 229
125 233
125 239
125 240
125 249
126 130
126 131
126 134
126 137
126 139
126 140
126 144
126 156
126 173
126 177
126 178
126 192
126 199
126 203
126 212
126 227
126 233
126 237
126 239
126 242
127 130
127 131
127 136
127 141
127 142
127 154
127 157
127 162
127 163
127 165
127 167
127 174
127 176
127 194
127 196
127 197
127 198
127 206
127 209
127 216
127 224
127 225
127 228
127 231
127 232
127 242
127 243
127 244
127 248
128 134
128 135
128 137
128 142
128 149
128 153
128 156
128 160
128 170
128 171
128 174
128 175
128 180
128 196
128 198
128 200
128 201
128 202
128 205
128 206
128 209
128 210
128 211
128 212
128 217
128 221
128 235
128 242
128 243
129 131
129 146
129 148
129 155
129 156
129 159
129 165
129 173
129 175
129 179
129 180
129 181
129 183
129 188
129 189
129 194
129 203
129 205
129 213
129 219
129 220
129 221
129 235
129 243
129 244
129 246
129 248
130 138
130 146
130 147
130 157
130 162
130 168
130 169
130 171
130 174
130 175
130 180
130 188
130 190
130 205
130 213
130 217
130 218
130 226
130 233
130 234
130 236
130 240
130 249
131 133
131 139
131 140
131 146
131 149
131 158
131 162
131 171
131 174
131 176
131 179
131 180
131 190
131 191
131 202
131 203
131 212
131 215
131 231
131 233
131 235
131 237
131 239
132 135
132 136
132 138
132 154
132 156
132 159
132 161
132 170
132 178
132 186
132 191
132 193
132 197
132 211
132 223
132 224
132 228
132 230
132 236
132 237
132 240
132 243
133 141
133 145
133 149
133 151
133 154
133 159
133 161
133 163
133 169
133 170
133 171
133 176
133 177
133 183
133 188
133 192
133 193
133 197
133 200
133 211
133 215
133 216
133 222
133 223
133 224
133 231
133 234
133 237
133 240
133 247
134 138
134 143
134 145
134 148
134 154
134 159
134 160
134 161
134 185
134 191
134 193
134 197
134 199
134 227
134 231
134 239
134 245
134 246
135 137
135 139
135 150
135 151
135 152
135 153
135 158
135 165
135 168
135 174
135 179
135 183
135 186
135 190
135 192
135 195
135 199
135 203
135 204
135 205
135 215
135 217
135 222
135 247
135 249
136 139
136 140
136 147
136 150
136 151
136 152
136 160
136 165
136 178
136 192
136 194
136 196
136 199
136 201
136 206
136 214
136 226
136 227
136 229
136 236
136 247
136 249
137 139
137 140
137 141
137 146
137 149
137 151
137 157
137 159
137 161
137 162
137 168
137 179
137 183
137 184
137 189
137 191
137 195
137 197
137 199
137 201
137 207
137 215
137 218
137 219
137 220
137 221
137 225
137 227
137 229
137 235
137 238
137 240
137 246
138 146
138 147
138 152
138 164
138 165
138 167
138 169
138 191
138 192
138 194
138 219
138 222
138 231
138 233
138 241
138 245
138 248
138 249
139 145
139 149
139 150
139 156
139 166
139 167
139 168
139 171
139 178
139 183
139 185
139 188
139 192
139 193
139 196
139 202
139 204
139 207
139 208
139 212
139 216
139 225
139 226
139 228
139 234
139 236
139 238
139 248
140 144
140 147
140 153
140 156
140 157
140 162
140 165
140 170
140 173
140 175
140 176
140 181
140 182
140 185
140 190
140 194
140 197
140 206
140 213
140 217
140 218
140 220
140 224
140 225
140 227
141 146
141 148
141 149
141 153
141 154
141 158
141 169
141 173
141 182
141 186
141 192
141 193
141 197
141 203
141 204
141 208
141 212
141 214
141 219
141 226
141 231
141 239
141 244
141 246
141 249
142 144
142 147
142 148
142 155
142 164
142 168
142 169
142 174
142 177
142 182
142 185
142 194
142 208
142 209
142 214
142 222
142 226
142 229
142 238
142 239
142 243
142 245
142 247
143 147
143 149
143 150
143 154
143 155
143 158
143 161
143 170
143 173
143 176
143 182
143 184
143 186
143 193
143 200
143 202
143 203
143 207
143 219
143 224
143 228
143 229
143 234
143 237
143 241
143 248
144 150
144 153
144 164
144 167
144 168
144 175
144 178
144 180
144 185
144 187
144 188
144 189
144 195
144 201
144 205
144 207
144 208
144 211
144 214
144 215
144 223
144 236
144 240
144 242
144 243
144 244
144 245
145 154
145 164
145 166
145 167
145 173
145 178
145 183
145 190
145 193
145 196
145 197
145 202
145 206
145 211
145 214
145 216
145 234
145 236
145 239
146 150
146 152
146 159
146 160
146 161
146 173
146 183
146 200
146 201
146 204
146 208
146 213
146 217
146 218
146 227
146 228
146 233
146 234
146 238
146 245
146 247
147 148
147 150
147 154
147 155
147 161
147 162
147 163
147 164
147 169
147 170
147 173
147 181
147 187
147 190
147 197
147 200
147 203
147 204
147 207
147 210
147 214
147 217
147 223
147 238
147 239
147 247
148 154
148 158
148 160
148 166
148 172
148 184
148 189
148 195
148 199
148 207
148 211
148 214
148 215
148 219
148 224
148 225
148 238
148 242
148 243
148 245
148 246
149 152
149 153
149 154
149 164
149 165
149 180
149 185
149 186
149 195
149 209
149 213
149 221
149 222
149 224
149 231
149 236
149 240
149 247
149 249
150 152
150 158
150 159
150 170
150 174
150 176
150 178
150 183
150 190
150 194
150 207
150 208
150 210
150 218
150 219
150 224
150 225
150 232
150 233
150 238
150 240
150 245
151 155
151 161
151 164
151 167
151 185
151 186
151 188
151 191
151 194
151 200
151 207
151 210
151 212
151 214
151 215
151 218
151 219
151 233
151 234
151 237
151 239
151 244
152 158
152 162
152 165
152 170
152 174
152 175
152 180
152 190
152 193
152 197
152 201
152 204
152 221
152 222
152 223
152 224
152 229
152 232
152 235
152 238
152 241
152 244
153 169
153 178
153 180
153 185
153 186
153 188
153 201
153 202
153 206
153 212
153 219
153 222
153 239
153 244
154 164
154 167
154 173
154 174
154 176
154 182
154 186
154 203
154 211
154 212
154 220
154 222
154 227
154 228
154 231
154 235
154 247
155 163
155 165
155 166
155 175
155 176
155 179
155 186
155 187
155 192
155 197
155 209
155 210
155 224
155 229
155 237
155 239
155 249
156 160
156 162
156 174
156 175
156 183
156 184
156 187
156 200
156 210
156 217
156 227
156 231
156 233
156 237
156 245
157 158
157 161
157 169
157 170
157 172
157 188
157 191
157 192
157 195
157 214
157 219
157 226
157 229
157 230
157 241
157 243
157 249
158 159
158 161
158 172
158 182
158 183
158 193
158 195
158 198
158 226
158 227
158 242
158 247
158 248
159 165
159 168
159 177
159 187
159 199
159 202
159 208
159 209
159 210
159 211
159 213
159 233
159 240
160 163
160 170
160 171
160 177
160 183
160 187
160 188
160 194
160 196
160 205
160 212
160 223
160 230
160 235
160 237
160 238
160 242
160 247
161 163
161 165
161 170
161 173
161 175
161 176
161 178
161 184
161 194
161 195
161 198
161 203
161 205
161 215
161 216
161 217
161 222
161 228
161 240
161 242
161 249
162 169
162 170
162 174
162 179
162 188
162 190
162 192
162 204
162 207
162 217
162 227
162 229
162 249
163 173
163 179
163 180
163 183
163 184
163 186
163 191
163 192
163 199
163 202
163 206
163 211
163 214
163 222
163 226
163 227
163 236
163 244
164 165
164 174
164 182
164 183
164 185
164 190
164 194
164 195
164 196
164 200
164 205
164 208
164 211
164 212
164 225
164 226
164 228
164 235
164 245
164 248
165 166
165 170
165 171
165 172
165 176
165 177
165 193
165 203
165 204
165 213
165 217
165 221
165 224
165 226
165 246
166 169
166 174
166 184
166 188
166 189
166 198
166 201
166 206
166 208
166 209
166 213
166 227
166 231
166 234
166 237
167 170
167 173
167 174
167 188
167 190
167 193
167 195
167 206
167 214
167 219
167 223
167 226
167 227
167 228
167 242
167 243
168 170
168 171
168 173
168 176
168 183
168 218
168 224
168 225
168 226
168 227
168 228
168 230
168 236
168 238
168 239
168 241
168 245
168 248
169 174
169 176
169 195
169 200
169 206
169 208
169 222
169 225
169 230
169 236
169 240
169 244
169 249
170 173
170 176
170 177
170 182
170 183
170 188
170 190
170 194
170 199
170 205
170 206
170 212
170 213
170 214
170 219
170 238
170 239
170 247
171 188
171 189
171 196
171 197
171 200
171 201
171 202
171 206
171 207
171 214
171 222
171 234
172 176
172 196
172 198
172 199
172 203
172 206
172 210
172 213
172 235
172 239
172 241
172 244
172 247
172 248
172 249
173 174
173 177
173 182
173 183
173 184
173 186
173 191
173 192
173 193
173 198
173 202
173 203
173 210
173 217
173 222
173 230
173 234
173 238
173 242
173 245
173 249
174 175
174 179
174 192
174 194
174 196
174 204
174 206
174 209
174 214
174 217
174 218
174 224
174 225
174 228
174 235
174 243
175 180
175 183
175 191
175 193
175 199
175 203
175 206
175 207
175 208
175 215
175 228
175 231
175 236
175 237
175 243
175 246
175 247
175 248
176 181
176 186
176 193
176 194
176 196
176 212
176 213
176 219
176 220
176 223
176 224
176 226
176 228
176 234
176 240
176 241
176 245
176 246
176 247
176 249
177 184
177 201
177 206
177 211
177 212
177 216
177 238
177 239
177 244
177 249
178 183
178 204
178 205
178 216
178 217
178 219
178 223
178 231
178 240
178 244
178 245
178 247
179 180
179 184
179 186
179 187
179 190
179 206
179 208
179 213
179 227
179 233
179 245
179 246
180 182
180 189
180 196
180 198
180 201
180 208
180 218
180 223
180 227
180 229
180 240
180 241
180 243
181 183
181 185
181 189
181 193
181 196
181 205
181 207
181 208
181 209
181 215
181 227
181 235
181 238
181 239
181 242
181 243
181 247
182 192
182 207
182 209
182 216
182 227
182 248
183 185
183 187
183 200
183 202
183 203
183 205
183 207
183 212
183 215
183 227
183 230
183 239
183 245
184 185
184 188
184 190
184 195
184 196
184 199
184 204
184 210
184 212
184 218
184 232
184 233
184 241
184 242
185 189
185 190
185 191
185 202
185 204
185 205
185 209
185 215
185 217
185 228
185 232
185 234
185 242
185 243
185 245
186 191
186 196
186 205
186 212
186 219
186 224
186 226
186 231
186 233
186 241
186 245
186 246
186 249
187 192
187 194
187 198
187 213
187 216
187 217
187 228
187 244
187 245
188 189
188 192
188 193
188 194
188 195
188 204
188 207
188 210
188 220
188 221
188 224
188 230
188 236
188 240
189 192
189 194
189 196
189 204
189 205
189 207
189 213
189 217
189 218
189 220
189 221
189 229
189 242
190 193
190 194
190 197
190 212
190 213
190 215
190 216
190 222
190 226
190 229
190 237
190 239
190 243
190 244
191 196
191 201
191 202
191 224
191 234
191 237
191 247
192 196
192 204
192 205
192 209
192 216
192 224
192 226
192 237
192 245
192 249
193 195
193 196
193 205
193 206
193 213
193 221
193 224
193 227
193 232
193 236
194 196
194 202
194 204
194 209
194 214
194 217
194 218
194 221
194 222
194 226
194 227
194 230
194 233
194 247
194 248
194 249
195 198
195 200
195 202
195 210
195 211
195 219
195 236
195 243
195 244
195 247
195 248
196 201
196 211
196 217
196 223
196 227
196 238
196 239
196 240
196 241
196 244
196 246
197 200
197 207
197 209
197 231
197 236
197 237
197 240
198 199
198 201
198 209
198 211
198 213
198 214
198 228
198 237
198 240
198 244
198 247
198 249
199 200
199 203
199 204
199 207
199 208
199 214
199 217
199 219
199 235
199 236
199 241
200 208
200 209
200 210
200 213
200 217
200 219
200 221
200 239
200 241
201 204
201 208
201 210
201 215
201 217
201 243
201 247
202 217
202 230
202 231
202 233
202 236
202 239
202 243
202 246
202 248
202 249
203 208
203 219
203 226
203 229
203 231
203 240
203 243
203 245
204 208
204 225
204 226
204 232
204 239
204 243
204 245
204 247
205 206
205 214
205 216
205 218
205 219
205 221
205 230
205 232
205 245
205 246
205 248
206 208
206 211
206 214
206 218
206 229
206 241
206 246
207 209
207 214
207 219
207 221
207 230
207 235
207 240
208 218
208 224
208 225
208 243
209 215
209 221
209 222
209 230
209 231
209 233
209 235
209 236
209 247
210 212
210 214
210 218
210 228
211 213
211 217
211 218
211 219
211 220
211 223
211 233
211 234
211 235
211 241
212 218
212 224
212 225
212 230
212 245
212 249
213 215
213 217
213 218
213 223
213 226
213 243
213 247
214 221
214 224
214 234
214 245
215 219
216 223
216 229
216 232
216 235
216 236
216 238
216 241
216 243
216 247
216 249
217 224
217 226
217 229
217 243
217 246
217 248
218 229
218 234
218 237
218 241
219 221
219 227
219 231
219 235
219 236
220 221
220 225
220 229
220 233
220 242
220 247
220 249
221 222
221 227
221 233
221 239
221 241
222 225
222 231
222 233
222 237
222 241
222 245
223 224
223 229
223 231
223 234
223 236
223 243
224 225
224 230
224 231
224 236
224 238
224 241
224 245
225 226
225 227
225 236
225 244
225 247
226 228
226 232
226 235
226 242
226 243
226 246
227 230
227 232
227 234
227 235
227 237
227 247
227 248
227 249
228 232
228 240
229 232
229 244
229 248
230 233
230 234
230 243
231 233
231 242
231 246
231 247
231 249
232 242
232 247
232 248
233 237
233 239
233 247
233 249
234 235
234 240
234 242
234 246
235 236
235 237
235 241
235 245
235 248
236 238
236 242
236 244
237 242
237 246
237 248
237 249
238 243
239 240
239 241
239 244
240 242
241 244
241 249
242 246
243 244
243 248
243 249
244 246
246 248
248 249
