50 1418
44 15
96 51
88 53
55 78
68 94
72 38
10 91
69 21
31 20
11 84
79 68
15 90
28 50
23 72
19 34
88 20
55 53
16 91
20 93
12 55
61 93
39 19
87 60
25 66
65 80
57 48
93 38
99 28
70 17
76 27
76 89
68 22
72 84
99 79
62 24
91 69
70 100
49 48
73 66
33 75
21 100
20 37
35 22
34 37
38 45
12 71
65 10
23 78
66 97
84 37
246
0 3
0 4
0 16
0 19
0 20
0 21
0 23
0 26
0 29
0 32
0 42
1 4
1 5
1 7
1 8
1 16
1 26
1 27
1 31
1 40
1 46
2 13
2 14
2 15
2 18
2 22
2 23
2 31
2 35
2 43
2 46
3 5
3 16
3 21
3 37
3 41
3 47
4 11
4 14
4 15
4 18
4 26
4 29
4 44
4 46
4 49
5 13
5 15
5 16
5 18
5 21
5 31
5 35
6 9
6 10
6 23
6 31
6 33
6 34
6 48
7 8
7 11
7 12
7 13
7 15
7 17
7 25
7 30
7 37
7 39
7 41
7 46
8 10
8 15
8 17
8 18
8 21
8 24
8 25
8 26
8 34
8 39
8 42
9 14
9 17
9 27
9 28
9 48
10 15
10 19
10 30
10 31
10 39
10 40
10 46
10 47
11 12
11 16
11 17
11 21
11 30
11 40
11 44
12 17
12 21
12 32
13 19
13 31
13 32
13 41
14 17
14 21
14 28
14 38
14 49
15 23
15 26
15 31
15 33
15 38
15 40
15 41
15 43
16 19
16 20
16 22
16 29
16 30
16 32
16 37
16 42
16 43
16 46
17 19
17 22
17 36
17 44
17 45
17 47
18 24
18 26
18 27
18 30
18 31
19 36
19 44
19 48
20 25
20 28
20 30
21 29
21 32
21 35
21 36
21 38
21 43
21 45
22 38
22 46
22 47
23 34
23 36
23 39
23 46
24 26
24 28
24 38
24 41
24 48
25 27
25 29
25 31
25 39
25 42
25 46
26 32
26 33
26 36
26 37
26 38
26 40
26 42
26 44
26 45
26 46
27 28
27 34
27 39
27 46
27 47
27 49
28 36
28 41
28 44
28 45
28 48
29 34
29 42
30 36
30 40
30 43
30 49
31 33
31 35
31 38
31 43
31 44
32 36
32 40
32 42
32 47
33 39
33 40
33 45
33 46
34 35
34 36
34 39
34 42
34 43
34 47
35 36
35 48
36 37
36 41
36 43
36 47
37 40
37 41
37 42
38 43
38 47
38 49
39 43
39 44
40 41
40 45
40 46
40 48
41 43
41 44
44 45
44 47
44 48
45 46
47 48
