200 5353
64 82
95 34
62 94
21 28
77 49
62 64
78 46
57 30
84 93
28 32
28 76
71 17
57 69
82 90
42 34
71 84
73 24
44 65
68 69
10 77
62 74
66 28
44 23
69 86
13 77
45 61
98 24
96 16
93 91
41 87
61 58
79 98
11 38
70 82
90 68
36 17
36 40
62 94
31 24
27 70
60 88
94 75
64 96
79 60
35 35
12 68
37 59
23 32
49 25
27 95
76 100
19 13
18 33
65 66
42 33
30 29
26 61
77 31
86 82
90 37
55 27
52 66
74 53
85 43
58 100
10 75
98 71
62 54
64 89
69 84
40 52
23 87
91 58
93 79
80 42
60 90
55 82
25 69
68 24
61 92
76 15
48 47
79 32
37 30
80 19
53 70
72 34
77 79
56 78
55 48
32 58
99 83
76 34
66 25
41 29
64 52
57 48
62 82
67 92
47 85
95 39
80 64
56 25
47 58
13 58
41 78
62 52
16 16
61 23
35 27
74 85
26 74
50 38
78 70
48 65
10 14
93 81
13 23
56 29
59 23
70 52
14 87
56 68
98 97
29 94
62 11
43 91
90 37
72 12
74 82
56 31
80 77
73 87
67 37
94 35
64 61
96 51
48 39
82 76
96 18
23 62
84 37
87 42
62 41
54 34
30 12
33 33
94 23
76 59
25 18
62 17
10 60
86 54
22 19
27 24
72 58
84 98
55 42
22 76
87 81
55 20
70 19
52 64
41 83
82 23
77 75
85 35
78 14
80 25
16 48
24 53
32 20
41 71
10 85
26 55
17 95
91 92
24 37
43 55
39 86
37 12
61 66
65 51
90 78
71 61
19 60
100 50
88 38
94 21
85 17
29 54
96 26
73 19
87 26
81 83
11 63
24 19
21 66
57 15
86 44
3959
0 8
0 10
0 16
0 17
0 25
0 30
0 46
0 50
0 54
0 55
0 56
0 61
0 64
0 71
0 82
0 87
0 89
0 94
0 104
0 109
0 110
0 111
0 116
0 119
0 123
0 127
0 137
0 138
0 142
0 157
0 163
0 168
0 180
0 182
0 183
0 188
0 197
1 3
1 9
1 30
1 35
1 36
1 38
1 40
1 47
1 55
1 59
1 61
1 69
1 73
1 77
1 84
1 87
1 95
1 98
1 119
1 120
1 127
1 128
1 145
1 146
1 151
1 162
1 163
1 164
1 168
1 171
1 178
1 186
1 189
1 198
2 5
2 12
2 18
2 24
2 30
2 33
2 39
2 42
2 45
2 48
2 51
2 55
2 58
2 61
2 68
2 71
2 79
2 80
2 81
2 83
2 89
2 92
2 95
2 99
2 104
2 105
2 107
2 109
2 114
2 122
2 131
2 144
2 148
2 151
2 160
2 175
2 177
2 183
2 186
2 193
3 8
3 13
3 28
3 33
3 61
3 64
3 65
3 72
3 78
3 79
3 80
3 90
3 93
3 110
3 112
3 120
3 122
3 127
3 130
3 132
3 146
3 159
3 161
3 166
3 168
3 192
3 198
3 199
4 6
4 7
4 12
4 15
4 16
4 20
4 22
4 28
4 37
4 41
4 48
4 66
4 67
4 71
4 73
4 74
4 84
4 88
4 91
4 92
4 93
4 98
4 105
4 119
4 121
4 126
4 127
4 128
4 147
4 153
4 167
4 171
4 173
4 177
4 182
4 183
4 185
4 186
4 187
4 191
4 193
5 6
5 9
5 13
5 19
5 23
5 28
5 31
5 34
5 36
5 38
5 49
5 51
5 56
5 62
5 64
5 71
5 75
5 78
5 89
5 91
5 93
5 99
5 100
5 103
5 104
5 107
5 113
5 126
5 131
5 138
5 141
5 143
5 152
5 153
5 154
5 156
5 162
5 173
5 174
5 178
5 182
5 183
5 184
5 192
6 7
6 9
6 29
6 30
6 34
6 36
6 37
6 42
6 43
6 46
6 47
6 50
6 52
6 54
6 69
6 72
6 73
6 79
6 87
6 93
6 102
6 108
6 109
6 114
6 118
6 121
6 135
6 149
6 160
6 162
6 163
6 171
6 173
6 182
6 185
6 186
6 187
6 189
6 191
6 194
6 196
7 12
7 17
7 23
7 25
7 26
7 27
7 28
7 36
7 42
7 49
7 52
7 60
7 68
7 71
7 81
7 93
7 94
7 97
7 98
7 100
7 101
7 104
7 111
7 112
7 113
7 114
7 119
7 124
7 125
7 146
7 148
7 152
7 154
7 155
7 156
7 163
7 170
7 171
7 174
7 192
7 193
7 194
7 195
7 197
8 14
8 18
8 22
8 29
8 32
8 37
8 48
8 66
8 74
8 81
8 86
8 96
8 98
8 103
8 114
8 120
8 126
8 130
8 133
8 135
8 136
8 140
8 142
8 151
8 152
8 153
8 154
8 160
8 163
8 165
8 167
8 169
8 170
8 171
8 172
8 180
8 181
8 184
8 186
8 187
8 191
8 194
8 195
9 10
9 13
9 18
9 20
9 21
9 32
9 35
9 37
9 40
9 41
9 43
9 47
9 52
9 55
9 57
9 62
9 68
9 72
9 78
9 85
9 88
9 89
9 90
9 91
9 93
9 97
9 100
9 101
9 102
9 107
9 109
9 112
9 119
9 122
9 126
9 131
9 135
9 151
9 157
9 171
9 172
9 173
9 180
9 185
10 15
10 16
10 18
10 22
10 45
10 48
10 59
10 73
10 78
10 84
10 88
10 98
10 100
10 102
10 104
10 106
10 117
10 124
10 125
10 126
10 128
10 129
10 147
10 151
10 152
10 156
10 159
10 162
10 172
10 174
10 175
10 176
10 182
10 186
10 187
10 194
10 195
10 198
10 199
11 12
11 13
11 18
11 21
11 23
11 26
11 33
11 41
11 42
11 47
11 56
11 60
11 61
11 65
11 70
11 71
11 72
11 84
11 86
11 96
11 98
11 99
11 100
11 115
11 118
11 121
11 123
11 126
11 127
11 130
11 136
11 139
11 144
11 148
11 153
11 162
11 164
11 165
11 166
11 170
11 173
11 175
11 189
11 191
12 15
12 20
12 23
12 41
12 45
12 51
12 71
12 73
12 82
12 85
12 89
12 92
12 96
12 105
12 115
12 119
12 120
12 123
12 132
12 150
12 153
12 158
12 162
12 163
12 166
12 182
12 197
12 199
13 14
13 19
13 20
13 22
13 25
13 26
13 28
13 34
13 38
13 44
13 54
13 55
13 57
13 61
13 64
13 68
13 71
13 73
13 84
13 87
13 89
13 91
13 92
13 95
13 98
13 99
13 100
13 105
13 111
13 112
13 117
13 121
13 127
13 139
13 147
13 151
13 154
13 155
13 156
13 160
13 161
13 162
13 164
13 172
13 175
13 178
13 179
13 182
13 189
13 190
13 197
14 17
14 20
14 21
14 29
14 31
14 36
14 37
14 39
14 47
14 51
14 55
14 68
14 79
14 83
14 85
14 101
14 104
14 105
14 114
14 122
14 129
14 130
14 131
14 138
14 139
14 141
14 149
14 156
14 157
14 161
14 170
14 176
14 185
14 186
14 188
14 189
14 193
15 27
15 30
15 43
15 44
15 51
15 56
15 58
15 62
15 68
15 74
15 75
15 81
15 82
15 88
15 101
15 122
15 126
15 132
15 147
15 160
15 161
15 162
15 165
15 169
15 177
15 179
15 189
15 197
15 198
16 27
16 31
16 35
16 42
16 48
16 50
16 56
16 60
16 64
16 68
16 79
16 80
16 81
16 86
16 89
16 94
16 100
16 102
16 116
16 123
16 130
16 144
16 147
16 151
16 153
16 156
16 159
16 179
16 192
16 195
16 198
16 199
17 27
17 28
17 30
17 32
17 33
17 42
17 48
17 50
17 51
17 80
17 84
17 93
17 95
17 99
17 104
17 107
17 110
17 113
17 114
17 116
17 118
17 121
17 122
17 123
17 126
17 129
17 130
17 137
17 139
17 151
17 153
17 156
17 158
17 165
17 166
17 167
17 168
17 169
17 176
17 181
17 188
17 195
17 199
18 25
18 29
18 34
18 38
18 39
18 41
18 48
18 51
18 54
18 64
18 65
18 68
18 70
18 79
18 87
18 92
18 93
18 98
18 101
18 104
18 107
18 111
18 115
18 124
18 126
18 128
18 130
18 138
18 145
18 146
18 149
18 161
18 162
18 164
18 170
18 175
18 186
18 187
18 188
18 192
18 197
18 199
19 22
19 33
19 37
19 55
19 56
19 58
19 60
19 65
19 66
19 74
19 88
19 95
19 108
19 109
19 110
19 111
19 115
19 120
19 122
19 123
19 126
19 145
19 153
19 159
19 160
19 161
19 162
19 166
19 172
19 177
19 178
19 184
19 189
19 190
19 193
19 197
19 198
20 22
20 26
20 35
20 47
20 50
20 53
20 59
20 60
20 61
20 75
20 81
20 87
20 88
20 90
20 91
20 95
20 106
20 108
20 117
20 118
20 120
20 127
20 129
20 138
20 148
20 151
20 158
20 161
20 169
20 174
20 176
20 177
20 179
20 180
20 189
20 195
20 197
21 24
21 38
21 50
21 57
21 61
21 65
21 67
21 69
21 75
21 83
21 84
21 92
21 94
21 97
21 103
21 105
21 106
21 108
21 116
21 118
21 119
21 128
21 130
21 146
21 156
21 161
21 183
21 188
21 189
21 195
21 197
22 24
22 27
22 29
22 35
22 38
22 39
22 40
22 48
22 50
22 53
22 56
22 63
22 65
22 67
22 68
22 71
22 76
22 81
22 86
22 87
22 95
22 98
22 102
22 104
22 109
22 110
22 116
22 119
22 122
22 131
22 133
22 140
22 155
22 158
22 180
22 181
22 185
22 190
22 194
22 199
23 25
23 27
23 28
23 34
23 44
23 55
23 60
23 74
23 95
23 105
23 106
23 112
23 114
23 128
23 129
23 141
23 144
23 149
23 152
23 161
23 162
23 169
23 172
23 174
23 177
23 183
23 194
23 195
23 197
23 199
24 31
24 34
24 37
24 38
24 40
24 43
24 44
24 45
24 55
24 61
24 64
24 66
24 70
24 74
24 78
24 79
24 84
24 97
24 107
24 118
24 138
24 142
24 144
24 149
24 153
24 166
24 173
24 180
24 182
24 187
24 192
24 194
25 27
25 38
25 40
25 46
25 47
25 50
25 55
25 56
25 58
25 60
25 71
25 72
25 74
25 76
25 79
25 80
25 82
25 86
25 96
25 101
25 104
25 111
25 117
25 119
25 122
25 124
25 125
25 126
25 137
25 139
25 140
25 143
25 152
25 160
25 164
25 165
25 173
25 176
25 188
25 190
25 198
26 36
26 44
26 46
26 49
26 50
26 51
26 53
26 55
26 72
26 74
26 75
26 84
26 89
26 94
26 98
26 103
26 110
26 111
26 112
26 120
26 128
26 130
26 142
26 155
26 156
26 167
26 171
26 184
26 188
26 189
26 193
27 33
27 34
27 44
27 49
27 67
27 68
27 69
27 70
27 71
27 76
27 80
27 84
27 88
27 94
27 106
27 107
27 110
27 120
27 136
27 140
27 150
27 151
27 153
27 157
27 162
27 163
27 171
27 178
27 184
27 188
27 199
28 39
28 44
28 45
28 47
28 51
28 55
28 56
28 59
28 67
28 102
28 109
28 110
28 112
28 125
28 127
28 137
28 141
28 142
28 144
28 148
28 165
28 168
28 187
28 190
28 196
29 30
29 32
29 41
29 42
29 43
29 45
29 61
29 65
29 71
29 75
29 78
29 84
29 90
29 94
29 98
29 100
29 101
29 105
29 111
29 114
29 116
29 119
29 121
29 124
29 138
29 142
29 149
29 153
29 167
29 168
29 170
29 171
29 174
29 178
29 181
29 195
29 199
30 43
30 45
30 46
30 47
30 53
30 57
30 85
30 91
30 92
30 100
30 103
30 104
30 120
30 121
30 124
30 125
30 128
30 134
30 136
30 141
30 152
30 160
30 163
30 169
30 175
30 177
30 179
30 181
30 184
30 185
30 187
30 195
30 197
31 34
31 37
31 47
31 51
31 52
31 61
31 63
31 74
31 75
31 77
31 84
31 85
31 92
31 94
31 97
31 104
31 121
31 125
31 129
31 137
31 146
31 149
31 154
31 167
31 175
31 177
31 178
31 182
31 184
31 185
31 187
31 190
31 191
31 195
31 196
32 44
32 47
32 49
32 50
32 53
32 54
32 64
32 68
32 82
32 84
32 88
32 94
32 98
32 103
32 112
32 123
32 125
32 126
32 128
32 138
32 145
32 146
32 148
32 149
32 150
32 151
32 153
32 155
32 164
32 165
32 172
32 176
32 177
32 181
32 183
32 193
33 37
33 38
33 45
33 51
33 54
33 60
33 67
33 69
33 71
33 73
33 76
33 78
33 85
33 87
33 89
33 91
33 94
33 98
33 100
33 101
33 102
33 106
33 113
33 114
33 117
33 123
33 138
33 149
33 161
33 165
33 167
33 176
33 179
33 182
33 198
34 36
34 45
34 54
34 63
34 64
34 67
34 68
34 73
34 74
34 90
34 91
34 95
34 97
34 99
34 100
34 112
34 113
34 114
34 115
34 117
34 127
34 135
34 137
34 141
34 150
34 152
34 158
34 169
34 172
34 173
34 179
34 184
34 195
35 36
35 38
35 44
35 47
35 53
35 59
35 60
35 65
35 67
35 78
35 80
35 88
35 90
35 91
35 96
35 101
35 107
35 115
35 116
35 122
35 125
35 131
35 146
35 148
35 157
35 161
35 166
35 171
35 172
35 184
35 191
35 193
35 198
35 199
36 43
36 49
36 50
36 52
36 56
36 58
36 68
36 70
36 73
36 75
36 85
36 109
36 118
36 122
36 124
36 136
36 144
36 145
36 158
36 160
36 164
36 165
36 173
36 178
36 187
36 188
36 190
36 199
37 41
37 42
37 46
37 47
37 51
37 54
37 56
37 61
37 64
37 65
37 66
37 67
37 69
37 76
37 79
37 83
37 84
37 87
37 88
37 93
37 94
37 96
37 101
37 102
37 106
37 133
37 139
37 147
37 149
37 151
37 156
37 163
37 173
37 175
37 177
37 185
37 186
37 188
37 189
37 192
37 194
37 196
38 41
38 43
38 56
38 58
38 69
38 77
38 78
38 91
38 93
38 96
38 107
38 109
38 111
38 114
38 117
38 118
38 122
38 123
38 124
38 127
38 141
38 143
38 144
38 147
38 150
38 153
38 154
38 162
38 180
38 183
38 189
38 191
38 197
39 54
39 60
39 69
39 81
39 95
39 96
39 101
39 103
39 104
39 106
39 113
39 123
39 133
39 140
39 145
39 152
39 165
39 172
39 173
39 181
39 188
39 189
39 191
39 194
40 41
40 42
40 46
40 49
40 52
40 61
40 70
40 85
40 90
40 93
40 100
40 105
40 110
40 112
40 121
40 122
40 136
40 142
40 153
40 158
40 171
40 174
40 178
40 179
40 183
40 189
40 191
40 193
40 195
40 196
40 198
41 43
41 48
41 50
41 62
41 63
41 71
41 76
41 95
41 110
41 111
41 113
41 114
41 117
41 119
41 123
41 130
41 137
41 138
41 141
41 147
41 156
41 157
41 159
41 161
41 165
41 176
41 181
41 182
41 183
41 190
41 197
42 49
42 60
42 64
42 70
42 73
42 79
42 82
42 85
42 93
42 96
42 99
42 100
42 102
42 108
42 110
42 114
42 118
42 119
42 121
42 134
42 136
42 140
42 142
42 143
42 148
42 155
42 160
42 161
42 169
42 184
42 193
42 198
43 44
43 46
43 52
43 56
43 61
43 70
43 77
43 80
43 89
43 92
43 94
43 97
43 102
43 112
43 115
43 127
43 132
43 142
43 144
43 147
43 150
43 152
43 153
43 164
43 170
43 191
43 193
43 196
44 51
44 57
44 64
44 73
44 82
44 83
44 85
44 93
44 94
44 98
44 109
44 113
44 120
44 133
44 137
44 141
44 146
44 158
44 165
44 167
44 175
44 176
44 177
44 186
44 188
44 195
45 46
45 51
45 54
45 65
45 67
45 68
45 70
45 74
45 76
45 94
45 96
45 113
45 114
45 118
45 122
45 133
45 139
45 144
45 146
45 147
45 148
45 149
45 151
45 161
45 162
45 163
45 182
45 194
46 50
46 63
46 73
46 84
46 85
46 89
46 95
46 97
46 100
46 108
46 126
46 128
46 132
46 137
46 149
46 151
46 152
46 157
46 158
46 167
46 169
46 174
46 179
46 189
46 193
47 50
47 51
47 52
47 57
47 59
47 64
47 65
47 67
47 75
47 86
47 87
47 99
47 103
47 107
47 110
47 117
47 118
47 120
47 121
47 127
47 135
47 142
47 144
47 156
47 157
47 167
47 173
47 177
47 182
47 183
47 184
47 185
48 49
48 50
48 51
48 53
48 55
48 64
48 80
48 81
48 96
48 112
48 117
48 123
48 127
48 135
48 137
48 140
48 142
48 143
48 144
48 148
48 150
48 154
48 167
48 168
48 173
48 174
48 180
48 182
48 183
48 186
48 192
48 197
48 198
48 199
49 55
49 63
49 64
49 73
49 86
49 88
49 92
49 96
49 99
49 109
49 114
49 115
49 123
49 124
49 125
49 134
49 135
49 138
49 143
49 144
49 147
49 149
49 168
49 177
49 183
49 189
49 190
49 191
50 52
50 61
50 63
50 64
50 68
50 69
50 72
50 79
50 89
50 93
50 94
50 96
50 103
50 109
50 110
50 123
50 126
50 140
50 143
50 158
50 161
50 164
50 169
50 175
50 186
51 70
51 73
51 78
51 82
51 84
51 85
51 90
51 98
51 106
51 111
51 115
51 120
51 136
51 145
51 147
51 151
51 164
51 167
51 170
51 181
51 188
51 193
51 196
51 198
52 61
52 65
52 67
52 68
52 69
52 72
52 74
52 76
52 79
52 103
52 106
52 108
52 110
52 113
52 114
52 116
52 120
52 121
52 124
52 125
52 134
52 145
52 158
52 160
52 161
52 162
52 165
52 174
52 175
52 185
52 187
52 196
52 199
53 57
53 64
53 72
53 74
53 101
53 104
53 115
53 117
53 118
53 124
53 125
53 129
53 136
53 146
53 147
53 150
53 151
53 152
53 154
53 157
53 158
53 162
53 189
53 195
54 55
54 69
54 70
54 74
54 85
54 87
54 101
54 102
54 103
54 113
54 118
54 120
54 128
54 130
54 131
54 132
54 138
54 140
54 150
54 155
54 157
54 159
54 162
54 164
54 167
54 168
54 176
54 181
54 182
54 183
54 188
54 192
54 199
55 59
55 60
55 76
55 80
55 85
55 89
55 91
55 95
55 101
55 103
55 108
55 111
55 115
55 122
55 123
55 128
55 135
55 153
55 157
55 166
55 167
55 181
55 183
55 187
55 189
55 196
55 199
56 76
56 80
56 81
56 89
56 94
56 97
56 100
56 106
56 109
56 111
56 113
56 116
56 123
56 142
56 144
56 147
56 149
56 153
56 157
56 166
56 167
56 177
56 179
56 181
56 183
56 184
56 187
56 192
56 194
56 197
56 198
57 77
57 86
57 90
57 102
57 104
57 105
57 106
57 109
57 116
57 118
57 119
57 128
57 129
57 130
57 131
57 132
57 142
57 143
57 144
57 149
57 151
57 158
57 168
57 173
57 180
57 184
57 185
57 192
57 197
57 198
58 63
58 66
58 67
58 76
58 88
58 96
58 102
58 104
58 114
58 118
58 127
58 131
58 149
58 154
58 157
58 162
58 169
58 172
58 177
58 191
58 192
58 193
59 61
59 62
59 63
59 64
59 68
59 70
59 71
59 74
59 77
59 83
59 86
59 87
59 98
59 99
59 110
59 111
59 112
59 115
59 123
59 124
59 127
59 136
59 142
59 143
59 152
59 155
59 158
59 167
59 174
59 176
59 190
59 199
60 67
60 68
60 77
60 78
60 82
60 83
60 85
60 89
60 95
60 99
60 118
60 122
60 124
60 127
60 128
60 138
60 143
60 153
60 154
60 162
60 165
60 175
60 177
60 179
60 183
60 186
60 188
60 192
60 198
61 64
61 65
61 70
61 74
61 85
61 87
61 89
61 92
61 98
61 104
61 105
61 112
61 120
61 121
61 123
61 128
61 136
61 143
61 155
61 157
61 160
61 161
61 168
61 170
61 171
61 189
61 190
61 195
61 196
61 199
62 66
62 67
62 71
62 74
62 80
62 83
62 88
62 90
62 91
62 93
62 95
62 99
62 102
62 109
62 120
62 122
62 125
62 128
62 132
62 137
62 138
62 143
62 145
62 172
62 177
62 186
62 189
62 193
62 196
63 72
63 76
63 81
63 82
63 83
63 87
63 101
63 105
63 110
63 114
63 116
63 118
63 121
63 127
63 136
63 141
63 142
63 149
63 152
63 156
63 157
63 158
63 163
63 165
63 167
63 168
63 170
63 171
63 174
63 177
63 178
63 182
63 192
63 193
63 197
64 70
64 74
64 79
64 80
64 85
64 86
64 88
64 91
64 96
64 101
64 110
64 111
64 114
64 115
64 116
64 117
64 123
64 126
64 139
64 146
64 147
64 151
64 157
64 163
64 166
64 178
64 183
64 191
64 198
65 67
65 68
65 72
65 75
65 76
65 78
65 82
65 85
65 90
65 92
65 97
65 102
65 105
65 112
65 114
65 116
65 118
65 129
65 147
65 149
65 150
65 161
65 164
65 165
65 171
65 174
65 178
65 179
65 181
65 182
65 188
66 70
66 71
66 79
66 82
66 87
66 88
66 93
66 96
66 101
66 107
66 109
66 115
66 123
66 130
66 145
66 147
66 148
66 167
66 183
66 184
66 190
66 192
66 194
66 197
66 199
67 69
67 72
67 76
67 77
67 89
67 92
67 97
67 113
67 119
67 120
67 124
67 132
67 137
67 138
67 151
67 157
67 161
67 162
67 165
67 172
67 175
67 179
67 181
67 183
67 188
67 189
67 192
67 194
68 81
68 87
68 90
68 91
68 92
68 96
68 97
68 104
68 108
68 112
68 122
68 124
68 125
68 131
68 139
68 154
68 157
68 160
68 166
68 168
68 171
68 179
68 184
68 186
68 189
68 192
68 195
68 198
69 74
69 83
69 88
69 89
69 93
69 110
69 119
69 120
69 128
69 132
69 133
69 141
69 158
69 170
69 172
69 173
69 175
69 176
69 197
70 72
70 79
70 83
70 87
70 91
70 95
70 97
70 98
70 101
70 106
70 110
70 119
70 127
70 128
70 133
70 134
70 143
70 144
70 156
70 158
70 161
70 165
70 167
70 173
70 177
70 193
70 196
70 197
70 198
71 73
71 77
71 81
71 84
71 91
71 97
71 100
71 101
71 119
71 120
71 144
71 147
71 148
71 158
71 159
71 173
71 182
71 184
71 186
71 188
71 194
72 79
72 83
72 85
72 88
72 93
72 94
72 95
72 97
72 105
72 109
72 111
72 113
72 114
72 116
72 123
72 126
72 128
72 133
72 139
72 141
72 143
72 144
72 145
72 148
72 152
72 161
72 162
72 163
72 165
72 169
72 183
72 185
72 192
73 79
73 80
73 93
73 94
73 95
73 98
73 99
73 107
73 109
73 116
73 133
73 134
73 141
73 151
73 162
73 171
73 178
73 179
73 182
74 77
74 85
74 96
74 104
74 116
74 119
74 121
74 124
74 126
74 131
74 133
74 140
74 151
74 156
74 157
74 163
74 165
74 170
74 175
74 178
74 181
74 187
75 80
75 82
75 90
75 93
75 94
75 99
75 101
75 113
75 116
75 120
75 127
75 133
75 145
75 152
75 159
75 165
75 167
75 170
75 171
75 183
75 187
75 189
75 194
75 196
76 78
76 84
76 85
76 96
76 98
76 102
76 105
76 114
76 121
76 124
76 127
76 130
76 131
76 135
76 139
76 147
76 148
76 151
76 166
76 175
76 184
76 196
77 87
77 93
77 99
77 107
77 108
77 109
77 111
77 133
77 137
77 144
77 147
77 157
77 166
77 175
77 178
77 190
77 193
77 195
78 82
78 94
78 97
78 99
78 103
78 109
78 116
78 118
78 125
78 131
78 150
78 153
78 186
79 80
79 83
79 91
79 93
79 98
79 99
79 100
79 105
79 125
79 126
79 140
79 141
79 150
79 152
79 155
79 158
79 163
79 164
79 168
79 169
79 170
79 177
79 179
79 195
79 196
79 198
80 85
80 89
80 91
80 92
80 95
80 113
80 117
80 120
80 133
80 139
80 140
80 141
80 147
80 156
80 164
80 165
80 172
80 175
80 176
80 179
80 181
80 183
80 186
80 187
80 192
81 83
81 88
81 89
81 92
81 95
81 104
81 106
81 109
81 110
81 115
81 118
81 124
81 129
81 130
81 131
81 141
81 144
81 145
81 148
81 155
81 156
81 175
81 179
81 181
81 186
81 190
82 86
82 87
82 96
82 105
82 120
82 121
82 128
82 129
82 136
82 137
82 141
82 144
82 148
82 152
82 156
82 159
82 160
82 166
82 169
82 174
82 175
82 180
82 184
82 186
82 188
82 189
82 195
82 198
83 89
83 93
83 98
83 101
83 109
83 122
83 123
83 132
83 133
83 142
83 147
83 152
83 153
83 161
83 164
83 166
83 178
83 189
83 193
84 92
84 95
84 98
84 101
84 103
84 112
84 113
84 118
84 129
84 135
84 136
84 146
84 148
84 154
84 155
84 157
84 158
84 162
84 164
84 167
84 169
84 185
84 189
84 192
84 198
85 90
85 99
85 100
85 108
85 111
85 114
85 124
85 125
85 126
85 130
85 148
85 151
85 159
85 160
85 164
85 169
85 174
85 182
85 188
85 192
85 196
86 94
86 106
86 109
86 115
86 132
86 135
86 144
86 157
86 168
86 172
86 173
86 185
86 194
86 195
86 199
87 92
87 98
87 106
87 108
87 111
87 112
87 116
87 120
87 131
87 133
87 134
87 136
87 148
87 153
87 155
87 157
87 159
87 164
87 166
87 178
87 187
87 188
87 190
88 94
88 95
88 96
88 98
88 101
88 102
88 109
88 120
88 123
88 126
88 130
88 139
88 145
88 148
88 149
88 156
88 160
88 168
88 185
89 91
89 94
89 103
89 104
89 105
89 111
89 118
89 121
89 123
89 127
89 136
89 144
89 152
89 159
89 162
89 166
89 170
89 171
89 173
89 181
89 185
89 192
89 199
90 100
90 102
90 112
90 117
90 118
90 119
90 120
90 122
90 126
90 127
90 130
90 132
90 136
90 140
90 157
90 164
90 170
90 177
90 179
90 181
90 184
90 185
90 186
90 192
90 199
91 94
91 96
91 104
91 117
91 119
91 120
91 130
91 131
91 141
91 147
91 148
91 158
91 162
91 164
91 167
91 169
91 180
91 182
91 183
91 185
91 186
91 188
91 190
91 191
91 196
92 93
92 100
92 103
92 105
92 106
92 110
92 113
92 115
92 117
92 118
92 124
92 133
92 145
92 148
92 150
92 152
92 153
92 155
92 166
92 172
92 174
92 192
93 97
93 99
93 102
93 110
93 120
93 124
93 134
93 160
93 163
93 165
93 185
93 186
93 189
93 191
93 195
93 197
93 198
93 199
94 98
94 104
94 107
94 110
94 114
94 120
94 124
94 130
94 131
94 136
94 140
94 142
94 154
94 158
94 164
94 165
94 168
94 171
94 172
94 176
94 179
94 184
94 189
94 191
94 197
95 101
95 112
95 123
95 125
95 129
95 144
95 146
95 154
95 157
95 172
95 176
95 177
95 184
95 189
96 97
96 98
96 102
96 105
96 119
96 123
96 130
96 136
96 145
96 148
96 161
96 164
96 172
96 175
96 177
96 181
96 182
97 100
97 103
97 106
97 107
97 113
97 114
97 115
97 118
97 125
97 133
97 152
97 155
97 158
97 164
97 172
97 175
97 177
97 180
97 181
97 184
98 100
98 106
98 109
98 113
98 120
98 123
98 133
98 136
98 143
98 145
98 146
98 147
98 160
98 163
98 169
98 170
98 172
98 173
98 193
99 101
99 103
99 105
99 108
99 111
99 124
99 129
99 135
99 148
99 155
99 157
99 165
99 172
99 174
99 179
99 183
99 195
99 198
100 111
100 117
100 125
100 128
100 130
100 133
100 135
100 137
100 153
100 155
100 156
100 158
100 161
100 162
100 188
100 191
101 102
101 111
101 125
101 127
101 129
101 130
101 138
101 139
101 141
101 145
101 154
101 155
101 157
101 158
101 165
101 168
101 172
101 173
101 174
101 176
101 178
101 179
101 183
101 185
101 186
101 191
101 197
102 106
102 108
102 112
102 115
102 116
102 118
102 123
102 125
102 128
102 130
102 131
102 145
102 148
102 168
102 171
102 174
102 175
102 186
102 188
102 191
103 107
103 108
103 109
103 112
103 126
103 129
103 132
103 162
103 173
103 180
103 188
103 192
103 194
104 108
104 116
104 117
104 118
104 122
104 127
104 133
104 145
104 153
104 158
104 159
104 163
104 167
104 168
104 181
104 184
104 187
104 190
104 194
105 107
105 108
105 119
105 134
105 141
105 142
105 151
105 163
105 164
105 185
105 191
105 194
106 118
106 119
106 127
106 130
106 148
106 160
106 170
106 173
106 174
106 185
106 187
106 191
106 196
107 118
107 127
107 131
107 137
107 141
107 146
107 154
107 156
107 172
107 177
107 180
107 182
107 187
107 195
107 196
108 110
108 112
108 113
108 116
108 117
108 125
108 139
108 142
108 149
108 150
108 152
108 153
108 155
108 156
108 163
108 170
108 182
108 183
108 186
108 195
108 196
109 125
109 135
109 143
109 147
109 150
109 152
109 167
109 171
109 178
109 184
109 185
109 192
110 117
110 121
110 124
110 133
110 142
110 145
110 152
110 155
110 160
110 166
110 168
110 173
110 182
110 186
110 190
111 116
111 130
111 131
111 133
111 138
111 139
111 145
111 167
111 171
111 173
111 181
111 183
111 184
111 197
112 119
112 121
112 128
112 129
112 130
112 137
112 142
112 156
112 158
112 167
112 168
112 170
112 174
112 175
112 176
112 183
112 195
112 196
112 197
112 198
113 114
113 116
113 125
113 139
113 151
113 155
113 161
113 169
113 170
113 171
113 178
113 179
113 182
113 184
113 188
113 196
113 198
114 119
114 126
114 146
114 150
114 154
114 158
114 161
114 166
114 167
114 170
114 175
114 176
114 183
114 184
114 188
114 191
114 198
115 132
115 134
115 135
115 139
115 147
115 151
115 152
115 174
115 176
115 178
115 183
115 187
115 193
115 194
115 196
115 198
116 129
116 130
116 131
116 150
116 153
116 164
116 169
116 175
116 183
116 187
116 194
116 195
117 118
117 120
117 122
117 123
117 124
117 125
117 127
117 132
117 133
117 135
117 139
117 152
117 155
117 157
117 159
117 160
117 167
117 175
117 176
117 194
117 198
118 120
118 124
118 130
118 140
118 145
118 148
118 149
118 158
118 160
118 162
118 173
118 181
118 185
118 186
118 191
119 120
119 121
119 129
119 130
119 144
119 153
119 154
119 157
119 176
119 181
119 186
119 187
119 191
119 192
120 123
120 125
120 129
120 130
120 131
120 132
120 136
120 139
120 158
120 169
120 179
120 187
120 189
120 195
121 126
121 128
121 140
121 155
121 156
121 158
121 160
121 179
121 188
121 193
122 125
122 128
122 133
122 137
122 144
122 150
122 154
122 171
122 173
122 175
122 180
122 183
122 187
122 195
122 198
123 126
123 127
123 129
123 132
123 134
123 135
123 137
123 140
123 141
123 142
123 146
123 147
123 150
123 153
123 156
123 168
123 171
123 172
123 177
123 178
123 188
123 199
124 131
124 132
124 136
124 151
124 153
124 155
124 158
124 159
124 163
124 166
124 167
124 169
124 173
124 177
124 178
124 184
124 185
124 190
125 133
125 141
125 142
125 146
125 147
125 149
125 152
125 159
125 166
125 174
125 177
125 181
125 187
125 195
125 198
126 129
126 131
126 134
126 144
126 146
126 151
126 159
126 165
126 166
126 189
126 197
126 198
126 199
127 130
127 133
127 138
127 139
127 140
127 146
127 151
127 152
127 154
127 156
127 157
127 165
127 166
127 167
127 168
127 169
127 170
127 181
127 190
127 192
128 134
128 136
128 139
128 149
128 154
128 160
128 167
128 170
128 174
128 178
128 182
128 184
128 186
128 189
128 192
128 196
128 199
129 132
129 138
129 140
129 144
129 147
129 151
129 158
129 159
129 191
130 131
130 140
130 167
130 170
130 174
130 175
130 177
130 182
130 192
131 134
131 135
131 137
131 139
131 141
131 143
131 147
131 155
131 157
131 166
131 168
131 174
131 176
131 177
131 184
131 187
131 188
131 189
131 194
131 195
132 133
132 135
132 140
132 142
132 143
132 150
132 154
132 162
132 163
132 172
132 180
132 181
132 186
132 188
132 189
132 191
132 195
132 199
133 150
133 173
133 175
133 176
133 183
133 188
133 191
133 194
133 196
134 138
134 139
134 142
134 149
134 150
134 156
134 166
134 167
134 169
134 172
134 185
134 192
134 194
134 196
135 139
135 153
135 157
135 159
135 165
135 167
135 172
135 176
135 177
135 182
135 192
135 196
136 138
136 149
136 150
136 156
136 157
136 161
136 162
136 168
136 174
136 180
136 189
136 190
137 164
137 172
137 179
137 181
137 188
137 190
137 195
138 139
138 146
138 148
138 152
138 157
138 164
138 166
138 171
138 177
138 179
138 180
138 192
139 141
139 145
139 151
139 161
139 163
139 164
139 167
139 169
139 170
139 173
139 177
139 182
139 192
139 198
140 146
140 150
140 157
140 166
140 167
140 174
140 177
140 182
140 184
140 189
140 197
140 199
141 144
141 146
141 147
141 149
141 161
141 163
141 167
141 170
141 174
141 175
141 178
141 179
141 181
141 192
141 194
141 197
141 198
142 143
142 147
142 150
142 164
142 166
142 167
142 168
142 172
142 175
142 176
142 183
142 184
142 187
142 189
142 191
142 192
143 144
143 147
143 153
143 158
143 177
143 184
143 188
143 192
143 198
144 145
144 147
144 154
144 156
144 160
144 167
144 168
144 171
144 179
144 184
144 186
144 187
144 192
144 193
144 196
145 147
145 150
145 164
145 170
145 176
145 177
145 181
145 183
145 189
146 150
146 158
146 160
146 166
146 168
146 169
146 172
146 177
146 182
146 185
146 187
146 188
146 190
146 196
147 153
147 161
147 172
147 173
147 177
147 188
147 189
147 190
147 194
147 196
147 199
148 150
148 151
148 152
148 156
148 161
148 169
148 178
148 182
148 183
148 184
148 188
148 190
148 191
148 192
148 199
149 151
149 163
149 164
149 169
149 176
149 177
149 178
149 180
149 183
149 195
150 154
150 161
150 164
150 189
150 194
150 195
150 197
150 199
151 156
151 164
151 170
151 171
151 172
151 196
152 156
152 164
152 166
152 180
152 182
152 187
152 196
152 199
153 160
153 161
153 162
153 180
153 183
153 186
153 187
153 189
153 191
153 192
153 193
153 197
153 199
154 165
154 168
154 176
154 178
154 179
154 185
154 195
154 198
155 156
155 159
155 163
155 164
155 166
155 169
155 170
155 179
155 181
155 192
155 193
155 195
156 157
156 162
156 168
156 171
156 179
156 184
156 187
157 165
157 167
157 168
157 169
157 188
157 191
157 192
157 193
157 196
157 197
158 159
158 160
158 165
158 166
158 169
158 170
158 174
158 176
158 179
158 180
158 183
159 165
159 171
159 173
159 176
159 180
159 181
159 182
159 186
159 190
159 195
159 198
160 161
160 165
160 172
160 180
160 186
160 189
160 196
161 162
161 167
161 169
161 188
161 190
161 191
162 163
162 168
162 175
162 178
162 182
162 189
162 192
162 195
162 198
162 199
163 165
163 181
163 184
163 191
163 192
163 194
163 196
164 167
164 169
164 174
164 188
164 191
164 192
164 195
164 196
164 198
165 167
165 169
165 172
165 177
165 179
165 180
165 187
165 188
165 193
165 199
166 179
166 182
166 186
166 199
167 171
167 172
167 174
167 178
167 179
167 188
167 194
167 197
167 199
168 172
168 173
168 184
168 185
168 190
168 194
168 198
169 171
169 175
169 178
169 190
169 193
170 176
170 177
170 180
170 182
170 187
170 198
171 181
171 183
171 187
171 193
171 194
171 195
171 196
171 198
172 178
172 182
172 185
172 187
172 192
172 193
172 195
172 197
172 199
173 174
173 179
173 183
173 184
173 187
173 189
174 176
174 178
174 179
174 183
174 189
174 193
174 199
175 176
175 177
175 181
175 187
176 177
176 179
176 186
176 190
176 191
176 198
177 183
177 184
178 179
178 180
178 186
178 193
178 199
179 191
180 182
180 189
180 192
180 195
180 198
181 183
181 188
181 192
182 183
182 184
182 186
182 189
182 196
183 191
183 194
183 196
183 198
184 186
185 188
185 190
185 194
185 196
186 187
186 188
186 193
186 196
187 189
187 195
187 197
187 198
188 189
188 199
189 193
189 196
189 199
190 198
192 195
193 199
194 197
194 199
195 197
