50 1497
29 80
95 93
52 64
40 73
51 15
92 57
53 89
94 20
88 77
35 79
74 34
26 36
75 17
46 38
73 89
89 59
79 60
90 83
24 71
23 40
68 89
91 68
32 92
30 50
73 25
68 58
80 58
16 74
90 77
68 34
80 43
73 67
86 99
11 60
21 41
22 90
87 33
94 91
92 64
13 24
30 65
63 53
61 99
62 49
69 100
25 70
21 40
56 44
13 13
59 51
226
0 3
0 4
0 9
0 10
0 12
0 17
0 30
0 32
0 33
0 36
0 42
0 44
0 45
0 49
1 8
1 21
1 23
1 26
1 33
1 37
2 13
2 15
2 27
2 32
2 38
2 41
2 43
2 47
3 11
3 16
3 19
3 33
3 34
3 36
3 39
3 43
3 49
4 7
4 18
4 19
4 21
4 24
4 36
4 38
4 39
4 40
4 44
4 46
4 48
5 14
5 16
5 22
5 29
5 44
6 8
6 43
7 11
7 27
7 28
7 29
7 30
7 38
7 39
7 45
7 46
8 13
8 16
8 18
8 20
8 28
8 32
8 33
8 40
8 46
9 10
9 25
9 26
9 42
9 43
9 48
9 49
10 11
10 15
10 20
10 30
10 36
10 39
10 44
10 45
10 48
11 15
11 16
11 18
11 25
11 33
11 35
11 36
11 37
11 38
11 41
11 43
12 13
12 20
12 22
12 27
12 32
12 36
13 15
13 17
13 23
13 26
13 31
13 32
13 35
13 47
13 49
14 15
14 28
14 33
14 37
14 45
14 46
14 49
15 26
15 33
15 34
15 37
15 42
15 45
16 28
16 29
16 31
16 35
16 36
16 46
17 19
17 27
17 28
17 34
17 36
17 45
17 49
18 20
18 25
18 32
18 41
18 42
18 45
19 29
19 33
19 36
19 38
19 42
19 46
20 24
20 30
20 34
21 22
21 25
21 27
21 31
21 35
22 29
22 33
22 35
22 38
22 40
23 24
23 29
24 44
24 46
24 47
25 27
25 46
26 30
26 32
26 33
26 38
26 49
27 37
27 38
27 40
27 44
28 30
28 49
29 35
29 43
29 44
29 45
30 39
30 46
31 34
31 42
32 35
33 36
33 38
33 43
33 45
33 49
34 38
34 39
34 47
35 39
35 41
35 45
35 49
37 41
37 46
38 45
38 46
38 47
38 48
39 41
39 46
39 49
40 41
40 45
40 47
40 49
41 48
42 49
43 46
44 46
44 48
45 46
47 48
