50 1329
53 83
90 38
76 56
19 12
42 38
60 99
45 26
23 21
65 56
22 15
18 80
51 27
98 12
31 35
67 95
60 89
47 95
91 67
29 59
51 45
11 13
71 49
100 79
48 42
71 16
50 44
11 91
29 14
97 79
39 39
54 51
14 59
61 79
70 86
38 18
57 61
45 92
38 28
30 68
28 86
98 48
38 80
58 36
78 90
49 50
61 23
76 59
39 64
97 44
44 22
242
0 1
0 4
0 21
0 22
0 36
0 40
0 43
1 3
1 5
1 7
1 10
1 12
1 20
1 21
1 25
1 35
1 36
1 46
1 48
2 4
2 12
2 18
2 20
2 21
2 23
2 25
2 29
2 30
2 46
3 11
3 12
3 18
3 29
3 32
3 34
3 37
3 44
3 47
4 6
4 8
4 11
4 24
4 31
4 34
4 35
4 39
4 41
4 47
5 10
5 13
5 17
5 18
5 19
5 23
5 24
5 25
5 35
5 36
5 42
6 19
6 20
6 25
6 40
6 46
6 47
7 8
7 27
7 31
7 33
7 44
7 45
8 9
8 12
8 14
8 16
8 21
8 28
8 39
8 47
9 11
9 29
9 40
9 41
10 11
10 20
10 21
10 38
10 42
10 46
10 47
10 48
10 49
11 24
11 30
11 38
12 21
12 23
12 26
12 27
12 30
13 20
13 25
13 28
13 29
13 33
13 42
13 45
13 48
13 49
14 15
14 22
14 28
14 31
14 32
14 41
14 44
14 47
15 16
15 17
15 18
15 19
15 23
15 28
15 30
15 32
15 39
15 40
15 43
15 44
15 45
15 48
16 23
16 24
16 25
16 26
16 33
16 38
16 49
17 27
17 30
17 45
17 47
18 20
18 30
18 33
18 43
19 27
19 33
19 38
19 41
19 42
19 46
19 48
19 49
20 28
20 29
20 44
21 30
21 39
22 25
22 26
22 29
22 33
22 35
22 36
22 39
22 44
23 24
23 26
23 29
23 30
23 36
23 38
23 45
23 48
24 28
24 29
24 31
24 35
24 41
24 42
24 43
25 30
25 33
25 44
25 45
25 48
26 29
26 36
26 37
26 40
26 42
26 43
26 44
27 28
27 29
27 33
27 34
27 36
28 33
28 37
28 41
29 31
29 32
29 40
29 45
29 48
30 38
30 42
30 44
31 32
31 35
32 35
33 37
33 38
33 41
33 45
33 47
34 41
35 36
35 42
35 48
36 45
36 49
37 38
37 39
37 43
37 44
37 47
38 44
38 48
39 42
39 46
39 47
40 45
41 45
43 47
44 49
45 46
45 48
47 49
48 49
