100 2813
67 65
70 57
51 44
47 43
40 98
53 65
22 100
95 80
12 36
72 40
20 73
43 80
62 36
49 38
68 71
38 80
94 26
36 20
96 16
88 13
19 90
23 44
52 66
86 65
61 55
30 63
52 25
47 45
22 31
64 82
38 19
49 72
72 66
37 32
11 35
21 54
12 30
47 44
14 60
45 30
80 93
16 26
43 72
57 55
36 23
62 61
22 89
56 44
14 49
67 52
79 15
92 37
23 55
25 75
65 26
26 32
14 69
32 31
70 79
95 65
50 43
56 38
94 14
41 90
54 50
56 89
12 84
69 21
35 87
40 34
60 69
89 100
75 81
85 64
95 71
62 81
49 39
73 52
53 85
66 100
45 32
64 93
12 28
44 35
41 96
34 38
14 53
69 64
86 79
60 45
56 65
88 44
87 79
21 75
13 78
41 61
68 73
87 92
87 31
12 36
970
0 1
0 3
0 4
0 5
0 7
0 9
0 10
0 28
0 29
0 30
0 31
0 32
0 34
0 39
0 45
0 51
0 55
0 67
0 71
0 72
0 74
0 86
0 87
0 89
0 91
0 93
0 95
0 99
1 4
1 11
1 19
1 24
1 35
1 38
1 42
1 45
1 48
1 52
1 57
1 58
1 59
1 69
1 71
1 75
1 83
1 86
2 8
2 17
2 19
2 27
2 31
2 32
2 35
2 43
2 50
2 58
2 65
2 70
2 71
2 72
2 76
2 87
2 90
2 99
3 4
3 17
3 21
3 22
3 23
3 31
3 32
3 33
3 36
3 40
3 41
3 44
3 47
3 48
3 49
3 52
3 59
3 62
3 69
3 70
3 75
3 81
3 99
4 6
4 7
4 18
4 19
4 22
4 24
4 25
4 31
4 35
4 44
4 48
4 56
4 60
4 61
4 71
4 73
4 76
4 77
4 79
4 82
4 89
4 95
5 11
5 12
5 22
5 34
5 37
5 55
5 58
5 60
5 64
5 68
5 73
5 75
5 82
5 83
5 84
5 85
6 8
6 21
6 22
6 41
6 42
6 47
6 67
6 74
6 77
6 80
6 81
6 85
6 91
6 95
6 99
7 15
7 19
7 20
7 23
7 25
7 39
7 49
7 52
7 57
7 59
7 60
7 87
7 97
7 99
8 10
8 12
8 19
8 20
8 36
8 40
8 53
8 55
8 64
8 71
8 73
8 75
8 83
8 84
8 85
8 86
8 87
9 10
9 11
9 12
9 16
9 33
9 37
9 43
9 44
9 51
9 70
9 71
9 73
9 76
9 84
9 85
9 91
9 93
9 96
10 16
10 20
10 31
10 57
10 64
10 66
10 69
10 75
11 21
11 45
11 48
11 63
11 67
11 72
11 75
11 77
11 89
12 15
12 26
12 37
12 39
12 44
12 51
12 66
12 67
12 75
12 81
13 14
13 16
13 18
13 25
13 28
13 35
13 39
13 41
13 43
13 50
13 51
13 53
13 62
13 66
13 73
13 78
13 81
13 84
13 90
13 92
13 93
13 95
14 18
14 22
14 28
14 33
14 36
14 50
14 51
14 53
14 54
14 60
14 61
14 69
14 75
14 80
14 82
14 84
14 98
15 17
15 31
15 45
15 52
15 72
15 78
15 80
15 83
15 85
15 89
15 98
16 18
16 30
16 33
16 35
16 45
16 50
16 54
16 57
16 63
16 64
16 66
16 71
16 76
16 77
16 80
16 84
16 95
16 96
17 20
17 26
17 31
17 36
17 44
17 51
17 54
17 57
17 60
17 63
17 70
17 82
17 83
17 85
17 95
17 97
18 19
18 22
18 32
18 37
18 40
18 44
18 46
18 47
18 48
18 59
18 62
18 70
18 76
18 79
18 91
19 26
19 36
19 37
19 38
19 39
19 47
19 50
19 56
19 59
19 65
19 66
19 82
19 84
19 94
20 36
20 42
20 52
20 54
20 59
20 62
20 65
20 74
20 75
20 78
20 83
20 87
21 27
21 31
21 32
21 37
21 45
21 59
21 64
21 75
21 77
21 80
21 88
21 91
21 96
22 25
22 28
22 31
22 34
22 38
22 45
22 46
22 47
22 51
22 70
22 72
22 95
22 96
23 25
23 26
23 28
23 29
23 35
23 37
23 38
23 51
23 55
23 60
23 61
23 64
23 68
23 71
23 78
23 79
23 81
23 86
23 90
23 93
24 26
24 29
24 46
24 54
24 58
24 69
24 72
24 80
24 81
24 84
24 86
24 92
25 39
25 40
25 41
25 49
25 65
25 71
25 74
25 87
26 27
26 29
26 40
26 44
26 50
26 54
26 57
26 60
26 64
26 65
26 69
26 73
26 80
26 84
26 87
27 32
27 38
27 45
27 46
27 49
27 55
27 56
27 57
27 60
27 62
27 64
27 70
27 71
27 74
27 75
27 79
27 89
27 90
28 29
28 35
28 40
28 41
28 47
28 48
28 49
28 50
28 54
28 55
28 56
28 57
28 58
28 59
28 64
28 67
28 69
28 71
28 81
28 83
28 86
28 90
28 97
29 30
29 34
29 35
29 38
29 39
29 45
29 49
29 52
29 57
29 60
29 71
29 74
29 83
29 86
29 87
29 94
29 98
30 34
30 35
30 38
30 42
30 53
30 54
30 55
30 58
30 62
30 63
30 66
30 68
30 69
30 70
30 74
30 81
30 88
30 97
31 35
31 36
31 41
31 45
31 53
31 58
31 60
31 68
31 69
31 75
31 78
31 89
31 90
31 92
32 39
32 45
32 48
32 49
32 54
32 68
32 77
32 84
32 85
32 88
32 93
33 37
33 38
33 41
33 43
33 51
33 52
33 58
33 61
33 66
33 76
33 80
33 97
33 99
34 42
34 46
34 47
34 48
34 49
34 56
34 63
34 67
34 68
34 71
34 77
34 78
34 85
35 37
35 42
35 48
35 50
35 51
35 52
35 66
35 73
35 76
35 89
36 41
36 47
36 53
36 55
36 56
36 66
36 72
36 78
36 86
36 97
37 39
37 43
37 51
37 52
37 68
37 72
37 74
37 84
37 85
37 96
38 44
38 46
38 48
38 53
38 54
38 55
38 56
38 59
38 61
38 62
38 70
38 72
38 74
38 78
38 79
38 80
39 43
39 55
39 60
39 65
39 70
39 75
39 78
39 83
39 84
39 88
39 90
39 97
40 41
40 50
40 56
40 60
40 73
40 74
40 75
40 85
40 86
40 93
40 99
41 46
41 58
41 88
41 90
41 93
42 45
42 47
42 57
42 59
42 76
42 79
42 84
42 85
42 87
42 90
42 97
43 46
43 48
43 57
43 67
43 69
43 76
43 78
43 83
43 85
44 45
44 48
44 51
44 56
44 58
44 64
44 69
44 71
44 79
44 83
44 84
44 89
44 95
45 46
45 52
45 54
45 58
45 60
45 61
45 68
45 86
45 92
45 94
46 48
46 50
46 53
46 56
46 61
46 69
46 70
46 73
46 78
46 80
46 96
46 98
46 99
47 53
47 55
47 58
47 59
47 62
47 70
47 79
47 82
47 96
48 49
48 66
48 74
48 89
48 90
48 95
48 98
49 55
49 56
49 75
49 76
49 78
49 85
49 93
50 52
50 56
50 63
50 68
50 72
50 73
50 83
50 86
50 95
51 53
51 59
51 64
51 72
51 77
51 82
51 84
51 86
51 87
51 93
52 57
52 62
52 66
52 69
52 71
52 76
52 78
52 80
52 90
52 95
53 61
53 70
53 71
53 87
53 89
53 98
54 55
54 57
54 68
54 73
54 80
54 85
54 91
54 93
54 94
54 97
55 62
55 65
55 68
55 69
55 75
55 76
55 85
55 86
55 88
56 57
56 62
56 79
56 81
56 83
56 86
56 90
56 92
56 94
56 96
56 99
57 59
57 61
57 62
57 67
57 81
57 83
57 87
57 90
57 95
57 99
58 59
58 63
58 67
58 72
58 90
58 92
59 60
59 64
59 69
59 71
59 76
59 77
59 82
59 86
59 91
59 94
60 61
60 68
60 69
60 70
60 73
60 80
60 83
60 85
60 90
60 98
61 71
61 72
61 76
61 78
61 82
61 83
61 85
61 89
62 63
62 64
62 72
62 78
62 79
62 83
62 91
62 94
63 65
63 66
63 67
63 73
63 75
63 78
63 87
63 94
63 99
64 65
64 79
64 86
64 90
64 97
64 99
65 66
65 74
65 78
65 93
65 98
66 69
66 74
66 75
66 77
66 81
66 86
66 88
67 74
67 77
67 79
67 80
67 89
67 90
67 92
68 72
68 74
68 75
68 83
68 86
68 88
68 94
68 95
69 70
69 71
69 75
69 77
69 83
69 85
69 87
69 92
69 99
70 72
70 73
70 77
70 81
70 83
70 94
71 72
71 73
71 74
71 84
71 86
71 92
71 94
72 73
72 74
72 77
72 80
72 83
72 88
72 89
72 91
72 92
73 78
73 79
73 80
73 81
73 87
73 93
74 82
74 92
74 94
74 95
75 79
75 92
75 94
75 97
75 98
76 78
76 87
76 89
76 91
76 94
76 97
77 79
77 81
77 82
77 88
77 96
77 97
77 98
78 81
78 88
78 92
79 87
79 89
79 90
79 91
79 97
80 81
80 85
80 89
80 94
80 97
80 98
81 85
81 88
82 83
82 84
82 87
82 97
83 84
83 85
83 89
83 94
83 97
84 95
84 97
85 87
85 92
85 96
86 93
87 95
87 97
87 99
88 93
88 94
88 98
89 92
89 95
89 96
89 98
90 93
90 98
91 94
91 95
92 99
93 97
95 98
95 99
97 98
