200 5583
19 27
72 44
75 67
17 84
70 77
20 93
62 76
26 40
71 34
98 55
44 36
72 51
65 25
98 28
16 23
28 89
23 51
51 74
100 47
39 70
38 92
58 29
71 31
75 27
31 71
57 19
20 18
71 77
61 79
95 68
23 46
42 78
84 46
77 52
58 57
60 42
37 41
70 10
14 70
74 77
50 38
35 37
93 73
67 49
26 22
58 84
46 15
46 48
38 44
92 74
59 55
15 39
32 41
22 95
59 44
42 26
28 41
52 48
45 31
29 17
62 55
32 80
74 52
89 92
65 99
11 23
74 77
65 33
98 20
54 86
76 27
35 50
47 92
78 18
89 93
67 16
41 96
54 62
69 48
81 61
31 91
28 43
73 51
39 79
57 58
54 81
55 71
59 91
23 62
95 11
87 54
36 98
23 55
91 32
82 70
37 70
70 63
13 69
100 84
97 15
82 64
30 20
51 49
14 87
37 20
80 52
27 13
70 87
16 48
93 18
77 44
27 19
18 85
58 66
16 42
69 90
85 23
10 25
50 84
67 51
82 29
90 74
82 34
82 98
36 68
35 82
74 83
16 32
30 11
21 100
68 90
28 83
20 77
71 13
81 77
36 15
46 84
13 43
23 91
96 97
59 83
92 50
97 96
33 81
10 14
31 61
71 34
63 85
47 63
21 31
25 49
78 69
56 75
41 54
61 23
47 53
53 45
38 55
37 27
78 51
75 76
97 66
74 54
19 27
88 34
81 88
48 68
52 70
22 78
90 60
52 59
91 89
87 59
25 53
45 52
58 93
12 13
61 61
11 47
41 59
77 50
95 63
73 70
72 68
54 75
64 51
21 95
43 98
27 81
20 100
84 24
73 25
23 13
93 23
22 51
80 75
82 35
86 18
48 83
92 25
11930
0 1
0 2
0 3
0 5
0 6
0 7
0 8
0 9
0 10
0 12
0 14
0 15
0 17
0 18
0 19
0 20
0 23
0 24
0 25
0 27
0 28
0 29
0 30
0 31
0 32
0 35
0 36
0 38
0 39
0 40
0 42
0 44
0 46
0 47
0 48
0 49
0 50
0 52
0 53
0 54
0 57
0 59
0 60
0 61
0 62
0 63
0 65
0 67
0 69
0 70
0 71
0 74
0 75
0 76
0 84
0 85
0 87
0 90
0 91
0 92
0 95
0 96
0 97
0 99
0 100
0 103
0 104
0 105
0 106
0 108
0 110
0 111
0 112
0 113
0 114
0 116
0 118
0 119
0 122
0 123
0 124
0 126
0 129
0 133
0 134
0 135
0 138
0 141
0 142
0 143
0 144
0 146
0 149
0 150
0 152
0 154
0 155
0 156
0 157
0 159
0 160
0 161
0 162
0 163
0 164
0 166
0 168
0 169
0 170
0 172
0 176
0 177
0 178
0 179
0 180
0 181
0 182
0 183
0 184
0 185
0 186
0 187
0 188
0 189
0 192
0 195
0 196
1 2
1 3
1 4
1 5
1 7
1 8
1 9
1 11
1 13
1 15
1 17
1 19
1 20
1 21
1 24
1 26
1 32
1 33
1 34
1 40
1 42
1 43
1 44
1 52
1 54
1 56
1 57
1 59
1 60
1 61
1 63
1 64
1 65
1 67
1 68
1 70
1 72
1 74
1 75
1 77
1 78
1 81
1 83
1 85
1 87
1 88
1 89
1 90
1 91
1 94
1 95
1 96
1 97
1 98
1 99
1 101
1 102
1 108
1 110
1 111
1 113
1 114
1 115
1 117
1 118
1 119
1 120
1 121
1 122
1 126
1 134
1 135
1 136
1 137
1 139
1 140
1 142
1 143
1 144
1 146
1 147
1 149
1 151
1 152
1 155
1 157
1 159
1 160
1 161
1 166
1 169
1 171
1 176
1 177
1 178
1 180
1 181
1 185
1 186
1 187
1 188
1 193
1 195
2 4
2 5
2 7
2 8
2 9
2 10
2 14
2 15
2 18
2 19
2 21
2 24
2 25
2 26
2 27
2 29
2 30
2 33
2 34
2 35
2 42
2 43
2 45
2 46
2 47
2 49
2 50
2 51
2 52
2 55
2 56
2 59
2 64
2 65
2 67
2 68
2 69
2 70
2 71
2 73
2 75
2 78
2 79
2 80
2 81
2 82
2 83
2 85
2 90
2 91
2 92
2 93
2 94
2 95
2 96
2 97
2 98
2 100
2 103
2 104
2 105
2 106
2 108
2 109
2 110
2 111
2 112
2 113
2 118
2 121
2 123
2 124
2 126
2 127
2 128
2 129
2 130
2 131
2 132
2 136
2 137
2 139
2 140
2 142
2 144
2 145
2 146
2 147
2 149
2 150
2 151
2 152
2 154
2 157
2 158
2 159
2 160
2 161
2 163
2 165
2 166
2 168
2 171
2 172
2 175
2 176
2 179
2 181
2 182
2 183
2 184
2 185
2 186
2 187
2 189
2 192
2 193
2 194
2 197
2 198
3 4
3 6
3 9
3 11
3 12
3 13
3 15
3 16
3 18
3 19
3 20
3 24
3 25
3 26
3 27
3 28
3 30
3 31
3 33
3 35
3 36
3 37
3 38
3 39
3 41
3 43
3 49
3 50
3 52
3 54
3 55
3 56
3 57
3 58
3 59
3 60
3 63
3 64
3 68
3 69
3 71
3 73
3 74
3 75
3 77
3 80
3 81
3 82
3 83
3 84
3 86
3 88
3 91
3 94
3 96
3 97
3 99
3 103
3 105
3 106
3 108
3 109
3 110
3 111
3 112
3 113
3 114
3 116
3 117
3 120
3 122
3 123
3 128
3 129
3 130
3 131
3 132
3 134
3 140
3 142
3 143
3 145
3 146
3 148
3 150
3 151
3 153
3 155
3 157
3 159
3 161
3 164
3 166
3 167
3 169
3 171
3 173
3 174
3 175
3 177
3 178
3 179
3 181
3 183
3 185
3 186
3 188
3 189
3 190
3 195
3 196
3 197
3 198
3 199
4 5
4 6
4 7
4 8
4 13
4 14
4 15
4 16
4 20
4 21
4 24
4 26
4 28
4 29
4 30
4 32
4 34
4 35
4 36
4 38
4 39
4 41
4 43
4 44
4 45
4 47
4 49
4 50
4 51
4 52
4 55
4 56
4 57
4 60
4 61
4 62
4 67
4 69
4 70
4 71
4 73
4 74
4 75
4 76
4 78
4 79
4 81
4 82
4 83
4 84
4 85
4 89
4 90
4 92
4 93
4 94
4 95
4 96
4 98
4 101
4 104
4 106
4 108
4 109
4 111
4 112
4 113
4 117
4 120
4 122
4 123
4 124
4 127
4 129
4 130
4 132
4 134
4 139
4 140
4 142
4 144
4 145
4 146
4 149
4 150
4 151
4 153
4 154
4 155
4 156
4 157
4 159
4 161
4 162
4 163
4 164
4 165
4 166
4 168
4 170
4 171
4 173
4 174
4 177
4 178
4 179
4 180
4 181
4 182
4 186
4 190
4 191
4 195
4 196
5 6
5 9
5 10
5 11
5 14
5 15
5 17
5 20
5 21
5 25
5 28
5 29
5 36
5 37
5 38
5 39
5 40
5 42
5 43
5 44
5 46
5 49
5 50
5 53
5 56
5 57
5 58
5 60
5 64
5 66
5 69
5 71
5 73
5 75
5 76
5 78
5 79
5 80
5 81
5 83
5 90
5 91
5 94
5 95
5 96
5 97
5 99
5 100
5 101
5 102
5 104
5 105
5 109
5 110
5 111
5 115
5 118
5 119
5 121
5 122
5 123
5 125
5 127
5 128
5 129
5 130
5 131
5 132
5 134
5 135
5 136
5 139
5 140
5 141
5 142
5 143
5 144
5 145
5 146
5 148
5 150
5 154
5 156
5 161
5 162
5 163
5 164
5 165
5 166
5 167
5 168
5 169
5 172
5 173
5 174
5 175
5 176
5 182
5 183
5 184
5 185
5 186
5 190
5 193
5 196
5 197
5 199
6 7
6 10
6 11
6 12
6 13
6 15
6 16
6 20
6 22
6 23
6 24
6 25
6 26
6 28
6 29
6 31
6 32
6 33
6 35
6 36
6 37
6 39
6 40
6 41
6 44
6 46
6 48
6 49
6 50
6 52
6 54
6 55
6 57
6 58
6 59
6 60
6 61
6 62
6 64
6 67
6 69
6 73
6 74
6 77
6 80
6 83
6 84
6 85
6 87
6 88
6 89
6 91
6 92
6 96
6 97
6 101
6 102
6 104
6 105
6 106
6 108
6 109
6 110
6 111
6 112
6 114
6 115
6 116
6 118
6 119
6 121
6 122
6 124
6 125
6 126
6 128
6 129
6 130
6 131
6 132
6 133
6 134
6 135
6 136
6 137
6 138
6 143
6 145
6 146
6 148
6 149
6 150
6 152
6 154
6 155
6 159
6 160
6 164
6 166
6 168
6 171
6 172
6 175
6 176
6 177
6 178
6 179
6 180
6 184
6 185
6 186
6 188
6 189
6 190
6 191
6 192
6 193
6 195
6 199
7 8
7 9
7 10
7 11
7 12
7 15
7 16
7 17
7 20
7 21
7 22
7 25
7 26
7 27
7 28
7 29
7 30
7 32
7 33
7 34
7 36
7 38
7 39
7 40
7 42
7 45
7 46
7 47
7 48
7 51
7 52
7 53
7 56
7 57
7 58
7 60
7 64
7 65
7 68
7 69
7 70
7 71
7 72
7 74
7 75
7 77
7 78
7 79
7 80
7 85
7 86
7 88
7 89
7 90
7 93
7 95
7 96
7 97
7 99
7 103
7 107
7 108
7 109
7 115
7 118
7 119
7 121
7 122
7 123
7 125
7 126
7 128
7 130
7 131
7 132
7 134
7 135
7 136
7 137
7 138
7 139
7 140
7 142
7 143
7 144
7 146
7 148
7 151
7 154
7 155
7 156
7 157
7 159
7 161
7 162
7 165
7 168
7 171
7 177
7 178
7 179
7 180
7 181
7 187
7 188
7 189
7 190
7 191
7 193
7 195
7 198
7 199
8 9
8 10
8 11
8 12
8 13
8 15
8 18
8 20
8 21
8 23
8 24
8 25
8 26
8 27
8 28
8 30
8 32
8 33
8 34
8 35
8 36
8 37
8 38
8 43
8 44
8 45
8 46
8 48
8 51
8 52
8 55
8 56
8 57
8 59
8 60
8 64
8 66
8 67
8 69
8 72
8 73
8 75
8 76
8 78
8 81
8 83
8 84
8 85
8 86
8 88
8 89
8 90
8 92
8 93
8 94
8 96
8 101
8 102
8 104
8 105
8 106
8 108
8 110
8 111
8 114
8 116
8 118
8 119
8 122
8 123
8 124
8 126
8 127
8 128
8 129
8 131
8 132
8 135
8 137
8 138
8 139
8 142
8 145
8 148
8 149
8 150
8 153
8 155
8 156
8 157
8 158
8 160
8 161
8 162
8 164
8 170
8 171
8 172
8 173
8 175
8 176
8 181
8 182
8 183
8 184
8 185
8 186
8 187
8 188
8 189
8 192
8 194
8 196
8 197
8 198
9 13
9 14
9 15
9 16
9 17
9 18
9 20
9 21
9 22
9 23
9 24
9 26
9 27
9 30
9 32
9 34
9 35
9 38
9 39
9 41
9 42
9 45
9 49
9 51
9 52
9 53
9 55
9 59
9 61
9 63
9 64
9 65
9 67
9 69
9 70
9 71
9 74
9 79
9 80
9 83
9 85
9 86
9 89
9 93
9 95
9 97
9 100
9 102
9 103
9 104
9 106
9 108
9 109
9 110
9 112
9 114
9 118
9 120
9 121
9 123
9 124
9 125
9 129
9 130
9 131
9 135
9 136
9 137
9 139
9 142
9 146
9 149
9 150
9 151
9 154
9 155
9 159
9 160
9 162
9 163
9 170
9 171
9 172
9 175
9 177
9 181
9 182
9 185
9 186
9 187
9 190
9 191
9 192
9 193
9 194
9 196
9 198
9 199
10 11
10 16
10 17
10 19
10 20
10 21
10 22
10 23
10 24
10 25
10 26
10 29
10 30
10 32
10 34
10 36
10 37
10 38
10 43
10 45
10 46
10 47
10 49
10 50
10 52
10 53
10 54
10 58
10 62
10 64
10 67
10 68
10 70
10 73
10 74
10 75
10 76
10 77
10 78
10 79
10 80
10 81
10 82
10 83
10 85
10 87
10 90
10 91
10 93
10 94
10 97
10 100
10 104
10 105
10 106
10 107
10 108
10 109
10 110
10 111
10 112
10 114
10 115
10 119
10 120
10 121
10 122
10 124
10 125
10 126
10 127
10 128
10 129
10 130
10 132
10 134
10 136
10 138
10 140
10 141
10 142
10 144
10 145
10 146
10 148
10 151
10 152
10 156
10 159
10 160
10 161
10 162
10 165
10 167
10 172
10 173
10 175
10 179
10 181
10 182
10 184
10 186
10 187
10 188
10 193
10 196
10 197
10 198
11 12
11 13
11 15
11 16
11 17
11 19
11 20
11 22
11 25
11 28
11 29
11 32
11 33
11 35
11 36
11 37
11 38
11 39
11 40
11 41
11 42
11 43
11 44
11 45
11 48
11 49
11 51
11 52
11 53
11 54
11 55
11 56
11 58
11 59
11 62
11 66
11 67
11 68
11 69
11 71
11 73
11 74
11 75
11 76
11 77
11 78
11 79
11 81
11 83
11 86
11 87
11 88
11 92
11 93
11 95
11 98
11 102
11 104
11 106
11 107
11 108
11 109
11 110
11 111
11 112
11 113
11 114
11 117
11 118
11 119
11 120
11 121
11 122
11 124
11 125
11 126
11 128
11 129
11 131
11 133
11 134
11 135
11 138
11 140
11 141
11 143
11 146
11 147
11 148
11 149
11 152
11 153
11 154
11 155
11 157
11 158
11 162
11 163
11 165
11 166
11 167
11 169
11 170
11 173
11 176
11 177
11 178
11 181
11 182
11 183
11 185
11 186
11 187
11 188
11 191
11 193
11 194
11 196
11 198
11 199
12 13
12 14
12 15
12 16
12 17
12 19
12 20
12 21
12 22
12 23
12 24
12 26
12 27
12 28
12 29
12 30
12 31
12 32
12 33
12 36
12 37
12 38
12 39
12 41
12 42
12 44
12 45
12 46
12 47
12 49
12 50
12 52
12 55
12 56
12 57
12 58
12 60
12 61
12 64
12 65
12 66
12 67
12 69
12 70
12 71
12 72
12 76
12 77
12 78
12 79
12 83
12 84
12 85
12 86
12 87
12 88
12 89
12 91
12 92
12 93
12 96
12 97
12 99
12 101
12 103
12 104
12 109
12 110
12 112
12 113
12 114
12 115
12 116
12 117
12 118
12 119
12 120
12 121
12 123
12 126
12 127
12 128
12 129
12 133
12 134
12 136
12 138
12 139
12 141
12 142
12 143
12 144
12 145
12 147
12 149
12 150
12 152
12 157
12 160
12 161
12 162
12 163
12 164
12 167
12 168
12 169
12 170
12 171
12 172
12 174
12 177
12 178
12 179
12 182
12 183
12 184
12 185
12 186
12 190
12 191
12 194
12 196
12 197
12 198
13 14
13 15
13 16
13 18
13 19
13 20
13 21
13 24
13 26
13 29
13 30
13 31
13 34
13 37
13 38
13 39
13 40
13 41
13 43
13 47
13 48
13 49
13 50
13 54
13 55
13 56
13 57
13 58
13 61
13 63
13 67
13 68
13 69
13 70
13 71
13 76
13 77
13 79
13 80
13 81
13 82
13 83
13 84
13 86
13 87
13 91
13 93
13 95
13 96
13 97
13 100
13 103
13 105
13 106
13 107
13 108
13 109
13 110
13 112
13 113
13 114
13 115
13 118
13 119
13 120
13 121
13 122
13 124
13 125
13 127
13 129
13 133
13 134
13 137
13 138
13 142
13 143
13 144
13 145
13 146
13 149
13 150
13 153
13 155
13 158
13 159
13 162
13 163
13 165
13 166
13 167
13 168
13 169
13 171
13 172
13 173
13 174
13 175
13 177
13 178
13 179
13 180
13 181
13 182
13 183
13 184
13 185
13 186
13 188
13 189
13 191
13 195
13 196
13 198
14 16
14 24
14 25
14 26
14 27
14 29
14 31
14 33
14 34
14 35
14 36
14 37
14 38
14 40
14 42
14 43
14 44
14 45
14 47
14 48
14 49
14 52
14 54
14 55
14 57
14 59
14 60
14 61
14 62
14 65
14 66
14 67
14 69
14 71
14 73
14 77
14 79
14 80
14 81
14 82
14 83
14 86
14 88
14 89
14 91
14 94
14 96
14 97
14 99
14 102
14 103
14 104
14 111
14 113
14 114
14 120
14 122
14 123
14 124
14 125
14 126
14 130
14 131
14 132
14 133
14 136
14 139
14 143
14 148
14 150
14 151
14 152
14 154
14 156
14 161
14 163
14 164
14 166
14 167
14 168
14 169
14 170
14 171
14 172
14 173
14 174
14 177
14 179
14 180
14 181
14 185
14 187
14 190
14 191
14 194
14 195
14 197
15 17
15 18
15 19
15 20
15 21
15 24
15 25
15 26
15 27
15 29
15 30
15 32
15 36
15 37
15 38
15 40
15 41
15 42
15 43
15 44
15 46
15 47
15 48
15 49
15 52
15 54
15 55
15 56
15 59
15 61
15 63
15 65
15 66
15 67
15 68
15 69
15 70
15 74
15 76
15 79
15 81
15 83
15 84
15 93
15 94
15 95
15 96
15 97
15 99
15 102
15 104
15 107
15 108
15 110
15 113
15 114
15 115
15 116
15 117
15 120
15 121
15 123
15 125
15 126
15 127
15 129
15 130
15 131
15 134
15 135
15 136
15 137
15 138
15 140
15 146
15 147
15 148
15 149
15 150
15 151
15 152
15 153
15 154
15 156
15 157
15 160
15 162
15 163
15 164
15 165
15 166
15 168
15 169
15 171
15 172
15 174
15 176
15 178
15 180
15 181
15 182
15 183
15 184
15 185
15 188
15 190
15 192
15 194
15 195
15 197
15 199
16 17
16 19
16 20
16 21
16 22
16 24
16 27
16 28
16 29
16 30
16 31
16 32
16 33
16 34
16 35
16 36
16 39
16 40
16 41
16 42
16 43
16 46
16 47
16 49
16 53
16 54
16 55
16 56
16 57
16 59
16 64
16 66
16 69
16 70
16 76
16 78
16 79
16 80
16 81
16 83
16 84
16 86
16 87
16 88
16 89
16 91
16 92
16 93
16 96
16 98
16 101
16 103
16 106
16 107
16 108
16 109
16 113
16 115
16 118
16 120
16 122
16 125
16 126
16 127
16 130
16 131
16 133
16 134
16 135
16 136
16 138
16 143
16 148
16 149
16 150
16 151
16 152
16 153
16 156
16 157
16 159
16 160
16 162
16 164
16 165
16 170
16 172
16 173
16 174
16 175
16 176
16 177
16 178
16 180
16 183
16 184
16 185
16 186
16 187
16 189
16 195
16 196
16 197
16 198
17 19
17 20
17 21
17 23
17 24
17 25
17 28
17 29
17 32
17 33
17 37
17 38
17 41
17 43
17 46
17 47
17 49
17 51
17 52
17 54
17 56
17 58
17 59
17 60
17 62
17 63
17 65
17 66
17 68
17 70
17 75
17 77
17 79
17 80
17 85
17 86
17 87
17 88
17 89
17 90
17 91
17 92
17 93
17 94
17 95
17 96
17 104
17 105
17 108
17 109
17 110
17 113
17 115
17 117
17 118
17 119
17 120
17 121
17 123
17 124
17 125
17 127
17 128
17 129
17 131
17 132
17 134
17 135
17 136
17 137
17 138
17 139
17 142
17 144
17 146
17 149
17 150
17 152
17 154
17 156
17 157
17 160
17 161
17 162
17 163
17 164
17 166
17 168
17 169
17 170
17 171
17 173
17 174
17 175
17 176
17 177
17 180
17 181
17 182
17 183
17 184
17 185
17 186
17 189
17 190
17 193
17 194
17 195
17 196
17 197
17 199
18 19
18 20
18 21
18 26
18 27
18 28
18 29
18 30
18 32
18 33
18 34
18 35
18 36
18 37
18 39
18 40
18 41
18 42
18 43
18 45
18 46
18 47
18 48
18 49
18 50
18 51
18 52
18 53
18 55
18 56
18 59
18 60
18 61
18 62
18 64
18 65
18 66
18 68
18 70
18 71
18 74
18 75
18 76
18 78
18 79
18 81
18 84
18 89
18 90
18 91
18 93
18 94
18 95
18 97
18 99
18 100
18 101
18 102
18 103
18 106
18 107
18 108
18 111
18 114
18 115
18 116
18 118
18 119
18 121
18 122
18 123
18 124
18 125
18 128
18 132
18 134
18 138
18 139
18 141
18 142
18 143
18 146
18 149
18 150
18 151
18 152
18 153
18 154
18 155
18 156
18 158
18 159
18 160
18 162
18 163
18 166
18 167
18 168
18 170
18 172
18 175
18 180
18 183
18 184
18 186
18 187
18 188
18 196
18 197
18 199
19 20
19 21
19 22
19 23
19 24
19 25
19 26
19 27
19 31
19 33
19 34
19 35
19 37
19 38
19 41
19 43
19 44
19 45
19 49
19 51
19 52
19 55
19 56
19 59
19 61
19 62
19 63
19 64
19 66
19 67
19 68
19 69
19 70
19 71
19 72
19 75
19 76
19 77
19 78
19 80
19 83
19 84
19 86
19 87
19 88
19 90
19 91
19 93
19 97
19 99
19 101
19 102
19 103
19 104
19 106
19 107
19 108
19 109
19 110
19 111
19 112
19 118
19 119
19 123
19 128
19 129
19 131
19 132
19 133
19 134
19 135
19 136
19 138
19 139
19 140
19 142
19 144
19 145
19 146
19 147
19 151
19 154
19 156
19 159
19 161
19 163
19 170
19 172
19 174
19 177
19 179
19 182
19 184
19 188
19 189
19 193
19 194
19 197
19 198
19 199
20 24
20 25
20 27
20 28
20 31
20 32
20 33
20 35
20 36
20 40
20 42
20 44
20 47
20 48
20 52
20 53
20 54
20 60
20 61
20 62
20 64
20 66
20 67
20 68
20 72
20 73
20 74
20 75
20 79
20 81
20 85
20 86
20 87
20 89
20 91
20 93
20 95
20 96
20 99
20 100
20 101
20 102
20 103
20 105
20 107
20 109
20 110
20 111
20 112
20 114
20 115
20 116
20 118
20 119
20 120
20 121
20 122
20 123
20 124
20 125
20 126
20 127
20 129
20 130
20 131
20 132
20 134
20 135
20 136
20 137
20 138
20 139
20 140
20 141
20 142
20 143
20 145
20 148
20 152
20 153
20 155
20 158
20 159
20 163
20 164
20 165
20 166
20 170
20 173
20 176
20 177
20 178
20 181
20 182
20 183
20 184
20 187
20 189
20 190
20 193
20 196
20 197
20 199
21 24
21 25
21 26
21 29
21 32
21 34
21 35
21 36
21 37
21 40
21 41
21 42
21 43
21 44
21 45
21 46
21 47
21 48
21 49
21 51
21 52
21 54
21 56
21 57
21 59
21 62
21 63
21 65
21 66
21 67
21 71
21 72
21 76
21 79
21 80
21 81
21 82
21 83
21 84
21 85
21 87
21 88
21 89
21 95
21 96
21 98
21 99
21 102
21 104
21 105
21 106
21 107
21 108
21 109
21 113
21 114
21 115
21 117
21 120
21 121
21 122
21 127
21 129
21 130
21 131
21 135
21 136
21 138
21 139
21 141
21 144
21 146
21 147
21 149
21 150
21 152
21 154
21 156
21 157
21 158
21 159
21 160
21 161
21 162
21 163
21 168
21 169
21 170
21 172
21 173
21 174
21 175
21 176
21 178
21 179
21 180
21 181
21 182
21 183
21 184
21 186
21 187
21 188
21 189
21 190
21 191
21 192
21 193
21 194
21 195
21 196
21 197
21 198
21 199
22 24
22 28
22 29
22 31
22 32
22 33
22 36
22 37
22 38
22 41
22 42
22 44
22 47
22 50
22 53
22 54
22 56
22 57
22 58
22 64
22 66
22 72
22 74
22 75
22 76
22 77
22 79
22 80
22 81
22 83
22 84
22 85
22 86
22 92
22 96
22 98
22 99
22 100
22 101
22 102
22 105
22 106
22 107
22 108
22 109
22 110
22 111
22 113
22 114
22 115
22 116
22 117
22 119
22 120
22 121
22 123
22 125
22 126
22 127
22 128
22 134
22 135
22 136
22 137
22 138
22 140
22 141
22 142
22 145
22 146
22 147
22 149
22 150
22 151
22 154
22 156
22 160
22 165
22 167
22 168
22 169
22 171
22 173
22 174
22 178
22 180
22 181
22 183
22 186
22 188
22 189
22 190
22 191
22 193
22 194
22 196
22 197
23 25
23 28
23 29
23 31
23 34
23 35
23 38
23 40
23 42
23 43
23 44
23 45
23 46
23 47
23 50
23 51
23 52
23 57
23 58
23 62
23 65
23 69
23 71
23 72
23 73
23 76
23 78
23 79
23 80
23 81
23 82
23 83
23 84
23 86
23 92
23 93
23 94
23 96
23 97
23 100
23 101
23 102
23 103
23 105
23 106
23 108
23 109
23 110
23 111
23 112
23 115
23 116
23 118
23 120
23 123
23 126
23 128
23 129
23 130
23 132
23 133
23 136
23 137
23 138
23 140
23 141
23 142
23 143
23 144
23 146
23 148
23 149
23 151
23 152
23 153
23 155
23 156
23 157
23 158
23 159
23 160
23 162
23 163
23 165
23 167
23 168
23 169
23 170
23 172
23 173
23 176
23 177
23 178
23 179
23 180
23 181
23 183
23 184
23 187
23 190
23 191
23 194
23 195
23 196
23 197
23 198
24 25
24 26
24 28
24 29
24 30
24 31
24 32
24 34
24 35
24 36
24 37
24 40
24 41
24 42
24 43
24 44
24 45
24 46
24 49
24 50
24 52
24 54
24 55
24 58
24 59
24 60
24 61
24 62
24 64
24 66
24 68
24 69
24 72
24 73
24 77
24 82
24 83
24 84
24 86
24 88
24 90
24 92
24 93
24 95
24 96
24 97
24 98
24 99
24 102
24 103
24 105
24 106
24 108
24 109
24 114
24 115
24 119
24 121
24 123
24 124
24 129
24 130
24 131
24 132
24 133
24 134
24 140
24 142
24 143
24 144
24 145
24 147
24 149
24 150
24 151
24 152
24 153
24 154
24 157
24 159
24 160
24 161
24 163
24 166
24 167
24 168
24 170
24 175
24 178
24 182
24 184
24 185
24 187
24 189
24 190
24 191
24 192
24 193
24 197
24 199
25 26
25 27
25 29
25 30
25 32
25 33
25 34
25 35
25 36
25 39
25 47
25 48
25 49
25 50
25 52
25 53
25 54
25 56
25 58
25 59
25 60
25 61
25 62
25 69
25 72
25 73
25 74
25 76
25 77
25 78
25 79
25 80
25 81
25 82
25 84
25 86
25 87
25 89
25 92
25 93
25 94
25 97
25 100
25 102
25 103
25 105
25 107
25 108
25 109
25 111
25 112
25 113
25 115
25 116
25 118
25 121
25 122
25 124
25 125
25 126
25 127
25 128
25 129
25 130
25 132
25 133
25 134
25 136
25 137
25 138
25 140
25 141
25 143
25 144
25 147
25 148
25 149
25 150
25 151
25 154
25 155
25 156
25 157
25 159
25 160
25 161
25 162
25 163
25 164
25 165
25 166
25 167
25 170
25 172
25 173
25 175
25 177
25 178
25 179
25 180
25 181
25 182
25 186
25 188
25 189
25 191
25 192
25 193
25 194
25 195
25 196
25 197
25 198
25 199
26 27
26 28
26 31
26 33
26 35
26 36
26 37
26 41
26 42
26 43
26 45
26 46
26 47
26 50
26 53
26 54
26 57
26 58
26 59
26 62
26 63
26 65
26 68
26 70
26 72
26 74
26 75
26 76
26 77
26 78
26 79
26 82
26 83
26 84
26 85
26 87
26 88
26 90
26 91
26 92
26 93
26 95
26 97
26 98
26 101
26 102
26 104
26 105
26 107
26 108
26 109
26 110
26 112
26 115
26 116
26 117
26 118
26 119
26 120
26 121
26 122
26 123
26 125
26 126
26 128
26 131
26 132
26 133
26 135
26 136
26 138
26 140
26 142
26 144
26 145
26 147
26 148
26 153
26 154
26 155
26 157
26 158
26 159
26 161
26 162
26 166
26 170
26 171
26 172
26 173
26 176
26 178
26 184
26 186
26 187
26 188
26 189
26 193
26 194
26 195
26 197
26 199
27 28
27 29
27 30
27 32
27 33
27 34
27 35
27 37
27 39
27 40
27 41
27 43
27 44
27 46
27 47
27 48
27 49
27 50
27 55
27 57
27 61
27 62
27 63
27 65
27 66
27 67
27 68
27 69
27 70
27 71
27 72
27 73
27 74
27 75
27 76
27 78
27 81
27 82
27 84
27 89
27 90
27 93
27 97
27 98
27 99
27 100
27 101
27 104
27 105
27 109
27 110
27 111
27 112
27 113
27 116
27 117
27 119
27 120
27 122
27 124
27 126
27 127
27 129
27 130
27 131
27 132
27 133
27 137
27 138
27 139
27 140
27 141
27 142
27 144
27 146
27 148
27 150
27 151
27 153
27 155
27 156
27 158
27 159
27 160
27 164
27 165
27 166
27 167
27 168
27 171
27 173
27 174
27 175
27 177
27 179
27 180
27 181
27 184
27 186
27 188
27 189
27 191
27 192
27 193
27 195
27 197
28 29
28 34
28 35
28 36
28 37
28 39
28 40
28 42
28 44
28 45
28 46
28 48
28 49
28 50
28 51
28 52
28 53
28 55
28 56
28 58
28 59
28 60
28 61
28 65
28 67
28 71
28 72
28 74
28 76
28 77
28 79
28 85
28 86
28 91
28 93
28 94
28 95
28 97
28 101
28 102
28 103
28 106
28 107
28 108
28 109
28 110
28 112
28 113
28 115
28 117
28 119
28 122
28 123
28 125
28 127
28 129
28 130
28 132
28 134
28 137
28 139
28 140
28 141
28 146
28 147
28 149
28 152
28 153
28 158
28 162
28 164
28 165
28 166
28 167
28 168
28 169
28 172
28 173
28 174
28 175
28 176
28 178
28 179
28 180
28 184
28 185
28 186
28 187
28 188
28 189
28 190
28 191
28 192
28 194
28 195
28 196
29 31
29 32
29 34
29 38
29 39
29 40
29 43
29 46
29 48
29 49
29 53
29 54
29 55
29 56
29 57
29 58
29 60
29 63
29 65
29 67
29 69
29 70
29 71
29 72
29 74
29 75
29 76
29 77
29 78
29 80
29 82
29 84
29 85
29 86
29 87
29 88
29 90
29 91
29 93
29 94
29 95
29 96
29 97
29 99
29 102
29 103
29 104
29 106
29 107
29 108
29 109
29 112
29 113
29 114
29 115
29 117
29 118
29 119
29 121
29 122
29 123
29 125
29 127
29 130
29 131
29 132
29 134
29 136
29 138
29 139
29 140
29 142
29 143
29 145
29 146
29 150
29 151
29 153
29 156
29 157
29 159
29 162
29 163
29 164
29 168
29 169
29 171
29 173
29 174
29 176
29 177
29 179
29 180
29 182
29 184
29 186
29 187
29 188
29 189
29 190
29 194
29 196
29 197
29 198
29 199
30 31
30 33
30 34
30 37
30 38
30 40
30 41
30 43
30 45
30 46
30 47
30 48
30 50
30 51
30 52
30 53
30 56
30 57
30 58
30 59
30 61
30 62
30 63
30 66
30 67
30 70
30 71
30 72
30 74
30 76
30 77
30 78
30 80
30 81
30 85
30 86
30 87
30 88
30 89
30 90
30 91
30 92
30 93
30 97
30 98
30 99
30 100
30 103
30 106
30 107
30 108
30 109
30 110
30 112
30 113
30 115
30 116
30 117
30 118
30 121
30 122
30 123
30 124
30 125
30 126
30 127
30 129
30 131
30 133
30 134
30 135
30 140
30 142
30 143
30 144
30 145
30 147
30 150
30 151
30 152
30 153
30 155
30 157
30 158
30 160
30 162
30 163
30 164
30 166
30 168
30 171
30 172
30 174
30 176
30 179
30 182
30 183
30 186
30 187
30 188
30 189
30 190
30 195
30 196
30 198
30 199
31 32
31 33
31 34
31 36
31 37
31 40
31 42
31 43
31 45
31 47
31 48
31 49
31 50
31 52
31 54
31 55
31 56
31 59
31 61
31 63
31 65
31 66
31 68
31 71
31 73
31 77
31 80
31 81
31 82
31 84
31 85
31 87
31 88
31 89
31 91
31 92
31 94
31 96
31 97
31 100
31 102
31 103
31 104
31 105
31 108
31 109
31 110
31 111
31 113
31 114
31 115
31 117
31 118
31 119
31 123
31 124
31 125
31 126
31 127
31 128
31 130
31 131
31 133
31 138
31 139
31 142
31 143
31 144
31 148
31 149
31 150
31 151
31 152
31 156
31 157
31 159
31 160
31 161
31 162
31 163
31 165
31 167
31 169
31 171
31 173
31 176
31 177
31 178
31 179
31 180
31 182
31 185
31 187
31 193
31 194
31 199
32 33
32 34
32 35
32 36
32 38
32 40
32 41
32 42
32 43
32 44
32 45
32 47
32 48
32 50
32 54
32 55
32 57
32 58
32 59
32 61
32 64
32 66
32 68
32 69
32 71
32 73
32 75
32 78
32 79
32 80
32 82
32 83
32 85
32 86
32 88
32 91
32 92
32 93
32 94
32 96
32 98
32 99
32 100
32 101
32 102
32 104
32 106
32 108
32 109
32 110
32 111
32 116
32 117
32 119
32 121
32 123
32 124
32 125
32 129
32 132
32 133
32 134
32 135
32 136
32 138
32 139
32 140
32 143
32 145
32 149
32 150
32 151
32 155
32 156
32 158
32 160
32 161
32 162
32 163
32 164
32 165
32 166
32 167
32 168
32 169
32 172
32 173
32 174
32 175
32 178
32 179
32 180
32 181
32 182
32 183
32 185
32 186
32 187
32 188
32 191
32 192
32 193
32 195
32 199
33 35
33 36
33 37
33 41
33 42
33 44
33 45
33 46
33 47
33 49
33 52
33 53
33 54
33 56
33 57
33 59
33 61
33 63
33 65
33 67
33 69
33 70
33 72
33 73
33 74
33 77
33 79
33 82
33 83
33 84
33 85
33 86
33 87
33 89
33 90
33 92
33 93
33 95
33 96
33 97
33 100
33 101
33 102
33 103
33 104
33 108
33 109
33 110
33 112
33 113
33 114
33 116
33 117
33 119
33 120
33 121
33 124
33 126
33 128
33 129
33 131
33 132
33 134
33 135
33 138
33 139
33 140
33 141
33 142
33 143
33 144
33 146
33 147
33 151
33 152
33 154
33 155
33 157
33 158
33 159
33 162
33 163
33 164
33 165
33 167
33 168
33 169
33 171
33 172
33 175
33 176
33 178
33 179
33 182
33 183
33 184
33 185
33 187
33 189
33 190
33 191
33 193
33 195
33 196
33 197
33 199
34 36
34 37
34 38
34 39
34 40
34 42
34 43
34 49
34 50
34 53
34 54
34 57
34 59
34 61
34 63
34 64
34 66
34 68
34 70
34 71
34 73
34 74
34 75
34 76
34 78
34 79
34 80
34 82
34 83
34 84
34 85
34 86
34 88
34 89
34 92
34 93
34 94
34 96
34 97
34 98
34 101
34 103
34 104
34 105
34 106
34 107
34 108
34 110
34 111
34 112
34 113
34 114
34 116
34 117
34 118
34 121
34 124
34 128
34 129
34 130
34 131
34 133
34 136
34 137
34 138
34 139
34 140
34 142
34 143
34 144
34 145
34 146
34 149
34 150
34 151
34 152
34 153
34 156
34 157
34 158
34 159
34 164
34 166
34 170
34 171
34 172
34 173
34 174
34 175
34 177
34 178
34 179
34 181
34 183
34 184
34 185
34 187
34 188
34 189
34 190
34 191
34 192
34 193
34 197
34 198
35 36
35 40
35 42
35 43
35 45
35 47
35 52
35 54
35 56
35 57
35 58
35 62
35 63
35 65
35 67
35 69
35 70
35 71
35 75
35 76
35 78
35 80
35 81
35 82
35 83
35 84
35 85
35 86
35 87
35 89
35 91
35 93
35 94
35 96
35 97
35 101
35 102
35 104
35 105
35 107
35 117
35 119
35 120
35 121
35 124
35 125
35 126
35 128
35 132
35 133
35 134
35 136
35 137
35 138
35 139
35 141
35 143
35 145
35 146
35 147
35 149
35 154
35 155
35 156
35 158
35 161
35 162
35 163
35 165
35 166
35 167
35 170
35 171
35 172
35 174
35 175
35 177
35 178
35 180
35 181
35 182
35 183
35 184
35 185
35 187
35 191
35 192
35 193
35 194
35 195
35 197
35 198
35 199
36 38
36 39
36 40
36 41
36 43
36 45
36 46
36 47
36 48
36 51
36 52
36 53
36 54
36 57
36 59
36 61
36 63
36 64
36 65
36 67
36 72
36 73
36 74
36 77
36 79
36 80
36 81
36 84
36 85
36 86
36 88
36 89
36 90
36 91
36 93
36 96
36 99
36 101
36 102
36 103
36 106
36 108
36 109
36 110
36 111
36 112
36 114
36 115
36 116
36 117
36 118
36 119
36 120
36 123
36 125
36 126
36 131
36 132
36 133
36 137
36 138
36 149
36 150
36 151
36 155
36 157
36 158
36 159
36 161
36 162
36 163
36 170
36 171
36 174
36 175
36 176
36 178
36 179
36 180
36 181
36 184
36 187
36 188
36 191
36 194
36 195
36 197
36 198
36 199
37 38
37 41
37 42
37 46
37 47
37 48
37 49
37 50
37 51
37 52
37 53
37 59
37 60
37 61
37 62
37 64
37 65
37 66
37 67
37 73
37 74
37 76
37 77
37 79
37 82
37 84
37 85
37 87
37 88
37 90
37 93
37 95
37 96
37 97
37 99
37 101
37 103
37 104
37 106
37 107
37 112
37 113
37 117
37 118
37 120
37 123
37 125
37 126
37 127
37 128
37 130
37 131
37 132
37 135
37 137
37 142
37 143
37 144
37 147
37 148
37 152
37 154
37 155
37 156
37 157
37 158
37 159
37 162
37 164
37 165
37 166
37 167
37 170
37 172
37 173
37 175
37 176
37 177
37 179
37 180
37 181
37 183
37 185
37 187
37 188
37 189
37 192
37 193
37 195
37 196
37 197
38 39
38 40
38 41
38 42
38 45
38 47
38 48
38 49
38 51
38 53
38 54
38 55
38 56
38 58
38 59
38 63
38 64
38 67
38 68
38 69
38 70
38 71
38 72
38 75
38 76
38 78
38 79
38 80
38 81
38 82
38 83
38 85
38 86
38 88
38 89
38 91
38 92
38 94
38 95
38 98
38 101
38 102
38 103
38 104
38 105
38 108
38 109
38 111
38 112
38 113
38 114
38 115
38 116
38 117
38 120
38 121
38 122
38 126
38 127
38 128
38 130
38 132
38 133
38 137
38 138
38 139
38 140
38 141
38 142
38 143
38 144
38 145
38 146
38 147
38 148
38 149
38 152
38 153
38 155
38 157
38 159
38 164
38 169
38 170
38 172
38 173
38 174
38 175
38 177
38 178
38 179
38 181
38 184
38 186
38 190
38 192
38 194
38 196
38 198
38 199
39 40
39 41
39 44
39 45
39 46
39 49
39 51
39 52
39 53
39 54
39 55
39 56
39 57
39 59
39 60
39 61
39 62
39 63
39 64
39 65
39 67
39 68
39 72
39 73
39 74
39 75
39 76
39 77
39 78
39 80
39 81
39 82
39 85
39 86
39 88
39 89
39 90
39 92
39 94
39 99
39 102
39 103
39 105
39 106
39 108
39 110
39 111
39 113
39 114
39 115
39 116
39 117
39 119
39 122
39 123
39 124
39 125
39 129
39 130
39 131
39 132
39 134
39 135
39 136
39 137
39 138
39 139
39 140
39 145
39 146
39 152
39 154
39 156
39 158
39 159
39 160
39 161
39 162
39 166
39 168
39 169
39 170
39 172
39 173
39 174
39 176
39 178
39 180
39 181
39 182
39 183
39 186
39 187
39 188
39 189
39 190
39 191
39 193
39 194
39 195
39 196
39 197
39 199
40 42
40 43
40 44
40 46
40 50
40 51
40 52
40 53
40 54
40 56
40 57
40 60
40 61
40 63
40 64
40 65
40 66
40 68
40 69
40 70
40 71
40 72
40 76
40 77
40 78
40 79
40 80
40 81
40 82
40 83
40 84
40 85
40 86
40 87
40 89
40 92
40 93
40 95
40 98
40 101
40 102
40 103
40 105
40 106
40 107
40 108
40 111
40 114
40 116
40 117
40 118
40 119
40 120
40 121
40 124
40 125
40 127
40 128
40 129
40 130
40 132
40 133
40 134
40 137
40 138
40 139
40 140
40 142
40 143
40 151
40 153
40 156
40 157
40 158
40 161
40 162
40 163
40 165
40 168
40 170
40 175
40 176
40 177
40 178
40 179
40 181
40 182
40 187
40 188
40 192
40 196
40 198
40 199
41 42
41 44
41 45
41 46
41 50
41 51
41 52
41 53
41 54
41 55
41 56
41 57
41 61
41 62
41 65
41 66
41 70
41 71
41 72
41 75
41 76
41 80
41 82
41 85
41 86
41 87
41 88
41 89
41 90
41 92
41 93
41 94
41 95
41 96
41 97
41 103
41 104
41 105
41 106
41 107
41 108
41 109
41 111
41 115
41 118
41 119
41 120
41 122
41 123
41 124
41 125
41 126
41 128
41 129
41 130
41 131
41 132
41 133
41 134
41 135
41 136
41 138
41 139
41 140
41 142
41 143
41 145
41 146
41 147
41 148
41 150
41 151
41 152
41 153
41 157
41 166
41 169
41 170
41 171
41 173
41 175
41 179
41 180
41 181
41 183
41 184
41 186
41 187
41 188
41 189
41 191
41 192
41 193
41 194
41 195
41 196
41 197
42 43
42 44
42 46
42 50
42 52
42 53
42 54
42 55
42 58
42 59
42 60
42 61
42 62
42 65
42 68
42 72
42 74
42 75
42 76
42 77
42 78
42 79
42 80
42 82
42 83
42 84
42 86
42 88
42 93
42 96
42 98
42 99
42 100
42 103
42 105
42 109
42 110
42 113
42 117
42 118
42 119
42 121
42 122
42 123
42 124
42 125
42 126
42 127
42 128
42 129
42 130
42 131
42 133
42 134
42 135
42 136
42 137
42 138
42 139
42 143
42 144
42 146
42 147
42 152
42 153
42 154
42 155
42 156
42 157
42 159
42 161
42 163
42 164
42 165
42 168
42 170
42 171
42 173
42 174
42 175
42 176
42 178
42 182
42 184
42 185
42 186
42 188
42 189
42 191
42 192
42 194
42 195
42 197
42 198
43 44
43 48
43 50
43 53
43 54
43 55
43 62
43 63
43 65
43 67
43 68
43 71
43 72
43 73
43 74
43 75
43 79
43 80
43 81
43 82
43 83
43 84
43 86
43 87
43 89
43 95
43 97
43 98
43 99
43 100
43 101
43 103
43 104
43 106
43 107
43 108
43 109
43 110
43 114
43 115
43 116
43 117
43 118
43 120
43 121
43 122
43 123
43 125
43 126
43 129
43 132
43 135
43 136
43 142
43 143
43 144
43 146
43 148
43 152
43 154
43 155
43 158
43 159
43 160
43 165
43 166
43 170
43 171
43 173
43 174
43 178
43 179
43 180
43 181
43 182
43 184
43 186
43 187
43 188
43 190
43 192
43 194
43 197
43 198
43 199
44 45
44 46
44 47
44 48
44 49
44 50
44 51
44 52
44 53
44 54
44 56
44 57
44 58
44 60
44 61
44 62
44 63
44 64
44 67
44 68
44 70
44 72
44 74
44 75
44 76
44 77
44 78
44 80
44 81
44 82
44 84
44 85
44 88
44 89
44 90
44 92
44 94
44 95
44 96
44 97
44 98
44 101
44 102
44 103
44 104
44 105
44 107
44 108
44 109
44 111
44 113
44 114
44 118
44 119
44 120
44 122
44 123
44 125
44 127
44 129
44 130
44 131
44 133
44 134
44 137
44 138
44 139
44 140
44 141
44 143
44 144
44 145
44 146
44 147
44 149
44 152
44 154
44 155
44 157
44 158
44 163
44 165
44 166
44 169
44 173
44 174
44 177
44 178
44 179
44 180
44 181
44 182
44 183
44 187
44 188
44 192
44 196
44 198
44 199
45 47
45 49
45 50
45 52
45 55
45 56
45 57
45 58
45 60
45 61
45 63
45 64
45 66
45 68
45 69
45 70
45 71
45 73
45 75
45 76
45 77
45 78
45 80
45 81
45 82
45 84
45 85
45 86
45 87
45 88
45 89
45 90
45 91
45 94
45 95
45 96
45 97
45 101
45 103
45 104
45 106
45 107
45 109
45 111
45 114
45 115
45 116
45 118
45 124
45 126
45 127
45 128
45 129
45 131
45 133
45 135
45 136
45 137
45 138
45 141
45 142
45 143
45 144
45 145
45 146
45 147
45 148
45 150
45 152
45 155
45 156
45 157
45 161
45 162
45 164
45 166
45 167
45 169
45 172
45 175
45 177
45 178
45 180
45 181
45 184
45 186
45 188
45 191
45 194
45 195
45 197
45 199
46 47
46 49
46 53
46 56
46 58
46 59
46 60
46 62
46 63
46 64
46 65
46 66
46 67
46 70
46 71
46 72
46 74
46 75
46 76
46 78
46 79
46 80
46 81
46 82
46 83
46 84
46 85
46 86
46 88
46 89
46 90
46 91
46 93
46 94
46 95
46 98
46 99
46 103
46 104
46 105
46 107
46 108
46 111
46 112
46 116
46 117
46 118
46 119
46 120
46 121
46 122
46 123
46 124
46 125
46 127
46 129
46 133
46 134
46 135
46 138
46 139
46 140
46 141
46 142
46 143
46 144
46 147
46 148
46 149
46 150
46 154
46 157
46 158
46 160
46 161
46 162
46 163
46 164
46 165
46 166
46 168
46 169
46 170
46 174
46 177
46 178
46 179
46 182
46 183
46 184
46 186
46 188
46 190
46 193
46 194
46 196
46 197
46 199
47 48
47 50
47 52
47 54
47 56
47 57
47 58
47 59
47 60
47 62
47 64
47 65
47 67
47 69
47 71
47 73
47 74
47 78
47 79
47 81
47 83
47 84
47 86
47 92
47 93
47 96
47 98
47 99
47 100
47 102
47 103
47 104
47 105
47 106
47 107
47 112
47 114
47 115
47 117
47 118
47 121
47 123
47 124
47 125
47 127
47 129
47 130
47 132
47 133
47 134
47 136
47 138
47 140
47 142
47 143
47 145
47 147
47 148
47 149
47 150
47 153
47 155
47 157
47 158
47 159
47 160
47 162
47 163
47 165
47 166
47 168
47 169
47 170
47 171
47 173
47 176
47 177
47 178
47 185
47 186
47 188
47 190
47 191
47 192
47 194
47 196
47 198
47 199
48 50
48 53
48 59
48 60
48 63
48 64
48 65
48 68
48 72
48 73
48 76
48 77
48 78
48 80
48 81
48 83
48 85
48 87
48 88
48 89
48 93
48 94
48 100
48 105
48 107
48 111
48 112
48 114
48 115
48 117
48 118
48 119
48 121
48 122
48 124
48 125
48 126
48 128
48 129
48 132
48 133
48 134
48 137
48 139
48 140
48 141
48 142
48 144
48 146
48 150
48 151
48 153
48 156
48 159
48 160
48 161
48 162
48 163
48 164
48 165
48 166
48 167
48 174
48 175
48 176
48 177
48 178
48 181
48 183
48 186
48 187
48 189
48 191
48 192
48 194
48 196
48 197
48 198
48 199
49 50
49 52
49 57
49 58
49 60
49 61
49 62
49 64
49 65
49 66
49 68
49 69
49 70
49 71
49 72
49 76
49 77
49 78
49 79
49 80
49 82
49 83
49 84
49 87
49 90
49 92
49 93
49 99
49 100
49 102
49 103
49 105
49 106
49 107
49 109
49 110
49 111
49 114
49 115
49 116
49 117
49 122
49 123
49 125
49 127
49 130
49 132
49 133
49 134
49 135
49 136
49 137
49 138
49 139
49 140
49 141
49 142
49 143
49 144
49 145
49 147
49 148
49 151
49 152
49 153
49 155
49 158
49 159
49 160
49 161
49 162
49 163
49 164
49 165
49 166
49 171
49 173
49 174
49 175
49 176
49 179
49 181
49 184
49 187
49 189
49 190
49 191
49 193
49 194
49 195
49 196
49 199
50 52
50 53
50 54
50 58
50 60
50 62
50 63
50 65
50 69
50 70
50 71
50 73
50 74
50 79
50 80
50 82
50 83
50 84
50 85
50 86
50 89
50 90
50 91
50 93
50 94
50 95
50 96
50 97
50 100
50 103
50 107
50 108
50 109
50 112
50 114
50 116
50 119
50 121
50 122
50 123
50 124
50 125
50 127
50 128
50 129
50 130
50 131
50 132
50 133
50 135
50 136
50 137
50 138
50 139
50 140
50 141
50 144
50 146
50 148
50 149
50 150
50 151
50 153
50 154
50 155
50 156
50 158
50 159
50 161
50 162
50 163
50 164
50 166
50 167
50 168
50 169
50 172
50 173
50 174
50 175
50 176
50 177
50 179
50 180
50 181
50 183
50 184
50 185
50 189
50 190
50 191
50 192
50 193
50 194
50 195
50 196
50 198
51 52
51 53
51 59
51 65
51 66
51 67
51 68
51 69
51 70
51 71
51 72
51 73
51 74
51 76
51 77
51 78
51 79
51 82
51 86
51 87
51 88
51 90
51 91
51 92
51 93
51 94
51 95
51 96
51 98
51 99
51 100
51 101
51 102
51 104
51 105
51 106
51 107
51 109
51 110
51 114
51 115
51 116
51 119
51 123
51 127
51 128
51 129
51 133
51 138
51 139
51 140
51 141
51 142
51 144
51 145
51 146
51 147
51 149
51 150
51 151
51 153
51 154
51 155
51 156
51 157
51 158
51 160
51 161
51 162
51 163
51 164
51 165
51 166
51 168
51 169
51 172
51 173
51 174
51 175
51 176
51 178
51 179
51 180
51 182
51 183
51 184
51 185
51 188
51 190
51 193
51 196
51 197
51 199
52 53
52 54
52 56
52 57
52 59
52 60
52 61
52 63
52 68
52 70
52 72
52 73
52 75
52 81
52 82
52 84
52 85
52 86
52 87
52 88
52 89
52 90
52 92
52 93
52 94
52 97
52 99
52 100
52 101
52 103
52 106
52 107
52 110
52 112
52 113
52 118
52 124
52 126
52 128
52 131
52 134
52 138
52 140
52 144
52 145
52 146
52 147
52 150
52 151
52 153
52 154
52 155
52 156
52 157
52 158
52 159
52 160
52 161
52 163
52 164
52 170
52 171
52 172
52 177
52 178
52 180
52 181
52 183
52 184
52 185
52 186
52 187
52 188
52 192
52 193
52 195
52 196
52 197
52 198
52 199
53 54
53 57
53 59
53 60
53 61
53 63
53 65
53 66
53 67
53 68
53 69
53 70
53 71
53 74
53 75
53 76
53 77
53 81
53 82
53 83
53 84
53 88
53 89
53 91
53 93
53 95
53 96
53 98
53 99
53 100
53 104
53 107
53 108
53 109
53 112
53 113
53 114
53 121
53 124
53 125
53 126
53 129
53 130
53 133
53 135
53 139
53 140
53 141
53 142
53 144
53 145
53 146
53 147
53 148
53 150
53 151
53 153
53 154
53 157
53 158
53 160
53 161
53 162
53 163
53 166
53 170
53 172
53 175
53 180
53 181
53 182
53 183
53 186
53 187
53 189
53 190
53 191
53 192
53 195
53 197
53 198
53 199
54 55
54 57
54 59
54 60
54 62
54 65
54 66
54 67
54 68
54 69
54 70
54 72
54 73
54 74
54 75
54 76
54 78
54 79
54 80
54 81
54 82
54 83
54 85
54 86
54 87
54 88
54 89
54 90
54 91
54 92
54 94
54 96
54 97
54 98
54 99
54 100
54 102
54 103
54 104
54 105
54 106
54 107
54 108
54 109
54 110
54 113
54 114
54 115
54 117
54 118
54 120
54 121
54 123
54 124
54 127
54 128
54 129
54 131
54 132
54 133
54 135
54 138
54 139
54 141
54 143
54 145
54 146
54 147
54 148
54 150
54 151
54 153
54 156
54 157
54 159
54 160
54 161
54 162
54 163
54 166
54 167
54 169
54 170
54 172
54 175
54 176
54 178
54 179
54 181
54 182
54 184
54 186
54 189
54 199
55 56
55 58
55 59
55 60
55 64
55 65
55 66
55 67
55 68
55 69
55 73
55 75
55 78
55 80
55 81
55 82
55 83
55 84
55 86
55 87
55 90
55 91
55 92
55 93
55 94
55 95
55 96
55 98
55 99
55 101
55 104
55 105
55 109
55 113
55 115
55 117
55 118
55 119
55 120
55 123
55 126
55 127
55 128
55 129
55 130
55 132
55 133
55 134
55 143
55 144
55 146
55 148
55 149
55 150
55 151
55 152
55 154
55 157
55 158
55 159
55 161
55 162
55 163
55 164
55 166
55 168
55 169
55 173
55 176
55 179
55 181
55 182
55 183
55 185
55 186
55 187
55 188
55 189
55 190
55 191
55 193
55 195
55 196
56 58
56 59
56 62
56 65
56 67
56 68
56 71
56 73
56 75
56 78
56 79
56 80
56 82
56 85
56 86
56 87
56 88
56 89
56 91
56 92
56 93
56 98
56 99
56 103
56 104
56 105
56 107
56 108
56 111
56 114
56 115
56 117
56 118
56 120
56 121
56 122
56 123
56 124
56 125
56 126
56 128
56 130
56 131
56 132
56 133
56 137
56 139
56 143
56 144
56 149
56 150
56 151
56 153
56 154
56 155
56 159
56 160
56 161
56 163
56 165
56 166
56 168
56 169
56 170
56 172
56 175
56 176
56 177
56 178
56 179
56 180
56 181
56 182
56 183
56 184
56 185
56 186
56 188
56 190
56 191
56 194
56 195
56 197
56 198
56 199
57 58
57 59
57 62
57 63
57 64
57 65
57 66
57 67
57 68
57 70
57 72
57 73
57 74
57 75
57 77
57 80
57 82
57 83
57 84
57 85
57 86
57 87
57 88
57 90
57 91
57 92
57 94
57 95
57 96
57 97
57 102
57 105
57 106
57 108
57 109
57 110
57 111
57 114
57 115
57 116
57 118
57 119
57 120
57 121
57 122
57 123
57 125
57 127
57 128
57 130
57 133
57 138
57 139
57 142
57 143
57 144
57 145
57 147
57 149
57 150
57 152
57 155
57 157
57 159
57 160
57 164
57 165
57 166
57 168
57 169
57 171
57 172
57 173
57 174
57 179
57 180
57 182
57 183
57 185
57 186
57 187
57 188
57 189
57 190
57 192
57 193
57 194
57 196
57 198
57 199
58 59
58 60
58 64
58 65
58 67
58 68
58 69
58 71
58 73
58 74
58 76
58 77
58 78
58 79
58 81
58 86
58 89
58 90
58 92
58 93
58 94
58 95
58 96
58 97
58 98
58 99
58 101
58 102
58 103
58 104
58 106
58 107
58 108
58 110
58 111
58 112
58 114
58 115
58 116
58 117
58 121
58 122
58 125
58 128
58 129
58 131
58 133
58 134
58 135
58 136
58 137
58 141
58 142
58 143
58 145
58 147
58 148
58 149
58 150
58 151
58 152
58 153
58 154
58 155
58 157
58 158
58 159
58 161
58 162
58 165
58 166
58 168
58 169
58 170
58 171
58 172
58 174
58 176
58 177
58 180
58 181
58 183
58 185
58 187
58 188
58 189
58 191
58 194
58 195
58 196
59 60
59 62
59 63
59 64
59 65
59 66
59 67
59 68
59 69
59 73
59 75
59 77
59 78
59 79
59 82
59 83
59 85
59 88
59 89
59 91
59 92
59 95
59 98
59 99
59 100
59 103
59 104
59 105
59 107
59 108
59 109
59 110
59 112
59 113
59 114
59 116
59 117
59 121
59 123
59 127
59 128
59 129
59 130
59 131
59 132
59 133
59 134
59 135
59 137
59 138
59 140
59 141
59 142
59 144
59 145
59 147
59 149
59 150
59 152
59 156
59 159
59 160
59 162
59 165
59 167
59 172
59 173
59 176
59 177
59 178
59 179
59 180
59 182
59 183
59 184
59 188
59 189
59 191
59 192
59 193
59 198
59 199
60 65
60 66
60 69
60 70
60 72
60 74
60 75
60 76
60 77
60 78
60 79
60 83
60 84
60 87
60 90
60 92
60 93
60 95
60 96
60 97
60 98
60 99
60 104
60 105
60 106
60 107
60 109
60 111
60 112
60 113
60 114
60 116
60 117
60 118
60 119
60 120
60 121
60 122
60 123
60 124
60 126
60 129
60 130
60 131
60 132
60 133
60 135
60 136
60 137
60 139
60 140
60 144
60 146
60 147
60 148
60 150
60 151
60 152
60 153
60 156
60 157
60 158
60 161
60 162
60 163
60 165
60 168
60 169
60 171
60 172
60 173
60 176
60 177
60 178
60 181
60 183
60 184
60 189
60 190
60 191
60 193
60 194
60 195
60 196
60 198
60 199
61 62
61 67
61 72
61 73
61 75
61 76
61 79
61 83
61 85
61 87
61 88
61 89
61 90
61 91
61 92
61 93
61 94
61 98
61 99
61 101
61 102
61 104
61 105
61 106
61 107
61 108
61 111
61 112
61 114
61 116
61 118
61 119
61 120
61 121
61 124
61 125
61 126
61 129
61 130
61 131
61 133
61 134
61 135
61 137
61 138
61 139
61 144
61 145
61 147
61 148
61 151
61 152
61 154
61 156
61 157
61 159
61 160
61 162
61 163
61 164
61 166
61 167
61 171
61 172
61 173
61 175
61 176
61 177
61 179
61 180
61 181
61 182
61 184
61 185
61 186
61 187
61 189
61 191
61 192
61 193
61 194
61 195
61 196
61 197
61 198
62 63
62 67
62 68
62 69
62 72
62 73
62 75
62 76
62 78
62 83
62 84
62 85
62 88
62 89
62 91
62 92
62 93
62 95
62 96
62 97
62 101
62 103
62 104
62 105
62 106
62 107
62 108
62 109
62 110
62 114
62 115
62 116
62 119
62 120
62 121
62 122
62 123
62 125
62 127
62 128
62 132
62 133
62 135
62 136
62 137
62 139
62 140
62 141
62 143
62 144
62 145
62 146
62 147
62 149
62 151
62 152
62 156
62 157
62 158
62 159
62 161
62 162
62 163
62 165
62 166
62 167
62 168
62 169
62 170
62 171
62 177
62 178
62 179
62 181
62 183
62 184
62 185
62 187
62 188
62 189
62 191
62 192
62 195
62 196
62 198
62 199
63 66
63 68
63 69
63 71
63 72
63 73
63 74
63 75
63 79
63 82
63 84
63 85
63 89
63 92
63 94
63 95
63 96
63 97
63 98
63 101
63 105
63 106
63 108
63 109
63 110
63 111
63 112
63 116
63 117
63 118
63 119
63 120
63 121
63 122
63 123
63 124
63 125
63 127
63 130
63 131
63 133
63 136
63 137
63 138
63 141
63 142
63 144
63 145
63 146
63 149
63 151
63 152
63 155
63 156
63 157
63 159
63 163
63 164
63 165
63 166
63 167
63 168
63 169
63 173
63 174
63 176
63 177
63 179
63 180
63 181
63 182
63 188
63 191
63 193
63 198
63 199
64 67
64 70
64 71
64 75
64 76
64 77
64 78
64 81
64 82
64 83
64 84
64 87
64 88
64 89
64 90
64 93
64 94
64 95
64 96
64 97
64 98
64 101
64 102
64 103
64 104
64 106
64 107
64 108
64 109
64 111
64 112
64 113
64 116
64 117
64 118
64 119
64 120
64 121
64 123
64 124
64 126
64 127
64 128
64 129
64 135
64 136
64 137
64 140
64 141
64 143
64 144
64 145
64 146
64 147
64 149
64 151
64 152
64 153
64 154
64 157
64 159
64 160
64 161
64 163
64 164
64 165
64 167
64 171
64 172
64 173
64 175
64 176
64 180
64 181
64 182
64 187
64 188
64 189
64 192
64 193
64 195
64 197
64 199
65 66
65 67
65 69
65 70
65 72
65 75
65 76
65 77
65 78
65 79
65 80
65 82
65 83
65 85
65 86
65 87
65 88
65 89
65 90
65 91
65 92
65 93
65 95
65 97
65 98
65 100
65 101
65 105
65 106
65 109
65 110
65 113
65 117
65 118
65 119
65 121
65 123
65 124
65 127
65 128
65 130
65 131
65 132
65 134
65 137
65 138
65 140
65 141
65 142
65 143
65 144
65 145
65 147
65 149
65 152
65 155
65 156
65 157
65 158
65 160
65 162
65 164
65 166
65 168
65 169
65 171
65 173
65 174
65 176
65 177
65 178
65 179
65 181
65 183
65 186
65 187
65 188
65 194
65 195
65 196
65 197
65 198
65 199
66 68
66 69
66 70
66 71
66 73
66 74
66 76
66 77
66 78
66 79
66 81
66 82
66 84
66 87
66 88
66 91
66 92
66 93
66 98
66 101
66 103
66 104
66 105
66 109
66 110
66 112
66 113
66 114
66 116
66 117
66 119
66 120
66 121
66 123
66 124
66 133
66 134
66 135
66 136
66 137
66 139
66 140
66 141
66 142
66 144
66 145
66 146
66 148
66 149
66 150
66 151
66 152
66 153
66 154
66 155
66 156
66 158
66 161
66 162
66 163
66 164
66 166
66 167
66 168
66 169
66 170
66 171
66 174
66 175
66 176
66 178
66 180
66 181
66 183
66 185
66 186
66 188
66 191
66 192
66 193
66 194
66 198
66 199
67 68
67 69
67 70
67 71
67 72
67 73
67 74
67 75
67 76
67 78
67 79
67 82
67 84
67 85
67 86
67 87
67 88
67 89
67 90
67 91
67 92
67 93
67 95
67 98
67 99
67 100
67 101
67 102
67 103
67 104
67 105
67 106
67 107
67 108
67 109
67 111
67 113
67 114
67 115
67 116
67 118
67 121
67 123
67 125
67 128
67 129
67 131
67 132
67 134
67 135
67 136
67 137
67 138
67 139
67 140
67 141
67 142
67 144
67 145
67 151
67 152
67 153
67 154
67 155
67 156
67 158
67 160
67 163
67 164
67 165
67 167
67 170
67 171
67 172
67 173
67 178
67 179
67 181
67 183
67 186
67 187
67 188
67 189
67 191
67 193
67 194
67 195
67 196
67 197
67 199
68 69
68 70
68 71
68 73
68 75
68 76
68 77
68 79
68 80
68 82
68 84
68 86
68 89
68 92
68 97
68 98
68 99
68 100
68 101
68 103
68 104
68 105
68 106
68 107
68 108
68 109
68 114
68 116
68 117
68 118
68 119
68 121
68 124
68 125
68 129
68 132
68 134
68 135
68 136
68 137
68 138
68 139
68 142
68 143
68 144
68 145
68 147
68 148
68 149
68 151
68 152
68 154
68 155
68 157
68 158
68 160
68 161
68 162
68 163
68 164
68 167
68 168
68 170
68 175
68 176
68 178
68 180
68 181
68 183
68 187
68 189
68 191
68 197
68 199
69 70
69 73
69 74
69 75
69 77
69 78
69 81
69 82
69 83
69 87
69 92
69 93
69 96
69 97
69 98
69 100
69 102
69 104
69 105
69 106
69 108
69 110
69 111
69 113
69 115
69 119
69 123
69 124
69 125
69 127
69 129
69 130
69 131
69 133
69 138
69 139
69 140
69 142
69 143
69 145
69 146
69 149
69 151
69 153
69 156
69 161
69 162
69 164
69 166
69 167
69 168
69 169
69 170
69 171
69 176
69 179
69 181
69 183
69 184
69 185
69 186
69 187
69 188
69 190
69 191
69 192
69 194
69 196
69 197
69 199
70 71
70 72
70 73
70 76
70 77
70 78
70 83
70 87
70 89
70 90
70 93
70 94
70 97
70 98
70 103
70 104
70 105
70 108
70 109
70 113
70 114
70 116
70 118
70 120
70 121
70 122
70 124
70 127
70 128
70 129
70 130
70 135
70 137
70 139
70 140
70 141
70 142
70 143
70 147
70 149
70 151
70 152
70 154
70 155
70 158
70 161
70 162
70 164
70 168
70 169
70 174
70 175
70 176
70 177
70 179
70 181
70 182
70 184
70 186
70 187
70 188
70 190
70 191
70 192
70 193
70 194
70 198
70 199
71 74
71 75
71 77
71 78
71 79
71 80
71 81
71 83
71 84
71 86
71 89
71 90
71 91
71 92
71 93
71 94
71 95
71 97
71 98
71 100
71 101
71 102
71 103
71 104
71 106
71 108
71 109
71 110
71 113
71 114
71 115
71 116
71 117
71 118
71 119
71 120
71 122
71 127
71 129
71 130
71 131
71 132
71 133
71 135
71 136
71 139
71 141
71 142
71 143
71 144
71 145
71 149
71 150
71 151
71 153
71 155
71 156
71 157
71 158
71 159
71 161
71 162
71 163
71 165
71 168
71 170
71 171
71 172
71 173
71 174
71 175
71 176
71 177
71 178
71 179
71 180
71 181
71 182
71 184
71 188
71 189
71 192
71 193
71 194
71 196
71 197
71 198
71 199
72 73
72 77
72 78
72 79
72 81
72 82
72 83
72 84
72 85
72 86
72 88
72 91
72 92
72 93
72 94
72 96
72 98
72 99
72 102
72 103
72 104
72 106
72 110
72 111
72 113
72 123
72 124
72 126
72 127
72 129
72 130
72 135
72 137
72 138
72 139
72 140
72 143
72 145
72 146
72 147
72 148
72 149
72 150
72 151
72 152
72 153
72 154
72 155
72 157
72 158
72 161
72 163
72 165
72 167
72 168
72 169
72 173
72 175
72 176
72 177
72 178
72 179
72 180
72 181
72 182
72 183
72 185
72 186
72 189
72 190
72 191
72 192
72 195
72 197
72 198
72 199
73 74
73 76
73 79
73 81
73 83
73 84
73 86
73 89
73 90
73 92
73 94
73 97
73 98
73 101
73 103
73 104
73 105
73 106
73 109
73 113
73 114
73 116
73 118
73 122
73 123
73 124
73 126
73 129
73 131
73 132
73 133
73 135
73 136
73 137
73 138
73 139
73 141
73 143
73 145
73 146
73 149
73 150
73 151
73 155
73 156
73 157
73 158
73 161
73 164
73 166
73 167
73 168
73 171
73 172
73 173
73 174
73 176
73 177
73 179
73 181
73 183
73 186
73 188
73 189
73 191
73 192
73 193
73 194
73 195
73 196
73 199
74 75
74 76
74 77
74 79
74 81
74 83
74 84
74 85
74 86
74 87
74 89
74 90
74 91
74 92
74 93
74 94
74 96
74 98
74 99
74 100
74 103
74 105
74 107
74 108
74 111
74 112
74 114
74 115
74 116
74 117
74 118
74 121
74 123
74 124
74 127
74 129
74 130
74 132
74 133
74 135
74 137
74 138
74 139
74 140
74 144
74 148
74 149
74 152
74 153
74 154
74 156
74 157
74 158
74 159
74 161
74 162
74 163
74 165
74 166
74 168
74 169
74 170
74 171
74 172
74 174
74 175
74 177
74 179
74 180
74 181
74 182
74 183
74 186
74 191
74 192
74 194
74 195
74 196
74 197
74 198
74 199
75 76
75 77
75 78
75 79
75 80
75 82
75 83
75 85
75 86
75 90
75 91
75 92
75 94
75 95
75 96
75 98
75 99
75 103
75 104
75 105
75 109
75 110
75 112
75 113
75 114
75 115
75 116
75 117
75 118
75 119
75 121
75 123
75 126
75 127
75 129
75 132
75 133
75 137
75 138
75 139
75 140
75 143
75 144
75 145
75 146
75 148
75 149
75 150
75 151
75 152
75 154
75 155
75 157
75 159
75 160
75 162
75 163
75 171
75 172
75 173
75 178
75 179
75 180
75 183
75 184
75 185
75 186
75 189
75 190
75 191
75 192
75 193
75 194
75 197
75 198
76 79
76 82
76 85
76 87
76 88
76 91
76 92
76 93
76 95
76 98
76 99
76 100
76 101
76 102
76 103
76 104
76 106
76 107
76 108
76 110
76 111
76 113
76 115
76 116
76 117
76 118
76 120
76 121
76 123
76 129
76 130
76 132
76 133
76 136
76 142
76 143
76 145
76 147
76 148
76 149
76 151
76 152
76 153
76 154
76 156
76 157
76 161
76 163
76 164
76 165
76 166
76 167
76 168
76 170
76 171
76 172
76 173
76 174
76 179
76 180
76 182
76 185
76 188
76 195
76 196
76 197
76 198
77 78
77 79
77 81
77 82
77 83
77 85
77 87
77 88
77 89
77 91
77 92
77 94
77 95
77 96
77 97
77 98
77 101
77 102
77 104
77 106
77 108
77 109
77 110
77 111
77 113
77 116
77 117
77 118
77 119
77 120
77 121
77 123
77 125
77 128
77 129
77 130
77 133
77 135
77 137
77 138
77 139
77 142
77 143
77 145
77 146
77 148
77 149
77 151
77 153
77 155
77 156
77 160
77 161
77 162
77 164
77 165
77 166
77 167
77 168
77 169
77 170
77 179
77 180
77 181
77 182
77 183
77 185
77 186
77 188
77 189
77 192
77 193
77 195
77 196
77 198
77 199
78 80
78 83
78 84
78 85
78 86
78 88
78 89
78 90
78 91
78 92
78 93
78 94
78 97
78 98
78 99
78 102
78 104
78 106
78 109
78 110
78 111
78 112
78 114
78 116
78 117
78 118
78 121
78 122
78 123
78 124
78 126
78 128
78 130
78 131
78 132
78 134
78 135
78 136
78 139
78 141
78 142
78 143
78 145
78 146
78 148
78 149
78 150
78 151
78 152
78 154
78 155
78 157
78 158
78 159
78 163
78 164
78 165
78 166
78 167
78 168
78 169
78 170
78 171
78 172
78 173
78 180
78 181
78 182
78 184
78 185
78 188
78 189
78 190
78 191
78 194
78 195
78 196
78 197
78 198
78 199
79 80
79 81
79 84
79 85
79 87
79 89
79 90
79 91
79 92
79 94
79 96
79 97
79 103
79 104
79 105
79 106
79 108
79 109
79 110
79 114
79 115
79 116
79 117
79 118
79 119
79 120
79 121
79 123
79 124
79 125
79 127
79 129
79 131
79 136
79 137
79 138
79 139
79 140
79 142
79 143
79 148
79 150
79 151
79 152
79 155
79 156
79 158
79 159
79 161
79 162
79 163
79 169
79 171
79 172
79 173
79 174
79 176
79 177
79 181
79 183
79 184
79 186
79 187
79 189
79 190
79 192
79 193
79 194
79 196
79 197
79 199
80 81
80 82
80 83
80 84
80 85
80 86
80 87
80 88
80 89
80 93
80 94
80 95
80 96
80 98
80 100
80 101
80 103
80 105
80 107
80 109
80 110
80 112
80 115
80 119
80 120
80 121
80 124
80 125
80 127
80 128
80 131
80 133
80 134
80 135
80 136
80 137
80 138
80 139
80 140
80 141
80 142
80 144
80 146
80 148
80 149
80 151
80 153
80 154
80 157
80 159
80 160
80 162
80 163
80 167
80 169
80 171
80 175
80 176
80 177
80 178
80 181
80 183
80 184
80 186
80 187
80 188
80 190
80 191
80 193
80 195
80 196
80 198
81 82
81 86
81 89
81 90
81 91
81 92
81 93
81 94
81 95
81 96
81 99
81 101
81 102
81 103
81 105
81 111
81 112
81 113
81 114
81 115
81 118
81 119
81 121
81 122
81 123
81 125
81 126
81 127
81 130
81 136
81 138
81 140
81 142
81 144
81 145
81 147
81 148
81 150
81 152
81 153
81 154
81 155
81 156
81 157
81 158
81 160
81 161
81 162
81 163
81 164
81 165
81 168
81 169
81 172
81 174
81 176
81 177
81 178
81 180
81 181
81 184
81 185
81 187
81 188
81 189
81 190
81 191
81 193
81 195
81 198
82 84
82 86
82 88
82 90
82 91
82 92
82 93
82 94
82 95
82 96
82 98
82 99
82 101
82 102
82 103
82 104
82 106
82 108
82 109
82 111
82 113
82 116
82 118
82 119
82 120
82 121
82 122
82 123
82 126
82 127
82 128
82 130
82 133
82 135
82 137
82 138
82 140
82 141
82 142
82 143
82 145
82 146
82 147
82 148
82 151
82 152
82 153
82 154
82 155
82 156
82 159
82 160
82 161
82 162
82 163
82 166
82 169
82 170
82 172
82 173
82 174
82 177
82 178
82 179
82 180
82 181
82 183
82 185
82 186
82 190
82 191
82 192
82 194
82 195
82 196
82 197
82 199
83 84
83 85
83 86
83 87
83 88
83 90
83 91
83 92
83 93
83 95
83 96
83 97
83 99
83 100
83 101
83 102
83 107
83 108
83 109
83 110
83 113
83 115
83 119
83 122
83 124
83 125
83 127
83 131
83 132
83 133
83 134
83 135
83 136
83 138
83 139
83 141
83 142
83 143
83 144
83 147
83 148
83 149
83 150
83 151
83 152
83 154
83 157
83 158
83 159
83 164
83 165
83 168
83 170
83 174
83 175
83 177
83 178
83 180
83 181
83 182
83 183
83 184
83 185
83 186
83 187
83 188
83 190
83 191
83 194
83 196
83 197
83 199
84 85
84 86
84 87
84 88
84 90
84 92
84 94
84 96
84 97
84 100
84 102
84 106
84 110
84 112
84 113
84 116
84 117
84 118
84 120
84 122
84 123
84 124
84 125
84 126
84 129
84 131
84 134
84 136
84 137
84 141
84 142
84 145
84 146
84 147
84 149
84 150
84 151
84 154
84 156
84 157
84 160
84 163
84 164
84 165
84 166
84 167
84 169
84 172
84 176
84 179
84 180
84 181
84 182
84 185
84 186
84 187
84 188
84 189
84 191
84 192
84 194
84 195
84 196
84 197
84 198
84 199
85 86
85 90
85 91
85 93
85 94
85 96
85 97
85 98
85 99
85 100
85 102
85 103
85 106
85 107
85 108
85 109
85 111
85 112
85 114
85 115
85 117
85 119
85 122
85 124
85 129
85 130
85 134
85 135
85 136
85 137
85 139
85 140
85 141
85 142
85 143
85 147
85 152
85 153
85 154
85 157
85 158
85 160
85 161
85 163
85 167
85 170
85 171
85 174
85 177
85 178
85 179
85 181
85 186
85 188
85 189
85 190
85 192
85 193
85 194
85 195
85 196
85 199
86 88
86 90
86 91
86 92
86 93
86 94
86 99
86 102
86 105
86 108
86 110
86 111
86 114
86 116
86 117
86 120
86 122
86 123
86 124
86 126
86 128
86 131
86 132
86 133
86 134
86 135
86 136
86 138
86 140
86 141
86 142
86 144
86 145
86 146
86 147
86 148
86 149
86 150
86 151
86 154
86 156
86 157
86 158
86 159
86 160
86 161
86 163
86 164
86 165
86 166
86 168
86 169
86 171
86 172
86 173
86 178
86 179
86 180
86 181
86 182
86 184
86 185
86 188
86 192
86 195
86 196
86 197
86 198
87 88
87 92
87 94
87 96
87 98
87 100
87 103
87 104
87 106
87 107
87 108
87 110
87 111
87 112
87 113
87 116
87 119
87 120
87 122
87 123
87 124
87 126
87 127
87 130
87 131
87 132
87 133
87 134
87 138
87 142
87 143
87 145
87 147
87 150
87 151
87 152
87 153
87 157
87 158
87 159
87 161
87 162
87 163
87 166
87 167
87 168
87 169
87 171
87 172
87 173
87 175
87 176
87 178
87 179
87 183
87 184
87 186
87 188
87 189
87 190
87 191
87 194
87 195
87 196
87 197
87 198
87 199
88 89
88 90
88 91
88 92
88 93
88 94
88 95
88 97
88 100
88 105
88 106
88 108
88 109
88 110
88 111
88 112
88 113
88 114
88 116
88 117
88 118
88 119
88 120
88 123
88 124
88 125
88 126
88 127
88 128
88 131
88 132
88 134
88 137
88 138
88 140
88 141
88 142
88 145
88 146
88 147
88 149
88 153
88 155
88 159
88 161
88 164
88 165
88 166
88 167
88 169
88 170
88 171
88 173
88 174
88 176
88 177
88 178
88 179
88 182
88 184
88 185
88 188
88 189
88 191
88 194
88 195
88 196
88 197
88 199
89 90
89 92
89 93
89 96
89 97
89 98
89 99
89 101
89 102
89 104
89 105
89 106
89 107
89 108
89 109
89 110
89 111
89 112
89 117
89 119
89 120
89 121
89 123
89 124
89 125
89 126
89 127
89 129
89 130
89 131
89 133
89 138
89 140
89 141
89 142
89 144
89 145
89 146
89 147
89 148
89 153
89 154
89 157
89 159
89 160
89 161
89 164
89 166
89 168
89 169
89 170
89 171
89 172
89 174
89 175
89 176
89 179
89 181
89 182
89 185
89 188
89 189
89 190
89 193
89 195
89 196
89 199
90 91
90 93
90 96
90 99
90 101
90 103
90 104
90 105
90 106
90 108
90 109
90 110
90 111
90 112
90 115
90 119
90 121
90 122
90 123
90 125
90 129
90 130
90 131
90 132
90 134
90 135
90 136
90 138
90 140
90 142
90 143
90 144
90 147
90 148
90 150
90 156
90 160
90 161
90 163
90 164
90 165
90 166
90 167
90 169
90 170
90 171
90 173
90 175
90 176
90 177
90 178
90 180
90 181
90 184
90 185
90 188
90 191
90 192
90 194
90 195
90 196
90 197
90 199
91 92
91 93
91 94
91 96
91 98
91 99
91 101
91 102
91 103
91 104
91 106
91 107
91 111
91 112
91 113
91 117
91 118
91 120
91 121
91 122
91 123
91 124
91 125
91 128
91 129
91 130
91 131
91 132
91 135
91 136
91 137
91 139
91 140
91 141
91 142
91 143
91 145
91 146
91 149
91 150
91 152
91 154
91 155
91 156
91 158
91 159
91 161
91 162
91 163
91 164
91 165
91 167
91 169
91 170
91 171
91 172
91 173
91 174
91 175
91 177
91 178
91 179
91 181
91 182
91 183
91 184
91 187
91 188
91 189
91 190
91 191
91 192
91 193
91 194
91 197
91 198
91 199
92 93
92 94
92 95
92 98
92 99
92 101
92 105
92 107
92 109
92 110
92 111
92 113
92 114
92 116
92 117
92 118
92 120
92 121
92 122
92 123
92 124
92 125
92 127
92 128
92 129
92 130
92 131
92 133
92 134
92 136
92 137
92 139
92 140
92 141
92 145
92 146
92 147
92 148
92 149
92 151
92 152
92 156
92 157
92 158
92 163
92 164
92 165
92 166
92 167
92 168
92 169
92 170
92 171
92 175
92 178
92 179
92 182
92 183
92 184
92 186
92 189
92 190
92 191
92 194
92 196
92 197
92 198
92 199
93 94
93 96
93 100
93 101
93 103
93 107
93 108
93 109
93 110
93 112
93 115
93 116
93 117
93 119
93 123
93 124
93 126
93 128
93 131
93 132
93 133
93 134
93 135
93 136
93 142
93 143
93 144
93 145
93 147
93 149
93 150
93 151
93 152
93 153
93 155
93 156
93 157
93 159
93 164
93 167
93 168
93 171
93 173
93 174
93 176
93 177
93 178
93 180
93 181
93 182
93 183
93 184
93 187
93 190
93 191
93 192
93 195
93 196
93 197
93 198
93 199
94 99
94 101
94 102
94 104
94 108
94 109
94 110
94 115
94 116
94 117
94 118
94 119
94 121
94 122
94 123
94 124
94 129
94 132
94 133
94 135
94 137
94 139
94 144
94 145
94 146
94 149
94 151
94 153
94 155
94 156
94 157
94 158
94 161
94 162
94 163
94 164
94 165
94 166
94 167
94 169
94 171
94 173
94 174
94 175
94 176
94 177
94 179
94 180
94 182
94 183
94 185
94 186
94 187
94 188
94 189
94 190
94 191
94 192
94 194
94 197
94 198
95 96
95 98
95 99
95 100
95 101
95 102
95 104
95 105
95 107
95 109
95 110
95 111
95 113
95 114
95 116
95 118
95 119
95 120
95 124
95 125
95 127
95 130
95 131
95 135
95 137
95 138
95 139
95 140
95 141
95 143
95 145
95 146
95 147
95 151
95 154
95 156
95 158
95 159
95 160
95 162
95 163
95 164
95 165
95 166
95 169
95 170
95 171
95 172
95 174
95 175
95 176
95 177
95 180
95 182
95 183
95 184
95 186
95 187
95 188
95 190
95 191
95 192
95 193
95 194
95 197
95 198
95 199
96 101
96 102
96 104
96 105
96 106
96 107
96 109
96 110
96 111
96 112
96 114
96 115
96 117
96 118
96 120
96 122
96 123
96 125
96 126
96 127
96 128
96 133
96 134
96 135
96 136
96 137
96 138
96 141
96 142
96 145
96 147
96 150
96 152
96 153
96 154
96 155
96 156
96 157
96 158
96 159
96 160
96 165
96 169
96 171
96 173
96 175
96 176
96 177
96 178
96 179
96 180
96 182
96 183
96 184
96 185
96 186
96 188
96 189
96 192
96 194
96 195
96 198
96 199
97 99
97 100
97 101
97 102
97 103
97 105
97 107
97 108
97 110
97 111
97 112
97 114
97 119
97 120
97 121
97 122
97 127
97 128
97 130
97 131
97 132
97 135
97 136
97 137
97 138
97 139
97 142
97 143
97 145
97 146
97 148
97 151
97 155
97 156
97 157
97 159
97 160
97 164
97 165
97 167
97 168
97 169
97 170
97 171
97 174
97 175
97 177
97 180
97 182
97 183
97 184
97 186
97 188
97 190
97 193
97 194
97 195
97 196
97 199
98 99
98 100
98 101
98 102
98 105
98 108
98 109
98 110
98 111
98 113
98 114
98 117
98 119
98 120
98 121
98 122
98 124
98 125
98 128
98 130
98 131
98 133
98 136
98 141
98 142
98 145
98 147
98 148
98 149
98 151
98 152
98 153
98 155
98 157
98 158
98 159
98 161
98 162
98 165
98 169
98 171
98 173
98 176
98 179
98 181
98 186
98 187
98 189
98 190
98 192
98 193
98 194
98 195
98 196
98 197
98 198
98 199
99 104
99 107
99 108
99 109
99 111
99 113
99 116
99 117
99 118
99 119
99 120
99 123
99 124
99 125
99 126
99 128
99 129
99 130
99 131
99 132
99 133
99 134
99 135
99 137
99 140
99 141
99 143
99 144
99 145
99 146
99 148
99 153
99 154
99 155
99 157
99 158
99 159
99 162
99 164
99 166
99 167
99 169
99 170
99 171
99 172
99 173
99 174
99 175
99 178
99 182
99 183
99 185
99 186
99 187
99 190
99 191
99 192
99 193
99 196
99 197
99 198
100 107
100 109
100 110
100 112
100 113
100 114
100 115
100 116
100 120
100 121
100 122
100 126
100 127
100 128
100 132
100 133
100 135
100 136
100 140
100 141
100 142
100 143
100 144
100 148
100 150
100 151
100 154
100 156
100 157
100 160
100 161
100 163
100 164
100 165
100 166
100 168
100 169
100 170
100 171
100 172
100 174
100 176
100 178
100 179
100 182
100 183
100 184
100 185
100 186
100 188
100 189
100 191
100 193
100 194
100 196
100 198
100 199
101 102
101 110
101 111
101 114
101 115
101 116
101 117
101 119
101 121
101 124
101 127
101 129
101 132
101 133
101 134
101 136
101 137
101 138
101 139
101 140
101 141
101 142
101 143
101 144
101 145
101 146
101 147
101 148
101 149
101 150
101 152
101 153
101 154
101 155
101 156
101 157
101 158
101 159
101 160
101 161
101 164
101 166
101 170
101 171
101 172
101 173
101 174
101 175
101 178
101 179
101 184
101 188
101 190
101 191
101 193
102 103
102 106
102 108
102 110
102 111
102 114
102 115
102 118
102 119
102 125
102 128
102 130
102 131
102 132
102 134
102 135
102 136
102 137
102 138
102 140
102 141
102 142
102 143
102 144
102 145
102 146
102 147
102 149
102 150
102 151
102 152
102 153
102 154
102 156
102 158
102 162
102 163
102 166
102 167
102 169
102 172
102 173
102 174
102 176
102 177
102 179
102 180
102 181
102 185
102 187
102 189
102 191
102 192
102 193
102 195
102 196
102 197
102 198
102 199
103 104
103 106
103 112
103 115
103 116
103 117
103 119
103 120
103 122
103 123
103 124
103 125
103 126
103 129
103 131
103 133
103 134
103 136
103 137
103 138
103 140
103 142
103 143
103 145
103 146
103 152
103 155
103 156
103 157
103 158
103 160
103 162
103 164
103 167
103 168
103 169
103 170
103 172
103 175
103 177
103 178
103 179
103 183
103 184
103 185
103 186
103 187
103 189
103 190
103 192
103 194
103 195
103 196
103 197
104 105
104 111
104 112
104 113
104 114
104 115
104 116
104 117
104 119
104 120
104 122
104 123
104 125
104 126
104 127
104 129
104 132
104 133
104 135
104 136
104 137
104 140
104 141
104 142
104 143
104 146
104 147
104 150
104 151
104 154
104 156
104 157
104 158
104 161
104 162
104 163
104 164
104 165
104 166
104 167
104 168
104 170
104 173
104 175
104 178
104 179
104 184
104 187
104 188
104 190
104 191
104 195
104 196
104 197
104 198
104 199
105 106
105 108
105 109
105 110
105 111
105 112
105 114
105 115
105 116
105 117
105 118
105 120
105 122
105 123
105 126
105 127
105 128
105 131
105 132
105 135
105 137
105 140
105 141
105 144
105 147
105 148
105 150
105 152
105 153
105 155
105 158
105 159
105 161
105 163
105 164
105 167
105 168
105 170
105 171
105 172
105 173
105 174
105 175
105 176
105 178
105 181
105 182
105 184
105 186
105 187
105 188
105 189
105 190
105 191
105 196
105 197
105 199
106 110
106 112
106 113
106 119
106 122
106 123
106 124
106 125
106 126
106 128
106 131
106 133
106 134
106 136
106 137
106 139
106 140
106 141
106 143
106 145
106 146
106 147
106 149
106 150
106 151
106 155
106 159
106 161
106 165
106 166
106 167
106 168
106 170
106 172
106 174
106 175
106 176
106 178
106 179
106 180
106 184
106 187
106 189
106 190
106 193
106 194
106 195
106 196
106 197
106 198
106 199
107 109
107 110
107 111
107 112
107 113
107 114
107 117
107 118
107 121
107 122
107 124
107 125
107 126
107 127
107 128
107 129
107 132
107 133
107 134
107 137
107 143
107 145
107 147
107 148
107 150
107 153
107 154
107 155
107 159
107 160
107 161
107 162
107 163
107 164
107 166
107 168
107 169
107 172
107 175
107 176
107 180
107 182
107 183
107 184
107 185
107 187
107 189
107 191
107 192
107 193
107 194
107 198
107 199
108 110
108 112
108 113
108 116
108 118
108 119
108 126
108 127
108 136
108 137
108 138
108 140
108 141
108 147
108 148
108 152
108 153
108 154
108 155
108 156
108 157
108 159
108 160
108 161
108 163
108 166
108 167
108 170
108 171
108 173
108 174
108 176
108 177
108 182
108 186
108 187
108 188
108 190
108 191
108 192
108 195
108 196
108 198
109 112
109 115
109 116
109 117
109 119
109 120
109 123
109 124
109 125
109 127
109 129
109 130
109 132
109 133
109 134
109 135
109 136
109 137
109 139
109 140
109 142
109 144
109 146
109 147
109 148
109 150
109 154
109 156
109 157
109 159
109 160
109 161
109 163
109 164
109 165
109 166
109 167
109 168
109 169
109 170
109 171
109 172
109 173
109 174
109 176
109 177
109 180
109 181
109 183
109 188
109 189
109 190
109 191
109 195
109 197
109 199
110 111
110 114
110 115
110 116
110 117
110 118
110 119
110 121
110 122
110 125
110 126
110 130
110 133
110 137
110 138
110 139
110 141
110 143
110 144
110 145
110 146
110 148
110 152
110 153
110 154
110 155
110 156
110 157
110 159
110 161
110 162
110 163
110 164
110 165
110 166
110 167
110 169
110 170
110 171
110 173
110 175
110 177
110 178
110 184
110 189
110 190
110 191
110 192
110 193
110 196
110 197
110 198
110 199
111 112
111 114
111 115
111 116
111 117
111 118
111 119
111 123
111 124
111 125
111 126
111 130
111 131
111 132
111 133
111 136
111 138
111 139
111 140
111 142
111 143
111 144
111 147
111 148
111 149
111 150
111 152
111 154
111 155
111 157
111 160
111 164
111 165
111 167
111 174
111 175
111 176
111 177
111 178
111 179
111 181
111 182
111 183
111 184
111 186
111 189
111 190
111 193
111 194
111 196
111 197
111 198
111 199
112 114
112 115
112 116
112 117
112 120
112 121
112 125
112 127
112 128
112 130
112 132
112 135
112 136
112 144
112 145
112 146
112 147
112 149
112 150
112 152
112 154
112 159
112 160
112 162
112 167
112 168
112 169
112 170
112 171
112 172
112 174
112 175
112 178
112 181
112 184
112 185
112 186
112 188
112 190
112 191
112 194
112 195
112 196
113 116
113 117
113 118
113 119
113 121
113 124
113 125
113 126
113 130
113 133
113 135
113 137
113 138
113 139
113 141
113 142
113 143
113 144
113 146
113 150
113 151
113 152
113 154
113 157
113 158
113 166
113 168
113 169
113 170
113 174
113 175
113 176
113 177
113 178
113 179
113 183
113 187
113 189
113 191
113 192
113 193
113 194
113 196
113 198
114 115
114 116
114 117
114 118
114 120
114 121
114 122
114 123
114 125
114 126
114 127
114 128
114 130
114 132
114 133
114 136
114 137
114 138
114 140
114 144
114 145
114 146
114 149
114 152
114 154
114 155
114 156
114 158
114 160
114 161
114 164
114 166
114 168
114 169
114 170
114 172
114 173
114 175
114 177
114 178
114 179
114 180
114 183
114 185
114 186
114 187
114 190
114 191
114 192
114 194
114 195
114 197
114 198
114 199
115 116
115 117
115 118
115 120
115 122
115 125
115 126
115 128
115 129
115 131
115 133
115 134
115 136
115 137
115 140
115 142
115 143
115 144
115 147
115 148
115 149
115 150
115 151
115 152
115 153
115 154
115 155
115 157
115 159
115 160
115 162
115 163
115 165
115 166
115 167
115 170
115 172
115 173
115 174
115 180
115 181
115 182
115 183
115 184
115 185
115 186
115 187
115 188
115 190
115 191
115 198
115 199
116 118
116 119
116 120
116 121
116 123
116 124
116 125
116 127
116 128
116 129
116 134
116 137
116 139
116 140
116 141
116 143
116 145
116 146
116 147
116 149
116 155
116 156
116 157
116 159
116 162
116 164
116 168
116 169
116 171
116 173
116 174
116 176
116 177
116 178
116 179
116 180
116 181
116 183
116 185
116 186
116 187
116 190
116 191
116 193
116 194
116 197
117 118
117 119
117 120
117 121
117 124
117 127
117 128
117 129
117 131
117 133
117 134
117 135
117 136
117 137
117 138
117 139
117 140
117 141
117 142
117 143
117 145
117 148
117 149
117 150
117 151
117 152
117 153
117 154
117 155
117 156
117 158
117 159
117 161
117 162
117 163
117 165
117 166
117 167
117 168
117 169
117 171
117 173
117 175
117 176
117 177
117 178
117 179
117 181
117 182
117 183
117 184
117 188
117 189
117 191
117 193
117 194
117 195
117 196
117 197
117 198
118 120
118 125
118 126
118 127
118 128
118 130
118 132
118 133
118 134
118 135
118 136
118 137
118 141
118 142
118 143
118 144
118 145
118 152
118 153
118 154
118 155
118 157
118 158
118 159
118 160
118 161
118 163
118 165
118 166
118 167
118 168
118 170
118 171
118 174
118 175
118 177
118 178
118 180
118 181
118 182
118 183
118 185
118 188
118 189
118 193
118 194
118 195
118 196
118 197
118 199
119 120
119 122
119 124
119 126
119 129
119 131
119 132
119 133
119 134
119 135
119 136
119 138
119 140
119 142
119 143
119 144
119 145
119 146
119 147
119 153
119 154
119 158
119 160
119 161
119 162
119 163
119 165
119 166
119 169
119 171
119 172
119 176
119 178
119 179
119 180
119 181
119 182
119 183
119 190
119 192
119 193
119 197
119 198
119 199
120 122
120 123
120 124
120 125
120 126
120 127
120 128
120 129
120 133
120 136
120 139
120 140
120 141
120 143
120 146
120 147
120 149
120 150
120 151
120 152
120 153
120 156
120 157
120 158
120 164
120 165
120 170
120 171
120 172
120 173
120 174
120 175
120 176
120 177
120 179
120 180
120 181
120 183
120 184
120 185
120 187
120 188
120 189
120 191
120 192
120 193
120 194
120 197
121 123
121 125
121 127
121 128
121 129
121 130
121 131
121 132
121 134
121 135
121 136
121 138
121 139
121 140
121 141
121 142
121 143
121 144
121 145
121 146
121 147
121 149
121 150
121 151
121 153
121 155
121 159
121 160
121 162
121 164
121 165
121 166
121 167
121 169
121 170
121 171
121 172
121 174
121 176
121 177
121 178
121 179
121 180
121 181
121 182
121 185
121 187
121 188
121 190
121 191
121 192
121 193
121 194
121 196
121 198
122 123
122 125
122 129
122 130
122 131
122 132
122 133
122 134
122 138
122 139
122 140
122 141
122 142
122 143
122 144
122 145
122 146
122 147
122 149
122 151
122 153
122 154
122 156
122 157
122 158
122 159
122 161
122 164
122 165
122 166
122 167
122 168
122 170
122 171
122 173
122 174
122 176
122 178
122 179
122 182
122 185
122 187
122 188
122 190
122 192
122 195
122 196
122 197
122 199
123 124
123 127
123 128
123 131
123 132
123 133
123 134
123 137
123 138
123 140
123 141
123 142
123 144
123 145
123 146
123 148
123 150
123 151
123 152
123 158
123 160
123 161
123 164
123 165
123 166
123 167
123 168
123 169
123 170
123 172
123 173
123 174
123 175
123 176
123 179
123 180
123 181
123 185
123 187
123 188
123 190
123 191
123 192
123 194
123 195
123 196
124 125
124 126
124 128
124 130
124 131
124 137
124 138
124 139
124 140
124 141
124 142
124 143
124 144
124 145
124 146
124 147
124 148
124 151
124 152
124 153
124 154
124 155
124 156
124 157
124 158
124 159
124 160
124 162
124 163
124 164
124 165
124 166
124 167
124 170
124 171
124 172
124 173
124 174
124 176
124 177
124 178
124 179
124 180
124 181
124 182
124 183
124 184
124 186
124 187
124 190
124 192
124 193
124 195
124 196
124 197
124 198
125 126
125 127
125 129
125 130
125 131
125 133
125 134
125 135
125 139
125 140
125 141
125 144
125 145
125 146
125 147
125 149
125 150
125 155
125 156
125 158
125 160
125 161
125 162
125 163
125 164
125 165
125 167
125 168
125 170
125 172
125 177
125 182
125 186
125 188
125 189
125 190
125 192
125 193
125 194
125 195
125 196
125 197
125 198
125 199
126 127
126 129
126 130
126 131
126 133
126 134
126 136
126 138
126 140
126 144
126 148
126 149
126 150
126 151
126 152
126 153
126 154
126 155
126 157
126 158
126 159
126 160
126 161
126 162
126 163
126 164
126 165
126 166
126 168
126 173
126 174
126 175
126 176
126 177
126 179
126 180
126 182
126 183
126 184
126 185
126 186
126 187
126 188
126 189
126 190
126 191
126 192
126 194
126 196
127 128
127 131
127 132
127 134
127 135
127 136
127 138
127 140
127 142
127 145
127 146
127 147
127 148
127 149
127 151
127 152
127 153
127 155
127 156
127 158
127 160
127 161
127 163
127 164
127 166
127 168
127 169
127 170
127 171
127 172
127 173
127 174
127 175
127 178
127 180
127 181
127 183
127 184
127 185
127 190
127 193
127 194
127 195
127 197
127 199
128 129
128 130
128 131
128 134
128 135
128 136
128 138
128 139
128 142
128 144
128 146
128 147
128 148
128 149
128 150
128 151
128 152
128 153
128 154
128 155
128 156
128 159
128 160
128 162
128 163
128 164
128 167
128 168
128 169
128 170
128 171
128 173
128 174
128 177
128 179
128 183
128 185
128 186
128 187
128 188
128 190
128 192
128 195
128 197
128 198
128 199
129 130
129 131
129 132
129 134
129 135
129 136
129 137
129 138
129 139
129 140
129 141
129 142
129 143
129 145
129 147
129 149
129 150
129 152
129 154
129 156
129 158
129 159
129 160
129 163
129 165
129 166
129 167
129 168
129 170
129 171
129 172
129 173
129 174
129 175
129 176
129 178
129 179
129 180
129 182
129 183
129 184
129 186
129 187
129 191
129 192
129 196
129 198
130 131
130 132
130 133
130 135
130 138
130 139
130 140
130 146
130 147
130 149
130 150
130 151
130 152
130 154
130 155
130 156
130 157
130 159
130 160
130 161
130 162
130 165
130 167
130 168
130 170
130 171
130 172
130 175
130 181
130 182
130 183
130 184
130 186
130 187
130 190
130 192
130 193
130 197
130 198
130 199
131 132
131 133
131 135
131 136
131 138
131 139
131 141
131 142
131 143
131 144
131 151
131 153
131 154
131 155
131 158
131 159
131 160
131 161
131 162
131 164
131 165
131 169
131 170
131 172
131 173
131 177
131 178
131 179
131 180
131 181
131 183
131 184
131 185
131 187
131 188
131 189
131 190
131 193
131 196
131 197
131 199
132 134
132 135
132 136
132 137
132 138
132 139
132 142
132 143
132 144
132 145
132 148
132 151
132 152
132 153
132 156
132 158
132 159
132 162
132 164
132 167
132 168
132 169
132 170
132 171
132 174
132 176
132 178
132 179
132 180
132 182
132 183
132 184
132 186
132 187
132 188
132 190
132 191
132 193
132 194
132 195
132 197
132 199
133 135
133 137
133 138
133 141
133 142
133 143
133 144
133 149
133 150
133 153
133 154
133 155
133 156
133 158
133 159
133 160
133 161
133 163
133 165
133 166
133 168
133 171
133 173
133 174
133 175
133 176
133 177
133 178
133 180
133 182
133 183
133 185
133 186
133 187
133 192
133 193
133 197
133 198
134 135
134 137
134 141
134 145
134 147
134 148
134 150
134 152
134 157
134 159
134 161
134 162
134 163
134 164
134 165
134 166
134 167
134 169
134 170
134 171
134 175
134 176
134 178
134 179
134 183
134 185
134 186
134 188
134 189
134 191
134 193
134 194
134 195
134 196
134 197
134 199
135 138
135 139
135 141
135 145
135 146
135 147
135 149
135 151
135 152
135 157
135 158
135 159
135 160
135 161
135 163
135 164
135 167
135 170
135 171
135 172
135 174
135 175
135 177
135 178
135 179
135 180
135 181
135 183
135 184
135 186
135 188
135 190
135 191
135 193
135 197
135 199
136 137
136 138
136 140
136 141
136 143
136 145
136 146
136 147
136 148
136 149
136 150
136 151
136 152
136 153
136 155
136 158
136 159
136 162
136 163
136 166
136 167
136 169
136 171
136 173
136 174
136 175
136 176
136 177
136 180
136 181
136 184
136 187
136 188
136 191
136 192
136 194
136 195
136 196
136 199
137 141
137 142
137 144
137 146
137 147
137 148
137 149
137 150
137 151
137 153
137 154
137 156
137 157
137 158
137 159
137 160
137 164
137 169
137 170
137 171
137 173
137 174
137 177
137 178
137 180
137 184
137 185
137 188
137 189
137 191
137 193
137 194
137 196
137 197
137 199
138 139
138 140
138 143
138 144
138 145
138 146
138 147
138 152
138 153
138 154
138 156
138 158
138 159
138 162
138 163
138 165
138 166
138 167
138 168
138 170
138 171
138 172
138 174
138 176
138 179
138 180
138 181
138 183
138 185
138 186
138 192
138 195
138 196
138 197
138 199
139 143
139 144
139 147
139 148
139 149
139 150
139 153
139 155
139 157
139 158
139 159
139 160
139 164
139 165
139 166
139 168
139 169
139 170
139 171
139 173
139 175
139 177
139 178
139 182
139 184
139 185
139 186
139 188
139 189
139 191
139 193
139 198
139 199
140 142
140 144
140 146
140 150
140 151
140 152
140 154
140 156
140 157
140 158
140 161
140 162
140 164
140 165
140 166
140 167
140 168
140 170
140 171
140 172
140 177
140 178
140 180
140 181
140 183
140 184
140 185
140 187
140 189
140 191
140 192
140 194
140 195
140 196
140 197
140 199
141 142
141 144
141 145
141 146
141 147
141 148
141 149
141 150
141 153
141 154
141 156
141 157
141 158
141 159
141 162
141 164
141 165
141 167
141 169
141 170
141 172
141 173
141 175
141 179
141 181
141 184
141 185
141 186
141 189
141 190
141 191
141 192
141 193
141 194
141 195
141 196
141 197
141 199
142 143
142 144
142 145
142 146
142 147
142 148
142 149
142 151
142 152
142 153
142 154
142 155
142 156
142 158
142 161
142 162
142 163
142 164
142 165
142 167
142 169
142 171
142 172
142 173
142 179
142 181
142 183
142 184
142 185
142 187
142 189
142 190
142 191
142 192
142 193
142 194
142 195
142 196
142 197
142 198
142 199
143 144
143 146
143 147
143 150
143 151
143 152
143 153
143 154
143 155
143 156
143 157
143 158
143 159
143 164
143 165
143 167
143 169
143 170
143 171
143 173
143 174
143 176
143 177
143 180
143 187
143 189
143 191
143 192
143 193
143 195
143 196
143 197
143 198
144 145
144 146
144 147
144 148
144 149
144 152
144 156
144 158
144 159
144 160
144 161
144 162
144 165
144 167
144 170
144 173
144 175
144 176
144 177
144 179
144 184
144 185
144 188
144 189
144 192
144 193
144 194
144 195
144 197
144 199
145 147
145 149
145 151
145 154
145 155
145 156
145 158
145 161
145 163
145 165
145 167
145 169
145 171
145 172
145 175
145 178
145 180
145 181
145 182
145 183
145 185
145 187
145 188
145 191
145 192
145 193
145 194
145 195
145 198
146 151
146 154
146 159
146 163
146 166
146 167
146 168
146 170
146 172
146 176
146 178
146 179
146 180
146 182
146 183
146 185
146 186
146 188
146 189
146 190
146 192
146 193
146 195
146 199
147 148
147 154
147 156
147 157
147 158
147 159
147 163
147 168
147 169
147 170
147 171
147 172
147 173
147 177
147 178
147 179
147 180
147 182
147 183
147 185
147 187
147 188
147 190
147 191
147 192
147 193
147 194
147 196
147 198
148 150
148 153
148 155
148 156
148 157
148 158
148 159
148 165
148 166
148 167
148 168
148 171
148 174
148 175
148 177
148 178
148 179
148 180
148 181
148 182
148 183
148 184
148 185
148 186
148 187
148 188
148 190
148 194
148 195
148 196
148 197
148 199
149 150
149 152
149 153
149 154
149 155
149 157
149 158
149 159
149 160
149 161
149 163
149 164
149 165
149 166
149 167
149 168
149 170
149 171
149 173
149 174
149 176
149 177
149 179
149 181
149 182
149 183
149 184
149 186
149 188
149 192
149 193
149 196
149 197
149 198
150 152
150 153
150 156
150 157
150 158
150 159
150 160
150 161
150 162
150 163
150 165
150 166
150 168
150 169
150 170
150 174
150 176
150 178
150 181
150 182
150 183
150 186
150 189
150 190
150 192
150 194
150 196
150 197
150 198
150 199
151 152
151 154
151 155
151 157
151 158
151 159
151 162
151 164
151 167
151 168
151 172
151 173
151 175
151 179
151 180
151 181
151 182
151 184
151 189
151 191
151 192
151 193
151 194
151 195
151 196
151 197
152 153
152 154
152 155
152 156
152 157
152 158
152 161
152 163
152 167
152 170
152 171
152 172
152 180
152 181
152 182
152 185
152 188
152 189
152 191
152 192
152 193
152 194
152 195
152 197
152 198
153 154
153 157
153 158
153 159
153 162
153 164
153 165
153 166
153 169
153 170
153 171
153 172
153 173
153 174
153 176
153 177
153 180
153 183
153 184
153 185
153 187
153 188
153 189
153 190
153 195
153 196
153 197
153 198
154 155
154 156
154 158
154 159
154 160
154 161
154 162
154 164
154 166
154 169
154 170
154 171
154 173
154 176
154 178
154 183
154 184
154 185
154 188
154 189
154 190
154 191
154 192
154 194
154 195
154 197
154 198
154 199
155 156
155 158
155 160
155 161
155 162
155 165
155 166
155 168
155 170
155 171
155 172
155 176
155 177
155 178
155 179
155 180
155 181
155 182
155 183
155 184
155 185
155 187
155 188
155 189
155 190
155 192
155 193
155 194
155 195
155 196
156 161
156 162
156 163
156 164
156 165
156 166
156 167
156 170
156 171
156 172
156 173
156 174
156 176
156 177
156 178
156 180
156 182
156 184
156 186
156 187
156 188
156 190
156 192
156 193
156 194
156 195
156 198
156 199
157 158
157 161
157 163
157 164
157 166
157 167
157 170
157 171
157 172
157 173
157 174
157 175
157 176
157 178
157 179
157 180
157 181
157 182
157 183
157 185
157 186
157 187
157 188
157 189
157 191
157 192
157 194
157 195
157 196
157 197
157 198
157 199
158 159
158 160
158 162
158 165
158 166
158 172
158 173
158 176
158 180
158 182
158 183
158 184
158 188
158 189
158 191
158 192
158 194
158 195
158 196
158 197
158 199
159 160
159 161
159 162
159 165
159 166
159 168
159 169
159 170
159 171
159 172
159 174
159 175
159 176
159 177
159 180
159 181
159 182
159 183
159 184
159 187
159 188
159 190
159 191
159 192
159 194
159 196
159 198
159 199
160 161
160 163
160 164
160 167
160 168
160 169
160 170
160 171
160 172
160 173
160 175
160 177
160 183
160 184
160 185
160 186
160 187
160 188
160 189
160 191
160 192
160 193
160 194
160 195
160 197
161 162
161 163
161 164
161 167
161 168
161 169
161 170
161 171
161 172
161 176
161 177
161 178
161 179
161 180
161 181
161 182
161 184
161 185
161 186
161 187
161 189
161 191
161 192
161 193
161 196
161 197
161 199
162 163
162 164
162 165
162 166
162 167
162 168
162 169
162 170
162 171
162 172
162 173
162 174
162 179
162 180
162 181
162 183
162 184
162 185
162 187
162 189
162 190
162 192
162 193
162 195
162 197
162 198
162 199
163 164
163 165
163 166
163 169
163 170
163 172
163 173
163 174
163 175
163 176
163 178
163 179
163 180
163 181
163 182
163 183
163 187
163 189
163 192
163 193
163 195
163 198
163 199
164 168
164 169
164 171
164 172
164 179
164 181
164 182
164 184
164 185
164 187
164 191
164 193
164 194
164 199
165 170
165 172
165 174
165 176
165 177
165 178
165 181
165 182
165 183
165 184
165 188
165 191
165 192
165 193
165 194
165 195
165 197
165 198
166 168
166 169
166 170
166 174
166 175
166 176
166 177
166 178
166 179
166 180
166 181
166 182
166 183
166 184
166 185
166 187
166 188
166 190
166 191
166 192
166 193
166 194
166 195
166 197
166 199
167 170
167 173
167 175
167 176
167 179
167 181
167 183
167 184
167 186
167 187
167 188
167 189
167 191
167 193
167 194
167 196
167 198
167 199
168 169
168 171
168 173
168 178
168 179
168 182
168 184
168 188
168 189
168 192
168 194
168 195
168 198
169 170
169 171
169 172
169 173
169 174
169 176
169 179
169 180
169 181
169 182
169 184
169 186
169 187
169 188
169 189
169 190
169 191
169 196
169 198
169 199
170 171
170 172
170 173
170 175
170 176
170 178
170 180
170 181
170 182
170 184
170 185
170 189
170 190
170 191
170 192
170 193
170 195
170 197
170 198
170 199
171 174
171 177
171 178
171 179
171 180
171 183
171 184
171 185
171 188
171 192
171 194
171 196
171 197
171 199
172 174
172 176
172 177
172 178
172 180
172 181
172 183
172 187
172 188
172 194
172 195
172 196
172 198
172 199
173 175
173 178
173 179
173 180
173 181
173 182
173 184
173 188
173 189
173 190
173 191
173 192
173 194
173 195
173 196
173 198
174 175
174 177
174 180
174 181
174 183
174 184
174 185
174 186
174 187
174 191
174 192
174 193
174 194
174 195
174 196
174 198
174 199
175 181
175 182
175 183
175 184
175 185
175 186
175 187
175 189
175 190
175 192
175 193
175 194
175 195
175 196
175 197
175 198
175 199
176 177
176 178
176 180
176 181
176 183
176 186
176 187
176 188
176 189
176 193
176 194
176 198
177 179
177 180
177 181
177 182
177 183
177 184
177 186
177 187
177 188
177 190
177 191
177 192
177 193
177 194
177 195
177 197
178 179
178 180
178 181
178 182
178 184
178 185
178 186
178 188
178 190
178 192
178 195
178 196
178 198
179 181
179 182
179 190
179 192
179 193
179 196
180 181
180 183
180 184
180 185
180 186
180 187
180 188
180 189
180 192
180 193
180 194
180 195
180 196
181 185
181 189
181 191
181 192
181 193
181 194
181 195
181 196
181 197
181 198
181 199
182 183
182 184
182 185
182 186
182 187
182 189
182 190
182 191
182 194
182 195
182 198
182 199
183 184
183 186
183 187
183 189
183 190
183 191
183 192
183 195
183 196
183 197
183 198
183 199
184 186
184 191
184 193
184 194
184 195
184 197
184 198
184 199
185 186
185 187
185 188
185 189
185 190
185 192
185 193
185 194
185 197
185 198
185 199
186 187
186 189
186 191
186 192
186 193
186 195
186 197
186 199
187 188
187 189
187 190
187 191
187 194
187 196
187 198
188 189
188 192
188 194
188 196
188 197
188 198
188 199
189 190
189 191
189 192
189 196
189 197
189 199
190 191
190 193
190 195
190 196
190 197
190 198
191 192
191 193
191 194
191 196
191 198
192 193
192 195
192 196
193 194
193 196
193 199
194 195
194 196
195 198
195 199
196 197
196 199
197 198
197 199
