250 6801
15 92
69 62
77 61
35 32
61 24
47 45
62 97
25 100
69 64
86 93
56 58
34 25
84 95
48 60
47 10
83 60
43 77
76 14
59 11
19 29
39 49
58 78
61 95
84 59
58 30
78 98
26 59
63 67
91 72
31 47
46 97
33 74
10 26
78 47
14 93
21 36
49 21
81 51
61 69
98 99
79 97
59 85
45 85
82 57
65 37
15 69
76 38
95 45
62 45
18 80
84 76
25 61
73 32
61 99
95 34
36 56
36 26
20 71
44 90
91 71
90 60
57 26
32 18
62 53
83 14
58 41
57 55
79 81
95 19
74 30
38 36
45 20
33 39
58 45
30 80
26 14
37 32
42 39
29 11
83 58
61 33
75 75
13 10
76 55
27 20
66 99
65 88
81 68
41 84
40 62
96 64
11 81
18 34
87 11
18 76
83 33
75 40
29 62
57 93
21 11
100 15
56 51
81 53
29 72
64 46
25 13
70 94
69 74
66 49
16 28
28 98
29 93
98 84
83 47
80 56
71 98
40 69
32 61
81 38
74 20
11 85
13 31
39 77
90 50
32 63
69 78
58 17
38 95
76 33
23 10
37 25
75 36
31 35
52 56
36 60
22 31
67 91
58 13
53 32
40 17
38 55
99 10
74 61
77 76
90 74
12 100
98 36
98 93
50 77
29 22
78 59
35 12
50 91
86 80
24 60
65 71
13 90
47 80
42 26
98 22
98 31
58 33
21 89
64 41
80 31
64 22
85 75
20 40
18 93
42 52
43 99
63 47
18 16
78 93
78 94
75 50
60 43
65 29
88 39
25 42
16 45
64 60
97 43
53 42
59 48
36 21
96 12
33 75
31 39
68 72
35 64
72 26
12 80
18 75
64 56
47 53
38 39
50 49
88 31
33 18
37 30
52 42
74 31
45 14
88 52
16 91
10 62
23 67
95 79
41 23
56 99
39 38
36 93
68 42
80 59
100 97
70 91
97 24
70 37
98 54
65 15
92 42
17 83
45 98
43 38
12 94
70 35
60 78
98 60
66 62
86 31
12 53
91 86
32 12
19 96
10 76
27 64
82 18
28 74
95 74
91 23
25 23
22 13
87 96
91 47
57 16
67 61
41 18
59 97
54 99
6248
0 1
0 2
0 8
0 10
0 17
0 26
0 28
0 36
0 38
0 39
0 44
0 51
0 52
0 61
0 65
0 68
0 71
0 73
0 83
0 84
0 86
0 87
0 93
0 95
0 98
0 99
0 103
0 105
0 111
0 117
0 120
0 125
0 130
0 131
0 132
0 141
0 150
0 152
0 155
0 157
0 160
0 165
0 172
0 178
0 182
0 183
0 184
0 188
0 189
0 194
0 195
0 197
0 208
0 212
0 217
0 218
0 223
0 226
0 228
0 235
0 243
1 17
1 30
1 41
1 43
1 59
1 60
1 63
1 66
1 75
1 80
1 86
1 95
1 100
1 104
1 116
1 117
1 129
1 134
1 138
1 142
1 144
1 161
1 165
1 171
1 172
1 182
1 183
1 192
1 195
1 196
1 199
1 202
1 211
1 212
1 216
1 219
1 222
1 225
1 228
1 232
1 235
1 242
2 7
2 9
2 13
2 14
2 19
2 20
2 22
2 23
2 25
2 26
2 31
2 38
2 53
2 56
2 63
2 65
2 66
2 73
2 74
2 76
2 80
2 81
2 83
2 84
2 93
2 95
2 99
2 101
2 105
2 111
2 114
2 119
2 122
2 125
2 133
2 134
2 137
2 149
2 160
2 163
2 172
2 174
2 178
2 186
2 187
2 197
2 201
2 207
2 212
2 229
2 231
2 236
2 238
2 240
2 247
3 6
3 8
3 10
3 11
3 14
3 15
3 18
3 21
3 44
3 48
3 50
3 57
3 60
3 62
3 65
3 66
3 78
3 79
3 83
3 84
3 86
3 91
3 100
3 102
3 106
3 107
3 110
3 115
3 117
3 120
3 126
3 134
3 138
3 145
3 152
3 158
3 161
3 162
3 164
3 171
3 173
3 184
3 192
3 193
3 219
3 224
3 239
3 244
3 248
4 9
4 32
4 33
4 37
4 41
4 43
4 48
4 50
4 53
4 54
4 72
4 77
4 81
4 83
4 85
4 92
4 101
4 105
4 107
4 109
4 123
4 126
4 127
4 128
4 131
4 134
4 137
4 138
4 142
4 143
4 154
4 156
4 164
4 168
4 175
4 183
4 187
4 193
4 200
4 219
4 221
4 224
4 226
4 228
4 235
4 237
4 241
4 248
4 249
5 6
5 8
5 11
5 16
5 21
5 26
5 44
5 45
5 46
5 48
5 52
5 54
5 59
5 62
5 74
5 77
5 85
5 86
5 87
5 88
5 90
5 92
5 93
5 99
5 101
5 104
5 117
5 118
5 121
5 125
5 134
5 135
5 139
5 150
5 154
5 155
5 156
5 159
5 163
5 165
5 168
5 171
5 176
5 177
5 188
5 190
5 200
5 212
5 213
5 219
5 221
5 225
5 233
5 234
5 235
5 238
5 247
6 7
6 10
6 11
6 14
6 18
6 20
6 33
6 36
6 38
6 44
6 48
6 55
6 56
6 57
6 62
6 74
6 80
6 99
6 103
6 105
6 119
6 132
6 135
6 136
6 137
6 138
6 144
6 146
6 149
6 150
6 151
6 154
6 155
6 159
6 164
6 167
6 174
6 178
6 181
6 183
6 187
6 188
6 189
6 190
6 191
6 199
6 205
6 206
6 209
6 214
6 218
6 221
6 224
6 225
6 233
6 235
6 245
7 13
7 24
7 26
7 39
7 40
7 44
7 49
7 56
7 62
7 63
7 77
7 85
7 90
7 91
7 93
7 104
7 105
7 107
7 118
7 126
7 130
7 131
7 147
7 149
7 151
7 152
7 153
7 156
7 160
7 167
7 171
7 186
7 193
7 199
7 200
7 205
7 208
7 215
7 219
7 233
7 239
7 241
7 244
7 245
8 21
8 27
8 41
8 42
8 48
8 49
8 51
8 55
8 59
8 60
8 65
8 76
8 84
8 96
8 98
8 101
8 102
8 112
8 132
8 133
8 136
8 140
8 149
8 150
8 161
8 162
8 182
8 191
8 195
8 200
8 211
8 220
8 222
8 232
8 233
8 236
8 242
9 14
9 15
9 19
9 20
9 21
9 24
9 27
9 31
9 46
9 48
9 49
9 55
9 62
9 71
9 87
9 88
9 90
9 97
9 99
9 102
9 108
9 123
9 124
9 126
9 131
9 135
9 141
9 144
9 145
9 148
9 154
9 156
9 167
9 171
9 173
9 175
9 184
9 185
9 186
9 191
9 196
9 201
9 203
9 204
9 205
9 213
9 222
9 229
9 234
9 236
9 249
10 13
10 14
10 17
10 27
10 30
10 40
10 42
10 51
10 65
10 69
10 70
10 73
10 87
10 89
10 91
10 93
10 96
10 97
10 99
10 100
10 109
10 114
10 117
10 126
10 137
10 141
10 143
10 149
10 153
10 155
10 156
10 164
10 169
10 187
10 190
10 195
10 196
10 204
10 211
10 212
10 214
10 223
10 231
10 233
10 235
10 240
10 242
10 247
11 13
11 17
11 30
11 41
11 43
11 46
11 49
11 53
11 65
11 67
11 73
11 76
11 79
11 87
11 90
11 91
11 93
11 94
11 97
11 103
11 105
11 111
11 121
11 133
11 136
11 143
11 156
11 171
11 173
11 174
11 193
11 194
11 196
11 202
11 206
11 210
11 212
11 215
11 216
11 223
11 232
11 236
11 243
11 244
11 245
12 16
12 17
12 29
12 32
12 52
12 56
12 61
12 63
12 92
12 97
12 98
12 101
12 102
12 107
12 110
12 116
12 118
12 119
12 133
12 137
12 138
12 149
12 154
12 161
12 171
12 172
12 175
12 182
12 183
12 203
12 211
12 214
12 215
12 219
12 220
12 221
12 223
12 227
12 231
12 237
12 238
12 244
13 25
13 26
13 27
13 28
13 34
13 36
13 39
13 44
13 47
13 48
13 60
13 62
13 65
13 68
13 72
13 81
13 82
13 85
13 87
13 88
13 93
13 111
13 119
13 121
13 129
13 140
13 142
13 146
13 153
13 154
13 157
13 165
13 167
13 170
13 174
13 176
13 177
13 185
13 193
13 196
13 200
13 202
13 211
13 212
13 217
13 226
13 227
13 230
13 231
13 240
14 24
14 26
14 35
14 40
14 46
14 67
14 70
14 75
14 84
14 85
14 87
14 91
14 94
14 95
14 96
14 103
14 105
14 106
14 109
14 113
14 120
14 124
14 127
14 128
14 130
14 134
14 140
14 159
14 163
14 166
14 176
14 187
14 195
14 196
14 199
14 201
14 204
14 205
14 211
14 219
14 230
14 247
14 249
15 25
15 26
15 28
15 30
15 31
15 32
15 33
15 36
15 45
15 56
15 59
15 60
15 64
15 66
15 86
15 88
15 95
15 106
15 110
15 111
15 113
15 126
15 127
15 130
15 131
15 139
15 140
15 144
15 156
15 157
15 162
15 171
15 177
15 185
15 186
15 188
15 193
15 196
15 218
15 224
15 228
15 229
15 233
15 235
15 236
15 238
15 239
15 245
16 32
16 43
16 47
16 54
16 56
16 63
16 72
16 77
16 97
16 111
16 113
16 117
16 124
16 125
16 130
16 133
16 137
16 138
16 143
16 156
16 157
16 159
16 163
16 168
16 176
16 177
16 188
16 192
16 202
16 207
16 212
16 213
16 215
16 216
16 218
16 221
16 225
16 226
16 228
16 232
16 233
16 234
16 237
16 244
16 246
16 249
17 28
17 32
17 35
17 40
17 44
17 45
17 46
17 54
17 56
17 60
17 63
17 69
17 70
17 74
17 79
17 90
17 91
17 98
17 100
17 112
17 122
17 125
17 135
17 142
17 149
17 151
17 161
17 166
17 171
17 173
17 174
17 181
17 184
17 191
17 194
17 208
17 219
17 229
17 239
17 244
18 21
18 25
18 26
18 29
18 33
18 36
18 37
18 49
18 61
18 64
18 66
18 67
18 71
18 75
18 76
18 80
18 82
18 89
18 96
18 108
18 109
18 115
18 122
18 128
18 133
18 137
18 143
18 145
18 149
18 151
18 161
18 162
18 171
18 175
18 180
18 182
18 188
18 204
18 205
18 206
18 207
18 217
18 218
18 219
18 240
18 244
18 247
18 248
18 249
19 22
19 44
19 45
19 51
19 52
19 66
19 72
19 75
19 79
19 87
19 96
19 97
19 99
19 102
19 103
19 109
19 118
19 121
19 123
19 135
19 143
19 145
19 146
19 155
19 165
19 177
19 181
19 183
19 185
19 196
19 200
19 207
19 211
19 212
19 222
19 243
19 246
20 25
20 26
20 28
20 30
20 43
20 45
20 50
20 56
20 60
20 61
20 62
20 64
20 70
20 72
20 73
20 75
20 82
20 94
20 98
20 99
20 101
20 104
20 106
20 107
20 116
20 130
20 133
20 139
20 142
20 143
20 145
20 156
20 158
20 162
20 164
20 170
20 172
20 173
20 174
20 183
20 186
20 188
20 197
20 198
20 200
20 202
20 209
20 229
20 235
20 238
20 239
21 22
21 25
21 29
21 33
21 35
21 41
21 54
21 64
21 74
21 75
21 76
21 79
21 83
21 91
21 92
21 93
21 108
21 110
21 113
21 128
21 135
21 136
21 137
21 139
21 140
21 143
21 150
21 156
21 157
21 162
21 170
21 179
21 182
21 191
21 196
21 197
21 200
21 202
21 204
21 210
21 211
21 216
21 218
21 219
21 223
21 235
21 237
22 23
22 27
22 28
22 29
22 31
22 33
22 42
22 49
22 64
22 68
22 72
22 74
22 84
22 88
22 92
22 93
22 98
22 100
22 104
22 132
22 140
22 150
22 156
22 162
22 163
22 164
22 166
22 172
22 176
22 178
22 184
22 185
22 186
22 189
22 196
22 202
22 212
22 215
22 217
22 219
22 223
22 227
22 230
22 231
22 234
22 238
22 240
23 31
23 35
23 40
23 44
23 74
23 75
23 87
23 94
23 101
23 102
23 104
23 112
23 113
23 121
23 125
23 133
23 135
23 138
23 141
23 143
23 145
23 153
23 156
23 169
23 170
23 175
23 176
23 186
23 187
23 188
23 190
23 200
23 214
23 219
23 225
23 227
23 230
23 235
23 245
23 248
24 33
24 38
24 44
24 46
24 49
24 52
24 59
24 72
24 74
24 75
24 76
24 84
24 88
24 92
24 99
24 106
24 109
24 117
24 123
24 127
24 134
24 137
24 138
24 145
24 147
24 150
24 152
24 161
24 163
24 170
24 173
24 177
24 180
24 183
24 189
24 201
24 212
24 221
24 232
24 234
24 238
24 243
24 248
25 31
25 34
25 40
25 41
25 42
25 48
25 51
25 64
25 83
25 84
25 88
25 104
25 109
25 119
25 121
25 128
25 140
25 142
25 143
25 146
25 156
25 174
25 179
25 181
25 182
25 185
25 186
25 189
25 193
25 199
25 200
25 208
25 210
25 212
25 213
25 218
25 219
25 223
25 230
25 231
25 232
25 239
26 28
26 30
26 37
26 39
26 46
26 61
26 76
26 80
26 85
26 86
26 96
26 99
26 100
26 105
26 111
26 112
26 122
26 133
26 142
26 147
26 156
26 157
26 168
26 175
26 176
26 178
26 196
26 198
26 200
26 203
26 207
26 211
26 217
26 218
26 224
26 231
26 237
26 240
26 242
26 245
26 248
27 29
27 31
27 32
27 40
27 45
27 54
27 55
27 58
27 62
27 63
27 69
27 70
27 82
27 101
27 113
27 128
27 135
27 146
27 158
27 162
27 164
27 168
27 170
27 172
27 184
27 190
27 191
27 196
27 202
27 212
27 213
27 214
27 216
27 230
27 232
27 235
27 238
28 31
28 37
28 43
28 44
28 45
28 58
28 60
28 61
28 65
28 72
28 77
28 85
28 109
28 110
28 126
28 127
28 133
28 135
28 139
28 142
28 145
28 148
28 149
28 157
28 163
28 167
28 180
28 181
28 182
28 188
28 190
28 192
28 200
28 202
28 218
28 219
28 220
28 229
28 231
28 237
28 249
29 31
29 36
29 39
29 42
29 49
29 63
29 70
29 76
29 83
29 85
29 88
29 91
29 92
29 96
29 98
29 107
29 115
29 119
29 123
29 130
29 132
29 135
29 137
29 138
29 150
29 151
29 155
29 158
29 163
29 167
29 168
29 173
29 174
29 182
29 184
29 188
29 191
29 193
29 199
29 200
29 211
29 212
29 215
29 216
29 217
29 223
29 224
29 225
29 226
29 229
29 241
30 31
30 45
30 51
30 52
30 55
30 64
30 69
30 73
30 76
30 80
30 85
30 104
30 110
30 123
30 124
30 128
30 129
30 131
30 132
30 135
30 137
30 139
30 141
30 142
30 143
30 149
30 157
30 165
30 176
30 181
30 184
30 185
30 188
30 194
30 196
30 201
30 204
30 210
30 215
30 219
30 220
30 222
30 229
30 237
30 238
30 239
30 241
30 242
31 36
31 39
31 45
31 46
31 52
31 56
31 58
31 65
31 67
31 73
31 74
31 79
31 80
31 85
31 86
31 90
31 96
31 102
31 115
31 133
31 135
31 144
31 154
31 155
31 160
31 161
31 167
31 175
31 181
31 189
31 190
31 196
31 197
31 208
31 213
31 219
31 226
31 232
31 237
32 39
32 43
32 45
32 49
32 50
32 57
32 60
32 73
32 77
32 78
32 82
32 83
32 96
32 98
32 103
32 104
32 107
32 109
32 111
32 118
32 128
32 134
32 137
32 145
32 149
32 160
32 163
32 169
32 179
32 184
32 190
32 193
32 194
32 202
32 204
32 210
32 214
32 228
32 238
32 246
32 247
32 248
33 34
33 38
33 43
33 52
33 54
33 56
33 66
33 68
33 73
33 76
33 78
33 83
33 87
33 94
33 100
33 107
33 135
33 136
33 139
33 140
33 141
33 149
33 150
33 159
33 161
33 164
33 166
33 167
33 168
33 176
33 181
33 185
33 187
33 192
33 193
33 205
33 207
33 220
33 223
33 225
33 226
33 232
33 243
33 247
34 41
34 43
34 46
34 61
34 69
34 76
34 80
34 83
34 97
34 103
34 104
34 118
34 120
34 131
34 134
34 140
34 147
34 149
34 153
34 154
34 163
34 164
34 171
34 172
34 176
34 178
34 179
34 181
34 185
34 200
34 202
34 205
34 206
34 209
34 210
34 221
35 36
35 40
35 48
35 55
35 60
35 63
35 72
35 81
35 94
35 99
35 100
35 101
35 118
35 120
35 121
35 123
35 126
35 133
35 135
35 140
35 143
35 148
35 155
35 157
35 163
35 171
35 172
35 175
35 197
35 198
35 209
35 215
35 221
35 227
35 236
35 239
35 242
35 248
35 249
36 37
36 42
36 43
36 45
36 46
36 47
36 50
36 51
36 55
36 58
36 59
36 69
36 74
36 76
36 85
36 89
36 96
36 98
36 100
36 102
36 103
36 121
36 128
36 146
36 150
36 151
36 162
36 165
36 167
36 168
36 181
36 185
36 186
36 190
36 193
36 207
36 212
36 214
36 221
36 236
36 243
36 245
36 246
36 248
36 249
37 39
37 48
37 53
37 54
37 56
37 57
37 59
37 63
37 67
37 68
37 70
37 71
37 76
37 79
37 82
37 83
37 87
37 90
37 93
37 94
37 95
37 105
37 106
37 110
37 113
37 115
37 116
37 118
37 122
37 130
37 142
37 146
37 150
37 162
37 163
37 174
37 191
37 193
37 195
37 197
37 200
37 208
37 214
37 223
37 225
37 228
37 244
37 245
37 246
37 247
37 249
38 41
38 45
38 55
38 68
38 69
38 70
38 72
38 73
38 76
38 85
38 89
38 94
38 98
38 108
38 113
38 114
38 122
38 130
38 132
38 133
38 137
38 139
38 146
38 151
38 159
38 163
38 165
38 170
38 176
38 183
38 185
38 187
38 201
38 202
38 206
38 212
38 213
38 217
38 222
38 225
38 227
38 228
38 233
38 239
38 245
38 248
39 46
39 62
39 70
39 71
39 73
39 75
39 82
39 87
39 88
39 90
39 91
39 92
39 93
39 95
39 105
39 108
39 112
39 113
39 115
39 116
39 125
39 128
39 134
39 145
39 146
39 150
39 152
39 153
39 157
39 163
39 164
39 165
39 167
39 171
39 178
39 193
39 200
39 201
39 202
39 206
39 218
39 222
39 224
39 226
39 227
39 229
39 240
40 44
40 46
40 47
40 59
40 66
40 69
40 77
40 79
40 94
40 95
40 96
40 97
40 101
40 102
40 104
40 110
40 115
40 117
40 124
40 125
40 134
40 136
40 145
40 149
40 158
40 163
40 165
40 176
40 179
40 186
40 187
40 188
40 194
40 197
40 198
40 199
40 210
40 214
40 218
40 219
40 220
40 234
40 235
40 236
40 241
41 44
41 55
41 59
41 62
41 64
41 67
41 68
41 74
41 76
41 83
41 84
41 96
41 97
41 99
41 103
41 114
41 116
41 117
41 126
41 131
41 136
41 137
41 143
41 144
41 149
41 150
41 157
41 158
41 167
41 169
41 173
41 179
41 180
41 183
41 191
41 192
41 195
41 200
41 203
41 209
41 212
41 225
41 229
41 232
41 239
41 243
41 249
42 53
42 69
42 82
42 85
42 90
42 95
42 99
42 103
42 106
42 112
42 124
42 125
42 127
42 128
42 134
42 135
42 138
42 139
42 142
42 152
42 154
42 159
42 164
42 170
42 178
42 191
42 192
42 196
42 201
42 203
42 210
42 213
42 221
42 226
42 234
42 244
42 245
42 248
43 46
43 49
43 50
43 52
43 60
43 68
43 69
43 70
43 76
43 79
43 92
43 95
43 96
43 97
43 100
43 103
43 112
43 114
43 117
43 119
43 122
43 127
43 136
43 145
43 148
43 160
43 165
43 166
43 168
43 169
43 181
43 186
43 191
43 207
43 216
43 218
43 225
43 227
43 235
43 237
43 246
44 54
44 55
44 64
44 65
44 66
44 69
44 70
44 71
44 76
44 78
44 91
44 94
44 99
44 102
44 104
44 109
44 113
44 123
44 139
44 140
44 146
44 158
44 160
44 163
44 169
44 176
44 177
44 178
44 184
44 192
44 195
44 197
44 203
44 204
44 211
44 213
44 214
44 216
44 217
44 220
44 225
44 230
44 231
44 235
44 237
44 244
44 246
45 55
45 61
45 69
45 79
45 85
45 92
45 96
45 99
45 101
45 104
45 105
45 108
45 111
45 114
45 117
45 122
45 129
45 136
45 139
45 141
45 143
45 154
45 155
45 164
45 170
45 173
45 177
45 179
45 186
45 190
45 194
45 197
45 201
45 203
45 204
45 207
45 221
45 229
45 235
45 236
45 240
45 241
45 243
45 247
45 249
46 48
46 51
46 52
46 53
46 55
46 58
46 59
46 67
46 78
46 85
46 90
46 94
46 95
46 97
46 99
46 117
46 125
46 135
46 139
46 142
46 144
46 149
46 152
46 154
46 167
46 172
46 187
46 188
46 190
46 195
46 202
46 210
46 212
46 219
46 220
46 221
46 227
46 230
46 231
46 234
46 243
46 244
46 245
46 246
46 248
47 48
47 51
47 54
47 56
47 63
47 69
47 70
47 73
47 76
47 79
47 80
47 81
47 87
47 93
47 95
47 100
47 112
47 115
47 119
47 120
47 126
47 128
47 129
47 140
47 144
47 151
47 157
47 158
47 161
47 170
47 175
47 178
47 180
47 183
47 186
47 207
47 215
47 219
47 228
47 230
47 234
47 239
47 242
48 69
48 82
48 83
48 86
48 89
48 92
48 99
48 102
48 114
48 126
48 128
48 137
48 145
48 148
48 151
48 155
48 158
48 166
48 178
48 183
48 193
48 196
48 202
48 207
48 208
48 213
48 218
48 220
48 221
48 222
48 227
48 232
48 238
48 245
49 52
49 64
49 70
49 78
49 88
49 93
49 95
49 96
49 103
49 116
49 125
49 135
49 137
49 143
49 148
49 153
49 155
49 156
49 168
49 172
49 175
49 182
49 186
49 205
49 209
49 220
49 225
49 226
49 237
49 240
49 243
49 247
50 58
50 60
50 73
50 76
50 78
50 88
50 90
50 91
50 100
50 101
50 102
50 121
50 127
50 129
50 130
50 146
50 154
50 158
50 164
50 165
50 180
50 181
50 186
50 190
50 198
50 212
50 220
50 227
50 234
50 236
50 242
50 249
51 64
51 65
51 67
51 69
51 74
51 83
51 85
51 86
51 90
51 95
51 96
51 97
51 99
51 101
51 106
51 110
51 115
51 116
51 122
51 137
51 140
51 142
51 144
51 152
51 153
51 170
51 177
51 178
51 179
51 181
51 188
51 194
51 198
51 200
51 202
51 213
51 215
51 217
51 221
51 226
51 233
51 234
51 247
51 248
52 55
52 62
52 64
52 66
52 67
52 68
52 75
52 76
52 83
52 84
52 86
52 88
52 89
52 91
52 93
52 95
52 102
52 104
52 106
52 112
52 117
52 126
52 130
52 131
52 133
52 147
52 149
52 152
52 154
52 155
52 169
52 170
52 171
52 176
52 179
52 185
52 186
52 187
52 188
52 191
52 194
52 198
52 205
52 209
52 218
52 220
52 224
52 228
52 230
52 235
53 57
53 59
53 61
53 62
53 67
53 82
53 85
53 86
53 87
53 88
53 89
53 96
53 97
53 102
53 103
53 115
53 117
53 119
53 121
53 125
53 134
53 139
53 143
53 146
53 150
53 151
53 152
53 159
53 160
53 173
53 177
53 187
53 189
53 193
53 199
53 202
53 214
53 215
53 228
53 235
53 237
53 242
53 243
54 61
54 66
54 68
54 69
54 74
54 75
54 79
54 82
54 92
54 101
54 102
54 110
54 118
54 124
54 132
54 134
54 136
54 140
54 141
54 143
54 154
54 155
54 156
54 171
54 178
54 187
54 221
54 222
54 225
54 228
54 230
54 232
54 236
54 245
54 249
55 60
55 62
55 81
55 83
55 85
55 87
55 91
55 93
55 96
55 98
55 101
55 105
55 106
55 109
55 120
55 122
55 125
55 126
55 134
55 137
55 143
55 156
55 164
55 170
55 182
55 185
55 186
55 194
55 195
55 197
55 204
55 205
55 215
55 220
55 222
55 229
55 233
55 246
56 63
56 66
56 73
56 75
56 81
56 84
56 94
56 108
56 114
56 115
56 118
56 119
56 123
56 126
56 127
56 131
56 136
56 139
56 143
56 150
56 154
56 157
56 166
56 168
56 171
56 179
56 186
56 188
56 200
56 220
56 222
56 223
56 226
56 228
56 236
56 241
56 245
57 60
57 65
57 67
57 72
57 75
57 80
57 87
57 94
57 98
57 116
57 121
57 126
57 127
57 128
57 134
57 137
57 142
57 143
57 144
57 156
57 158
57 161
57 171
57 173
57 177
57 179
57 180
57 183
57 184
57 194
57 195
57 197
57 198
57 200
57 203
57 213
57 225
57 226
57 234
57 237
57 238
57 239
57 243
57 247
57 249
58 61
58 65
58 73
58 79
58 84
58 85
58 86
58 94
58 104
58 106
58 115
58 124
58 129
58 131
58 133
58 135
58 136
58 144
58 146
58 151
58 154
58 156
58 166
58 168
58 173
58 174
58 175
58 179
58 184
58 197
58 198
58 202
58 203
58 213
58 216
58 220
58 222
58 235
58 236
58 237
58 243
59 74
59 76
59 77
59 78
59 83
59 84
59 95
59 99
59 110
59 111
59 115
59 130
59 138
59 139
59 140
59 143
59 146
59 147
59 149
59 156
59 160
59 168
59 169
59 170
59 172
59 173
59 177
59 182
59 188
59 195
59 204
59 205
59 210
59 213
59 219
59 227
59 237
59 241
59 242
59 243
59 244
59 248
60 71
60 86
60 95
60 107
60 110
60 128
60 130
60 140
60 150
60 151
60 152
60 153
60 155
60 160
60 166
60 176
60 179
60 183
60 185
60 192
60 194
60 195
60 197
60 210
60 213
60 222
60 229
60 240
60 246
60 249
61 65
61 70
61 75
61 84
61 85
61 88
61 91
61 112
61 116
61 120
61 122
61 123
61 125
61 127
61 132
61 137
61 140
61 145
61 146
61 147
61 149
61 152
61 154
61 157
61 159
61 166
61 171
61 181
61 182
61 185
61 191
61 203
61 217
61 222
61 227
61 228
61 237
61 238
61 243
61 247
61 248
62 63
62 67
62 86
62 104
62 105
62 108
62 111
62 112
62 117
62 121
62 134
62 135
62 136
62 141
62 147
62 153
62 170
62 172
62 174
62 177
62 178
62 179
62 182
62 185
62 203
62 217
62 218
62 219
62 225
62 229
62 235
62 242
62 245
62 247
62 248
62 249
63 70
63 79
63 83
63 93
63 107
63 110
63 112
63 115
63 124
63 132
63 133
63 136
63 139
63 141
63 145
63 146
63 147
63 149
63 153
63 157
63 167
63 171
63 186
63 192
63 196
63 200
63 213
63 214
63 217
63 221
63 225
63 242
63 243
63 244
64 66
64 67
64 69
64 70
64 73
64 81
64 83
64 84
64 85
64 99
64 101
64 113
64 116
64 118
64 123
64 124
64 125
64 137
64 140
64 146
64 149
64 156
64 160
64 165
64 167
64 184
64 185
64 188
64 190
64 194
64 195
64 198
64 199
64 202
64 212
64 228
64 229
64 232
64 233
64 238
64 239
64 245
65 67
65 68
65 70
65 71
65 73
65 74
65 88
65 100
65 101
65 103
65 114
65 137
65 141
65 144
65 146
65 149
65 161
65 169
65 170
65 172
65 181
65 182
65 188
65 191
65 193
65 197
65 201
65 204
65 205
65 208
65 213
65 214
65 232
65 235
65 237
65 241
65 246
66 69
66 79
66 81
66 84
66 87
66 88
66 89
66 96
66 97
66 101
66 108
66 109
66 112
66 113
66 115
66 121
66 126
66 131
66 132
66 146
66 147
66 159
66 162
66 163
66 175
66 177
66 178
66 181
66 183
66 186
66 191
66 193
66 196
66 198
66 210
66 220
66 224
66 225
66 226
66 229
66 230
66 236
66 243
67 73
67 74
67 86
67 101
67 105
67 112
67 116
67 135
67 138
67 147
67 148
67 157
67 162
67 164
67 182
67 184
67 189
67 193
67 194
67 197
67 207
67 208
67 217
67 225
67 229
67 233
67 235
67 242
67 243
68 70
68 72
68 74
68 76
68 83
68 90
68 93
68 99
68 103
68 109
68 110
68 120
68 129
68 130
68 132
68 135
68 144
68 153
68 166
68 168
68 176
68 182
68 183
68 189
68 199
68 200
68 203
68 216
68 220
68 221
68 224
68 228
68 230
68 232
68 235
68 236
68 237
68 241
68 243
68 247
68 249
69 81
69 87
69 99
69 106
69 108
69 109
69 120
69 128
69 129
69 134
69 135
69 136
69 146
69 148
69 149
69 151
69 152
69 156
69 157
69 160
69 170
69 177
69 190
69 196
69 197
69 200
69 201
69 203
69 208
69 211
69 214
69 219
69 222
69 228
69 239
69 240
69 244
69 245
69 246
70 72
70 80
70 81
70 82
70 92
70 99
70 109
70 121
70 124
70 126
70 137
70 140
70 147
70 149
70 162
70 172
70 180
70 185
70 188
70 193
70 195
70 206
70 207
70 209
70 213
70 225
70 236
70 244
71 83
71 85
71 89
71 92
71 95
71 103
71 118
71 120
71 122
71 124
71 130
71 136
71 146
71 149
71 152
71 157
71 160
71 170
71 174
71 178
71 179
71 189
71 200
71 205
71 207
71 210
71 222
71 223
71 224
71 228
71 237
71 245
72 80
72 81
72 82
72 84
72 86
72 100
72 104
72 111
72 123
72 126
72 135
72 139
72 146
72 148
72 151
72 152
72 154
72 168
72 169
72 171
72 172
72 174
72 175
72 196
72 197
72 206
72 217
72 222
72 228
72 239
72 242
72 243
73 81
73 83
73 102
73 111
73 118
73 119
73 121
73 122
73 123
73 128
73 129
73 130
73 133
73 138
73 142
73 143
73 146
73 150
73 154
73 155
73 163
73 167
73 172
73 174
73 181
73 184
73 185
73 188
73 191
73 194
73 205
73 211
73 212
73 213
73 220
73 225
73 228
73 229
73 232
73 236
73 238
74 77
74 79
74 87
74 90
74 92
74 94
74 98
74 100
74 102
74 104
74 109
74 117
74 119
74 121
74 131
74 132
74 134
74 140
74 150
74 154
74 158
74 162
74 163
74 164
74 167
74 170
74 172
74 175
74 184
74 185
74 187
74 189
74 190
74 191
74 194
74 195
74 203
74 215
74 216
74 217
74 221
74 223
74 226
74 232
74 240
74 241
74 243
74 246
75 79
75 80
75 86
75 90
75 94
75 101
75 103
75 104
75 106
75 107
75 108
75 116
75 118
75 121
75 130
75 136
75 138
75 141
75 144
75 145
75 149
75 150
75 176
75 197
75 201
75 204
75 205
75 210
75 214
75 224
75 232
75 233
75 239
75 246
76 79
76 80
76 83
76 88
76 89
76 106
76 110
76 111
76 120
76 128
76 130
76 141
76 159
76 168
76 174
76 184
76 187
76 203
76 207
76 215
76 223
76 224
76 227
76 231
76 232
76 240
76 246
76 249
77 85
77 86
77 89
77 96
77 103
77 118
77 120
77 122
77 128
77 140
77 146
77 147
77 155
77 159
77 164
77 176
77 179
77 183
77 190
77 197
77 199
77 203
77 214
77 216
77 220
77 224
77 229
77 241
77 245
77 247
77 249
78 81
78 82
78 83
78 84
78 90
78 92
78 93
78 95
78 97
78 98
78 101
78 102
78 124
78 125
78 130
78 135
78 136
78 141
78 146
78 152
78 155
78 156
78 158
78 160
78 165
78 166
78 175
78 178
78 181
78 191
78 197
78 201
78 204
78 210
78 223
78 232
78 248
79 85
79 98
79 102
79 105
79 106
79 116
79 119
79 121
79 126
79 133
79 134
79 136
79 137
79 141
79 143
79 144
79 152
79 163
79 167
79 169
79 174
79 185
79 186
79 199
79 203
79 211
79 218
79 220
79 221
79 231
79 237
79 249
80 82
80 83
80 86
80 87
80 95
80 99
80 111
80 112
80 116
80 119
80 131
80 132
80 137
80 142
80 155
80 156
80 158
80 168
80 170
80 171
80 175
80 179
80 181
80 183
80 193
80 197
80 219
80 221
80 228
80 231
80 244
80 249
81 86
81 87
81 89
81 99
81 107
81 109
81 130
81 131
81 134
81 135
81 139
81 140
81 153
81 159
81 162
81 163
81 164
81 173
81 176
81 182
81 187
81 192
81 195
81 198
81 202
81 205
81 212
81 215
81 221
81 223
81 226
81 230
81 233
81 246
82 84
82 89
82 91
82 94
82 100
82 109
82 112
82 115
82 121
82 125
82 126
82 128
82 130
82 140
82 151
82 156
82 163
82 169
82 176
82 177
82 180
82 186
82 188
82 193
82 196
82 219
82 220
82 221
82 224
82 228
82 235
82 237
82 244
83 88
83 92
83 97
83 98
83 109
83 116
83 118
83 121
83 122
83 146
83 160
83 169
83 180
83 184
83 185
83 190
83 192
83 197
83 220
83 223
83 226
83 229
83 238
83 242
83 243
84 98
84 100
84 102
84 111
84 113
84 119
84 124
84 125
84 128
84 130
84 138
84 154
84 156
84 162
84 165
84 170
84 186
84 188
84 190
84 191
84 195
84 197
84 199
84 212
84 213
84 216
84 220
84 226
84 232
84 245
85 87
85 98
85 110
85 111
85 112
85 114
85 127
85 132
85 133
85 136
85 142
85 143
85 148
85 150
85 152
85 153
85 154
85 158
85 168
85 169
85 175
85 177
85 179
85 182
85 193
85 198
85 200
85 203
85 205
85 211
85 214
85 215
85 218
85 219
85 223
85 239
85 242
85 243
85 244
85 247
85 249
86 89
86 100
86 103
86 125
86 126
86 139
86 145
86 148
86 149
86 154
86 163
86 165
86 184
86 196
86 200
86 203
86 207
86 213
86 216
86 222
86 223
86 238
86 241
86 245
86 249
87 112
87 117
87 122
87 133
87 135
87 150
87 151
87 156
87 158
87 171
87 172
87 178
87 180
87 182
87 184
87 190
87 191
87 208
87 209
87 210
87 219
87 222
87 225
87 237
87 238
87 239
87 241
87 242
87 243
87 244
88 93
88 100
88 103
88 107
88 110
88 124
88 126
88 131
88 136
88 142
88 160
88 162
88 164
88 173
88 181
88 182
88 185
88 187
88 192
88 197
88 201
88 202
88 203
88 213
88 221
88 239
88 243
88 244
89 90
89 93
89 94
89 95
89 98
89 103
89 107
89 111
89 116
89 117
89 124
89 127
89 128
89 129
89 134
89 137
89 141
89 144
89 145
89 147
89 154
89 161
89 162
89 164
89 169
89 175
89 179
89 180
89 191
89 195
89 197
89 198
89 200
89 214
89 216
89 217
89 226
89 240
89 245
90 101
90 113
90 121
90 124
90 125
90 127
90 134
90 140
90 142
90 145
90 147
90 148
90 158
90 162
90 169
90 171
90 172
90 174
90 175
90 188
90 207
90 208
90 210
90 214
90 235
90 246
90 247
91 98
91 109
91 113
91 125
91 126
91 130
91 137
91 146
91 149
91 150
91 152
91 155
91 158
91 160
91 172
91 175
91 180
91 182
91 187
91 189
91 193
91 201
91 206
91 212
91 219
91 220
91 221
91 224
91 227
91 228
91 229
91 231
91 240
91 242
91 245
91 246
91 248
92 96
92 102
92 103
92 104
92 113
92 115
92 116
92 118
92 121
92 127
92 129
92 131
92 134
92 136
92 137
92 140
92 146
92 147
92 149
92 152
92 157
92 158
92 168
92 180
92 182
92 188
92 193
92 194
92 195
92 196
92 198
92 200
92 201
92 206
92 207
92 211
92 212
92 214
92 216
92 218
92 221
92 235
92 236
92 237
92 241
93 100
93 101
93 102
93 103
93 114
93 116
93 122
93 128
93 139
93 142
93 153
93 156
93 157
93 159
93 161
93 163
93 165
93 174
93 182
93 184
93 191
93 192
93 194
93 196
93 201
93 220
93 230
93 232
93 236
93 239
93 242
93 244
94 102
94 104
94 108
94 110
94 114
94 115
94 124
94 126
94 131
94 142
94 143
94 146
94 147
94 149
94 154
94 155
94 176
94 178
94 179
94 182
94 185
94 195
94 197
94 198
94 203
94 204
94 211
94 212
94 213
94 222
94 223
94 228
94 234
94 242
94 243
94 244
94 246
95 96
95 99
95 100
95 123
95 130
95 131
95 134
95 137
95 140
95 151
95 166
95 167
95 169
95 171
95 183
95 184
95 196
95 204
95 215
95 218
95 222
95 230
95 231
95 237
95 240
96 104
96 111
96 117
96 118
96 126
96 131
96 155
96 156
96 161
96 169
96 186
96 189
96 190
96 194
96 200
96 206
96 208
96 210
96 211
96 216
96 217
96 218
96 220
96 230
96 233
96 234
96 235
96 240
96 243
96 246
97 100
97 102
97 113
97 115
97 119
97 122
97 138
97 155
97 158
97 176
97 179
97 184
97 194
97 198
97 202
97 231
97 239
97 241
97 245
97 249
98 111
98 123
98 125
98 130
98 133
98 134
98 135
98 139
98 141
98 159
98 170
98 173
98 183
98 189
98 197
98 200
98 208
98 210
98 215
98 218
98 227
98 232
98 240
98 247
99 106
99 110
99 113
99 116
99 121
99 130
99 137
99 139
99 140
99 143
99 145
99 146
99 148
99 155
99 163
99 181
99 184
99 187
99 189
99 196
99 197
99 205
99 209
99 211
99 214
99 215
99 218
99 227
99 231
99 234
99 235
99 239
99 242
99 243
99 247
100 101
100 112
100 114
100 115
100 116
100 117
100 122
100 123
100 127
100 129
100 140
100 148
100 154
100 158
100 168
100 171
100 184
100 186
100 187
100 188
100 191
100 198
100 205
100 210
100 213
100 215
100 230
100 231
100 233
101 110
101 120
101 124
101 125
101 133
101 134
101 140
101 141
101 145
101 147
101 148
101 152
101 153
101 163
101 171
101 178
101 183
101 185
101 190
101 193
101 197
101 206
101 215
101 216
101 233
101 234
101 235
101 236
101 238
101 239
101 243
101 248
102 103
102 106
102 107
102 110
102 112
102 120
102 125
102 127
102 132
102 144
102 153
102 157
102 158
102 161
102 164
102 171
102 174
102 180
102 183
102 200
102 202
102 203
102 208
102 211
102 213
102 220
102 223
102 230
102 240
103 106
103 108
103 110
103 119
103 120
103 130
103 133
103 134
103 136
103 137
103 139
103 145
103 149
103 154
103 165
103 166
103 168
103 172
103 173
103 174
103 180
103 184
103 186
103 189
103 190
103 192
103 193
103 198
103 199
103 203
103 206
103 210
103 216
103 221
103 223
103 236
103 239
103 242
103 249
104 109
104 110
104 112
104 122
104 128
104 136
104 149
104 154
104 177
104 182
104 187
104 188
104 190
104 195
104 201
104 203
104 205
104 208
104 210
104 217
104 220
104 222
104 223
104 225
104 246
104 248
105 111
105 113
105 115
105 117
105 120
105 121
105 132
105 135
105 139
105 142
105 152
105 156
105 158
105 160
105 167
105 169
105 182
105 186
105 192
105 193
105 200
105 203
105 206
105 208
105 213
105 215
105 218
105 221
105 226
105 228
105 240
105 241
105 244
106 107
106 117
106 118
106 124
106 125
106 127
106 131
106 134
106 149
106 157
106 158
106 161
106 167
106 172
106 183
106 186
106 188
106 196
106 202
106 203
106 214
106 229
106 231
106 232
106 236
106 238
106 245
107 108
107 109
107 115
107 118
107 124
107 128
107 141
107 143
107 147
107 157
107 161
107 175
107 176
107 178
107 182
107 186
107 187
107 195
107 197
107 198
107 203
107 205
107 213
107 216
107 221
107 227
107 228
107 242
108 113
108 117
108 120
108 132
108 135
108 147
108 148
108 153
108 160
108 166
108 168
108 172
108 175
108 178
108 180
108 199
108 206
108 207
108 212
108 213
108 216
108 217
108 226
108 230
108 235
108 242
108 246
108 247
108 249
109 118
109 121
109 125
109 136
109 140
109 150
109 153
109 158
109 159
109 161
109 165
109 168
109 173
109 176
109 177
109 189
109 193
109 196
109 203
109 206
109 209
109 219
109 235
109 236
109 239
109 244
109 248
110 115
110 125
110 136
110 139
110 141
110 143
110 144
110 146
110 150
110 156
110 157
110 164
110 185
110 186
110 188
110 193
110 194
110 196
110 200
110 216
110 218
110 219
110 223
110 228
110 231
110 233
110 234
110 242
111 134
111 143
111 146
111 150
111 155
111 156
111 160
111 163
111 168
111 175
111 177
111 178
111 183
111 184
111 188
111 197
111 198
111 201
111 207
111 212
111 218
111 222
111 233
111 240
112 114
112 116
112 139
112 143
112 145
112 146
112 166
112 172
112 193
112 199
112 204
112 207
112 209
112 213
112 221
112 223
112 233
112 234
112 238
112 240
113 114
113 120
113 121
113 131
113 135
113 138
113 140
113 143
113 145
113 148
113 151
113 167
113 168
113 173
113 178
113 180
113 184
113 191
113 196
113 197
113 203
113 206
113 215
113 219
113 223
113 225
113 236
113 242
113 245
114 124
114 126
114 130
114 131
114 146
114 147
114 153
114 161
114 166
114 167
114 172
114 177
114 186
114 188
114 192
114 193
114 201
114 205
114 224
114 226
114 232
114 235
114 240
114 242
114 243
114 244
114 245
115 119
115 121
115 124
115 127
115 128
115 131
115 133
115 142
115 160
115 174
115 181
115 185
115 186
115 193
115 216
115 222
115 228
115 230
115 231
115 235
115 242
115 243
116 121
116 127
116 134
116 136
116 137
116 138
116 144
116 145
116 150
116 163
116 165
116 177
116 178
116 190
116 191
116 192
116 198
116 210
116 212
116 219
116 223
116 224
116 233
117 126
117 130
117 138
117 140
117 150
117 155
117 157
117 159
117 160
117 163
117 167
117 169
117 180
117 184
117 189
117 190
117 206
117 209
117 218
117 220
117 231
117 236
117 240
117 241
117 243
117 247
117 248
117 249
118 130
118 131
118 139
118 149
118 151
118 155
118 158
118 167
118 174
118 175
118 178
118 179
118 180
118 189
118 201
118 204
118 207
118 211
118 213
118 217
118 223
118 226
118 227
118 230
118 234
118 237
119 120
119 121
119 125
119 131
119 134
119 139
119 143
119 149
119 160
119 162
119 168
119 170
119 174
119 180
119 183
119 186
119 189
119 195
119 200
119 204
119 206
119 211
119 218
119 222
119 224
119 227
119 228
119 229
119 231
119 238
119 248
119 249
120 122
120 127
120 133
120 135
120 139
120 145
120 148
120 149
120 150
120 151
120 153
120 157
120 175
120 176
120 188
120 189
120 194
120 205
120 214
120 228
120 231
120 236
120 243
120 247
121 122
121 133
121 141
121 144
121 145
121 148
121 152
121 154
121 161
121 162
121 165
121 166
121 167
121 168
121 175
121 176
121 177
121 200
121 201
121 205
121 207
121 212
121 217
121 220
121 224
121 228
121 231
121 234
121 240
121 245
122 128
122 134
122 135
122 137
122 138
122 142
122 146
122 150
122 154
122 158
122 159
122 160
122 174
122 178
122 184
122 190
122 192
122 195
122 198
122 201
122 204
122 205
122 217
122 224
122 226
122 235
123 132
123 135
123 141
123 150
123 151
123 154
123 156
123 164
123 171
123 174
123 181
123 183
123 184
123 190
123 197
123 203
123 204
123 208
123 211
123 217
123 224
123 226
123 232
123 233
123 238
123 245
124 125
124 137
124 139
124 141
124 162
124 164
124 174
124 179
124 182
124 183
124 193
124 204
124 207
124 209
124 211
124 213
124 214
124 216
124 228
124 230
124 234
124 236
124 237
124 246
125 128
125 131
125 135
125 149
125 155
125 158
125 162
125 164
125 167
125 191
125 192
125 197
125 205
125 207
125 214
125 224
125 246
126 127
126 135
126 138
126 142
126 143
126 146
126 147
126 149
126 150
126 152
126 154
126 157
126 159
126 171
126 177
126 179
126 188
126 190
126 199
126 205
126 209
126 210
126 221
126 222
126 231
126 244
127 128
127 137
127 139
127 146
127 160
127 163
127 175
127 185
127 187
127 188
127 197
127 207
127 212
127 214
127 216
127 221
127 224
127 242
128 134
128 136
128 143
128 147
128 149
128 152
128 157
128 159
128 162
128 165
128 174
128 177
128 178
128 186
128 192
128 194
128 200
128 220
128 222
128 224
128 226
128 243
129 141
129 146
129 152
129 154
129 158
129 159
129 160
129 167
129 170
129 174
129 185
129 191
129 192
129 195
129 198
129 203
129 208
129 214
129 220
129 223
129 226
129 227
129 230
129 238
129 239
129 241
130 137
130 140
130 163
130 173
130 187
130 191
130 192
130 199
130 200
130 203
130 206
130 213
130 224
130 241
130 243
130 248
130 249
131 137
131 139
131 148
131 150
131 157
131 180
131 187
131 194
131 206
131 214
131 225
131 241
131 245
132 133
132 134
132 147
132 149
132 153
132 157
132 159
132 161
132 163
132 165
132 175
132 176
132 180
132 183
132 186
132 188
132 189
132 191
132 199
132 205
132 210
132 212
132 214
132 217
132 220
132 226
132 227
132 228
132 231
132 236
132 238
132 243
132 247
132 248
132 249
133 137
133 141
133 142
133 147
133 151
133 156
133 158
133 159
133 161
133 162
133 166
133 174
133 176
133 178
133 179
133 181
133 185
133 187
133 191
133 192
133 213
133 214
133 215
133 218
133 219
133 225
133 232
133 234
133 239
133 242
133 246
134 139
134 140
134 146
134 147
134 152
134 167
134 169
134 180
134 181
134 192
134 194
134 201
134 205
134 206
134 207
134 209
134 211
134 216
134 219
134 221
134 225
134 228
134 238
134 239
134 242
134 248
135 138
135 139
135 142
135 156
135 163
135 165
135 167
135 178
135 180
135 182
135 189
135 191
135 193
135 198
135 201
135 208
135 210
135 217
135 227
135 228
135 242
135 245
135 247
136 142
136 149
136 151
136 160
136 161
136 173
136 176
136 186
136 187
136 212
136 214
136 219
136 225
136 226
136 228
136 239
136 242
136 243
136 247
137 140
137 148
137 153
137 166
137 175
137 179
137 183
137 189
137 194
137 195
137 197
137 211
137 217
137 218
137 220
137 222
137 223
137 231
137 238
137 239
137 240
137 241
137 243
137 246
137 248
138 139
138 146
138 151
138 154
138 155
138 159
138 165
138 167
138 171
138 174
138 178
138 182
138 184
138 185
138 186
138 188
138 192
138 195
138 204
138 220
138 223
138 224
138 227
138 237
138 243
139 144
139 152
139 154
139 156
139 159
139 160
139 161
139 163
139 166
139 168
139 172
139 173
139 177
139 178
139 183
139 192
139 199
139 208
139 209
139 213
139 222
139 225
139 228
139 231
139 234
139 235
139 238
139 244
139 246
139 247
140 143
140 146
140 150
140 151
140 155
140 157
140 158
140 159
140 160
140 163
140 166
140 175
140 177
140 178
140 179
140 185
140 187
140 196
140 208
140 214
140 222
140 228
140 231
140 241
140 244
140 248
141 147
141 153
141 156
141 157
141 159
141 168
141 170
141 184
141 186
141 189
141 191
141 193
141 194
141 197
141 200
141 208
141 209
141 219
141 224
141 226
141 229
141 238
141 240
142 144
142 145
142 147
142 148
142 151
142 172
142 176
142 197
142 200
142 204
142 212
142 213
142 222
142 223
142 234
142 236
142 237
142 241
142 244
143 147
143 156
143 163
143 170
143 173
143 178
143 185
143 188
143 192
143 195
143 201
143 202
143 204
143 213
143 249
144 148
144 149
144 150
144 160
144 163
144 164
144 167
144 169
144 171
144 172
144 173
144 176
144 183
144 184
144 185
144 188
144 196
144 201
144 211
144 212
144 225
144 228
144 231
144 238
144 245
145 164
145 166
145 168
145 182
145 184
145 197
145 218
145 220
145 228
145 230
145 236
145 239
145 246
145 248
146 148
146 149
146 157
146 168
146 172
146 181
146 183
146 184
146 203
146 204
146 207
146 208
146 211
146 213
146 217
146 222
146 225
146 227
146 228
146 232
146 233
146 237
147 150
147 160
147 166
147 167
147 168
147 175
147 183
147 184
147 186
147 190
147 192
147 195
147 198
147 201
147 204
147 225
147 226
147 229
147 232
147 234
148 152
148 153
148 158
148 171
148 172
148 174
148 176
148 180
148 185
148 193
148 196
148 209
148 213
148 220
148 222
148 224
148 226
148 228
148 231
148 232
148 234
148 240
148 245
149 156
149 162
149 165
149 167
149 174
149 177
149 181
149 186
149 190
149 193
149 208
149 213
149 214
149 219
149 234
149 242
149 245
150 153
150 161
150 169
150 170
150 181
150 190
150 193
150 199
150 203
150 208
150 209
150 220
150 227
150 231
150 232
150 235
151 152
151 161
151 162
151 166
151 167
151 173
151 178
151 188
151 197
151 202
151 204
151 205
151 207
151 209
151 215
151 217
151 221
151 232
151 242
151 243
151 249
152 157
152 158
152 161
152 162
152 164
152 167
152 177
152 179
152 193
152 196
152 199
152 204
152 205
152 206
152 208
152 211
152 215
152 221
152 224
152 227
152 238
152 241
152 249
153 161
153 163
153 165
153 166
153 172
153 174
153 180
153 182
153 190
153 195
153 200
153 205
153 206
153 215
153 219
153 220
153 223
153 224
153 238
153 243
154 161
154 168
154 174
154 175
154 177
154 188
154 189
154 193
154 194
154 199
154 206
154 207
154 212
154 217
154 224
154 228
154 234
154 235
154 247
155 165
155 175
155 179
155 181
155 186
155 187
155 188
155 191
155 200
155 206
155 214
155 215
155 217
155 219
155 221
155 232
155 237
155 240
155 242
156 158
156 160
156 166
156 177
156 182
156 184
156 186
156 187
156 190
156 196
156 200
156 203
156 204
156 209
156 210
156 211
156 217
156 222
156 226
156 227
156 233
156 239
156 244
156 247
157 159
157 161
157 162
157 172
157 173
157 176
157 194
157 203
157 206
157 210
157 214
157 217
157 218
157 222
157 231
157 238
157 247
158 160
158 164
158 181
158 182
158 189
158 195
158 197
158 199
158 205
158 211
158 234
158 236
158 237
158 239
158 240
158 246
159 161
159 172
159 174
159 179
159 184
159 204
159 215
159 223
159 227
159 228
159 231
159 232
159 233
159 234
159 235
159 245
160 164
160 168
160 170
160 172
160 173
160 176
160 177
160 178
160 182
160 183
160 188
160 195
160 201
160 214
160 217
160 224
160 226
160 228
160 233
160 234
160 242
160 247
161 165
161 185
161 190
161 191
161 196
161 197
161 198
161 204
161 211
161 214
161 232
161 234
161 235
161 243
161 245
161 246
161 249
162 163
162 173
162 177
162 187
162 188
162 193
162 197
162 198
162 205
162 206
162 217
162 219
162 223
162 224
162 237
162 238
162 246
163 169
163 175
163 179
163 182
163 184
163 188
163 193
163 196
163 198
163 200
163 205
163 206
163 214
163 218
163 219
163 225
163 228
163 230
163 234
163 235
163 240
163 242
163 243
164 166
164 174
164 179
164 184
164 196
164 229
164 236
164 237
164 240
164 241
164 242
164 243
164 244
164 245
164 247
164 248
165 173
165 184
165 186
165 197
165 198
165 205
165 208
165 216
165 220
165 221
165 229
165 234
165 237
165 238
165 241
165 245
166 170
166 173
166 181
166 183
166 201
166 208
166 210
166 218
166 232
166 238
166 239
166 247
166 248
167 174
167 176
167 180
167 184
167 186
167 188
167 193
167 196
167 197
167 201
167 203
167 207
167 210
167 213
167 215
167 220
167 221
167 224
167 231
167 235
167 239
167 242
167 243
167 244
168 171
168 174
168 182
168 186
168 187
168 189
168 195
168 197
168 199
168 207
168 208
168 209
168 211
168 214
168 217
168 223
168 231
168 234
168 239
168 240
168 241
168 243
168 247
169 173
169 174
169 178
169 182
169 186
169 188
169 189
169 191
169 197
169 199
169 209
169 211
169 212
169 220
169 224
169 229
169 230
170 174
170 177
170 185
170 197
170 202
170 206
170 210
170 224
170 225
170 228
170 231
170 236
170 249
171 172
171 177
171 179
171 183
171 186
171 193
171 194
171 196
171 198
171 208
171 211
171 222
171 228
171 236
171 238
171 241
171 244
172 174
172 180
172 182
172 183
172 186
172 191
172 201
172 205
172 208
172 216
172 223
172 226
172 231
172 233
172 238
172 246
173 179
173 181
173 184
173 186
173 192
173 199
173 205
173 207
173 214
173 226
173 232
173 233
173 238
173 243
173 245
174 176
174 179
174 181
174 186
174 187
174 189
174 190
174 199
174 209
174 211
174 213
174 224
174 228
174 232
174 248
175 177
175 187
175 188
175 194
175 200
175 201
175 204
175 206
175 235
176 180
176 183
176 186
176 187
176 192
176 199
176 202
176 203
176 204
176 207
176 222
176 229
176 231
176 233
176 235
176 241
177 184
177 194
177 199
177 200
177 201
177 214
177 216
177 220
177 223
177 242
177 245
178 186
178 189
178 191
178 201
178 203
178 205
178 210
178 212
178 218
178 223
178 229
178 231
178 241
178 242
178 243
178 247
178 248
179 190
179 195
179 196
179 198
179 200
179 202
179 204
179 207
179 214
179 218
179 221
179 226
179 228
179 233
179 237
179 240
179 241
180 183
180 187
180 191
180 193
180 203
180 207
180 208
180 212
180 217
180 223
180 232
180 239
181 182
181 185
181 192
181 195
181 196
181 200
181 211
181 212
181 216
181 223
181 237
181 238
181 241
181 245
181 246
181 247
182 202
182 209
182 212
182 222
182 224
182 225
182 227
182 234
182 240
182 244
182 246
183 184
183 186
183 195
183 208
183 209
183 215
183 217
183 218
183 219
183 220
183 238
183 245
184 194
184 205
184 209
184 217
184 233
184 237
184 238
184 247
185 189
185 193
185 195
185 203
185 204
185 207
185 211
185 216
185 217
185 224
185 226
185 236
185 242
185 243
185 244
186 187
186 192
186 193
186 194
186 199
186 226
186 227
186 234
186 235
186 243
186 245
186 247
187 189
187 192
187 193
187 196
187 205
187 216
187 218
187 223
187 232
187 233
187 242
187 245
187 249
188 194
188 199
188 200
188 215
188 216
188 217
188 218
188 221
188 225
188 232
188 233
188 234
188 249
189 190
189 193
189 198
189 202
189 220
189 221
189 224
189 225
189 227
189 229
189 230
190 193
190 195
190 200
190 202
190 206
190 211
190 215
190 216
190 218
190 223
190 227
190 228
190 230
190 234
190 237
190 245
190 247
191 196
191 201
191 204
191 207
191 208
191 216
191 227
191 230
191 232
191 246
191 248
192 193
192 194
192 195
192 198
192 200
192 204
192 214
192 216
192 217
192 220
192 233
192 236
192 237
192 238
192 242
192 245
192 249
193 195
193 200
193 203
193 204
193 206
193 208
193 209
193 213
193 217
193 219
193 223
193 231
193 238
193 239
193 242
194 203
194 204
194 210
194 227
194 238
194 242
194 243
194 245
194 246
195 201
195 205
195 217
195 220
195 225
195 232
195 234
195 243
196 203
196 214
196 225
196 227
196 238
196 243
197 200
197 209
197 213
197 216
197 232
197 233
197 236
197 239
197 242
197 245
197 247
198 213
198 214
198 246
198 248
199 203
199 204
199 212
199 214
199 224
199 228
199 237
199 241
199 247
199 248
200 209
200 211
200 215
200 231
200 234
200 246
200 248
201 204
201 209
201 210
201 220
201 222
201 223
201 234
201 236
201 237
201 238
201 243
201 244
202 207
202 210
202 215
202 217
202 218
202 221
202 224
202 230
202 239
202 245
203 221
203 226
203 227
203 234
203 236
203 244
204 210
204 211
204 216
204 232
204 240
204 243
204 249
205 207
205 213
205 220
205 221
205 223
205 225
205 229
205 231
205 233
205 235
205 241
205 243
205 246
206 209
206 212
206 228
206 230
206 242
206 243
206 248
207 213
207 216
207 217
207 224
207 231
207 233
207 234
207 236
207 238
207 243
208 217
208 218
208 220
208 232
208 233
208 236
208 238
208 239
208 241
208 244
208 248
209 223
209 232
209 233
209 239
209 245
210 214
210 217
210 219
210 221
210 226
210 235
210 238
211 213
211 225
211 226
211 228
211 242
211 245
211 247
211 249
212 214
212 234
213 215
213 218
213 223
213 227
213 232
213 241
213 247
213 249
214 217
214 221
214 223
214 229
214 231
214 234
214 240
214 242
214 244
215 222
215 227
215 232
215 239
215 244
215 246
216 220
216 221
216 222
216 234
216 235
216 239
216 244
217 222
217 223
217 226
217 227
217 229
217 230
217 232
217 243
217 244
217 245
217 249
218 223
218 227
218 228
218 231
218 238
218 244
218 247
219 229
219 232
219 243
219 247
220 224
220 227
220 230
220 233
221 224
221 229
221 230
221 240
221 244
221 246
221 247
222 223
222 224
222 227
222 231
222 240
223 225
223 231
223 232
223 234
223 235
223 238
223 244
223 248
223 249
224 232
224 238
224 240
224 248
225 226
225 228
225 235
225 239
225 244
225 245
226 228
226 235
226 240
226 242
226 249
227 229
227 232
227 234
227 238
227 240
227 243
228 236
228 240
228 243
228 246
228 249
229 236
229 241
229 245
230 232
230 235
230 239
230 240
230 242
231 233
231 236
231 237
231 238
231 243
231 244
232 233
232 236
232 240
232 247
233 235
233 247
233 249
234 235
234 239
234 243
234 244
234 247
235 239
236 239
236 246
237 239
237 244
238 242
238 245
239 243
239 245
240 243
241 242
241 247
243 245
243 249
244 246
245 248
245 249
246 248
