50 1546
41 24
88 44
82 24
70 73
25 48
70 95
91 64
21 51
20 53
70 29
85 78
64 68
73 40
69 84
20 79
55 19
41 94
82 99
24 59
74 62
79 91
77 23
30 82
92 56
32 78
45 53
58 79
96 25
39 74
33 20
67 95
34 29
53 96
49 91
90 23
90 78
43 57
13 61
80 88
60 39
23 78
60 14
76 67
28 88
94 94
24 74
100 16
43 95
52 50
61 91
632
0 4
0 5
0 6
0 8
0 9
0 10
0 13
0 14
0 15
0 16
0 17
0 18
0 20
0 22
0 23
0 25
0 27
0 28
0 32
0 33
0 36
0 39
0 41
0 42
0 43
0 45
0 47
0 48
0 49
1 4
1 5
1 6
1 7
1 10
1 11
1 14
1 15
1 17
1 23
1 26
1 27
1 36
1 37
1 38
1 40
1 44
1 45
1 46
1 47
2 4
2 5
2 6
2 9
2 10
2 11
2 12
2 15
2 16
2 18
2 20
2 21
2 24
2 25
2 29
2 31
2 33
2 35
2 36
2 39
2 40
2 41
2 42
2 43
2 44
2 45
2 48
3 5
3 8
3 9
3 10
3 11
3 12
3 14
3 16
3 17
3 18
3 21
3 24
3 25
3 27
3 30
3 31
3 32
3 33
3 34
3 36
3 37
3 41
3 45
3 47
3 48
3 49
4 5
4 6
4 7
4 9
4 12
4 15
4 17
4 22
4 23
4 30
4 31
4 33
4 34
4 35
4 36
4 40
4 41
4 42
4 43
4 46
4 48
5 12
5 14
5 15
5 16
5 17
5 18
5 19
5 20
5 25
5 26
5 28
5 29
5 31
5 33
5 34
5 37
5 38
5 39
5 40
5 45
5 46
5 48
6 7
6 11
6 12
6 13
6 17
6 18
6 21
6 22
6 23
6 24
6 25
6 28
6 31
6 33
6 34
6 35
6 36
6 38
6 39
6 41
6 44
6 45
6 47
7 10
7 11
7 13
7 14
7 17
7 20
7 21
7 22
7 24
7 27
7 28
7 30
7 31
7 33
7 34
7 39
7 40
7 42
7 44
7 48
7 49
8 10
8 12
8 14
8 15
8 17
8 20
8 21
8 25
8 27
8 28
8 29
8 35
8 38
8 41
8 43
8 44
8 45
8 46
8 48
9 12
9 13
9 14
9 16
9 17
9 19
9 20
9 22
9 23
9 25
9 26
9 27
9 28
9 32
9 34
9 35
9 37
9 40
9 41
9 43
9 44
9 46
9 47
9 49
10 12
10 14
10 15
10 18
10 20
10 21
10 23
10 25
10 29
10 30
10 31
10 33
10 38
10 39
10 40
10 46
10 48
10 49
11 13
11 15
11 16
11 17
11 21
11 22
11 24
11 25
11 26
11 28
11 29
11 35
11 38
11 42
11 43
11 44
11 45
11 49
12 13
12 15
12 17
12 18
12 20
12 22
12 23
12 24
12 25
12 27
12 31
12 33
12 36
12 37
12 38
12 39
12 41
12 43
12 44
12 46
12 48
13 14
13 18
13 19
13 22
13 23
13 24
13 26
13 31
13 35
13 36
13 37
13 38
13 39
13 40
13 41
13 43
13 44
13 45
13 46
13 47
13 48
13 49
14 15
14 16
14 18
14 20
14 22
14 23
14 24
14 26
14 27
14 29
14 30
14 32
14 33
14 34
14 35
14 36
14 37
14 39
14 40
14 41
14 42
14 43
14 45
14 46
14 47
14 48
15 16
15 18
15 19
15 20
15 27
15 28
15 29
15 30
15 32
15 33
15 37
15 39
15 40
15 42
15 44
15 45
15 46
16 17
16 18
16 21
16 25
16 29
16 30
16 31
16 34
16 36
16 37
16 40
16 42
16 43
17 18
17 21
17 23
17 25
17 27
17 29
17 31
17 33
17 34
17 35
17 37
17 38
17 41
17 42
17 46
17 49
18 19
18 21
18 22
18 24
18 26
18 28
18 30
18 31
18 35
18 36
18 37
18 38
18 39
18 45
18 46
18 49
19 21
19 22
19 23
19 24
19 25
19 26
19 27
19 28
19 32
19 33
19 34
19 35
19 38
19 41
19 45
19 46
19 48
19 49
20 21
20 23
20 24
20 26
20 27
20 30
20 31
20 33
20 34
20 35
20 37
20 40
20 41
20 42
20 43
20 44
20 45
20 48
20 49
21 23
21 25
21 26
21 27
21 28
21 29
21 33
21 35
21 38
21 40
21 44
21 45
21 48
22 23
22 24
22 25
22 27
22 29
22 32
22 34
22 36
22 37
22 40
22 41
22 43
22 45
22 47
22 48
23 25
23 27
23 28
23 31
23 32
23 33
23 34
23 36
23 39
23 40
23 41
23 42
24 25
24 28
24 31
24 33
24 34
24 35
24 36
24 37
24 38
24 39
24 40
24 44
24 45
24 47
24 48
24 49
25 26
25 28
25 29
25 30
25 31
25 32
25 42
25 43
25 46
25 47
25 48
25 49
26 30
26 34
26 38
26 43
26 44
26 46
27 28
27 30
27 35
27 38
27 39
27 40
27 41
27 42
27 44
27 47
28 30
28 31
28 32
28 33
28 35
28 37
28 39
28 41
28 42
28 45
28 47
29 33
29 34
29 35
29 39
29 40
29 42
29 43
29 44
29 46
29 49
30 32
30 33
30 34
30 38
30 41
30 42
30 44
30 45
30 46
30 49
31 32
31 34
31 37
31 38
31 39
31 40
31 41
31 42
31 43
31 46
31 47
31 49
32 33
32 34
32 35
32 36
32 37
32 41
32 45
32 46
32 47
32 49
33 34
33 36
33 37
33 38
33 40
33 41
33 44
33 45
33 49
34 38
34 39
34 41
34 42
34 43
34 45
34 49
35 36
35 37
35 42
35 46
35 47
35 49
36 37
36 38
36 47
37 40
37 43
37 47
37 48
37 49
38 39
38 42
39 40
39 43
39 45
39 49
40 42
40 44
40 47
40 48
41 42
41 43
41 47
42 43
42 45
42 46
42 49
43 46
43 47
44 45
44 46
44 47
44 48
45 46
45 47
45 48
46 47
47 48
47 49
