100 2518
23 52
90 20
23 55
84 54
77 34
53 39
89 10
12 46
76 12
13 14
74 10
94 44
69 74
81 21
49 65
90 25
91 29
33 43
47 68
44 50
82 67
65 67
84 62
14 22
66 50
35 36
20 75
12 24
52 18
52 48
20 67
20 16
28 73
85 78
39 37
80 89
39 90
43 31
78 18
49 70
90 28
99 29
48 19
90 37
61 78
81 53
71 83
94 34
31 53
14 94
95 76
69 13
16 67
44 80
32 40
97 90
33 43
22 44
30 96
62 25
27 50
21 71
76 13
82 98
40 67
87 64
25 73
94 43
42 79
70 34
18 31
71 85
59 45
16 53
91 29
26 50
53 90
61 17
20 22
83 64
14 45
40 36
46 27
66 43
71 25
91 88
69 63
46 92
22 61
49 77
15 98
57 60
78 91
28 23
88 12
47 18
27 51
46 55
38 91
52 18
2021
0 4
0 9
0 10
0 12
0 14
0 18
0 19
0 20
0 21
0 23
0 26
0 27
0 28
0 35
0 37
0 38
0 41
0 45
0 46
0 48
0 50
0 52
0 54
0 56
0 60
0 64
0 69
0 72
0 73
0 75
0 78
0 80
0 81
0 82
0 86
0 90
0 95
0 97
0 99
1 3
1 5
1 6
1 15
1 16
1 21
1 23
1 27
1 28
1 29
1 30
1 31
1 32
1 33
1 34
1 35
1 37
1 38
1 39
1 40
1 43
1 44
1 45
1 47
1 52
1 55
1 56
1 57
1 59
1 61
1 65
1 67
1 69
1 77
1 79
1 82
1 85
1 92
1 93
1 94
1 96
1 97
1 98
1 99
2 5
2 6
2 8
2 9
2 11
2 12
2 13
2 14
2 15
2 16
2 21
2 22
2 24
2 25
2 27
2 30
2 32
2 36
2 37
2 38
2 44
2 46
2 47
2 48
2 52
2 54
2 57
2 59
2 60
2 63
2 64
2 67
2 69
2 73
2 77
2 78
2 80
2 81
2 84
2 85
2 87
2 88
2 89
2 91
2 92
2 95
2 96
2 97
2 98
3 6
3 9
3 12
3 14
3 16
3 20
3 21
3 28
3 34
3 36
3 39
3 44
3 47
3 52
3 54
3 61
3 67
3 68
3 71
3 74
3 77
3 78
3 79
3 81
3 92
3 93
3 97
3 98
4 8
4 10
4 11
4 12
4 15
4 16
4 19
4 20
4 23
4 26
4 27
4 28
4 33
4 42
4 48
4 49
4 50
4 52
4 53
4 55
4 56
4 58
4 62
4 65
4 66
4 70
4 71
4 72
4 76
4 83
4 84
4 87
4 97
4 98
5 13
5 15
5 17
5 18
5 19
5 20
5 21
5 22
5 38
5 40
5 43
5 44
5 49
5 52
5 53
5 54
5 55
5 58
5 65
5 67
5 70
5 71
5 74
5 84
5 87
5 88
5 89
5 90
5 92
5 96
5 97
6 10
6 11
6 13
6 17
6 19
6 21
6 22
6 23
6 24
6 25
6 26
6 27
6 29
6 33
6 34
6 36
6 37
6 38
6 40
6 41
6 42
6 43
6 46
6 47
6 52
6 53
6 54
6 55
6 56
6 57
6 65
6 67
6 69
6 70
6 72
6 74
6 75
6 80
6 82
6 83
6 86
6 88
6 89
6 90
6 92
6 94
6 97
6 99
7 9
7 10
7 12
7 16
7 17
7 19
7 20
7 22
7 24
7 25
7 27
7 28
7 30
7 36
7 39
7 42
7 43
7 45
7 48
7 50
7 52
7 54
7 57
7 61
7 62
7 65
7 66
7 67
7 68
7 69
7 70
7 73
7 74
7 75
7 76
7 77
7 78
7 80
7 83
7 87
7 91
7 93
7 94
7 97
7 98
8 10
8 11
8 15
8 17
8 20
8 22
8 23
8 24
8 26
8 27
8 28
8 30
8 32
8 34
8 36
8 41
8 44
8 47
8 49
8 50
8 53
8 54
8 56
8 57
8 60
8 61
8 63
8 64
8 66
8 67
8 69
8 70
8 71
8 78
8 81
8 86
8 92
8 94
8 97
9 11
9 12
9 13
9 15
9 16
9 18
9 26
9 27
9 31
9 32
9 33
9 35
9 36
9 39
9 40
9 42
9 43
9 46
9 47
9 48
9 49
9 51
9 53
9 55
9 56
9 59
9 60
9 63
9 66
9 69
9 70
9 74
9 77
9 78
9 79
9 80
9 82
9 83
9 84
9 87
9 89
9 90
9 92
9 93
9 95
9 96
9 98
9 99
10 11
10 12
10 13
10 15
10 16
10 21
10 22
10 23
10 26
10 29
10 33
10 38
10 40
10 44
10 46
10 48
10 49
10 52
10 60
10 63
10 64
10 69
10 71
10 72
10 74
10 79
10 84
10 85
10 86
10 88
10 89
10 92
10 93
10 94
10 96
11 13
11 18
11 21
11 23
11 29
11 31
11 33
11 38
11 39
11 41
11 42
11 48
11 49
11 51
11 53
11 54
11 55
11 57
11 59
11 61
11 70
11 72
11 73
11 75
11 79
11 82
11 88
11 90
11 93
11 94
11 95
11 98
12 13
12 17
12 19
12 22
12 23
12 24
12 25
12 28
12 33
12 34
12 35
12 36
12 39
12 40
12 41
12 44
12 49
12 51
12 52
12 53
12 56
12 58
12 63
12 68
12 70
12 71
12 75
12 80
12 81
12 83
12 86
12 93
12 96
12 97
12 99
13 14
13 16
13 18
13 19
13 22
13 24
13 26
13 34
13 36
13 39
13 40
13 46
13 48
13 49
13 51
13 52
13 54
13 55
13 57
13 58
13 59
13 62
13 63
13 67
13 71
13 75
13 76
13 83
13 84
13 88
13 89
13 90
13 92
13 93
13 95
13 96
13 97
13 99
14 15
14 16
14 20
14 25
14 26
14 27
14 29
14 30
14 32
14 33
14 34
14 36
14 37
14 38
14 43
14 47
14 49
14 50
14 51
14 57
14 58
14 59
14 60
14 62
14 63
14 65
14 67
14 71
14 72
14 73
14 74
14 75
14 76
14 77
14 78
14 79
14 81
14 82
14 84
14 89
14 90
14 91
14 94
14 95
14 96
15 16
15 18
15 19
15 20
15 21
15 25
15 26
15 28
15 29
15 31
15 34
15 37
15 39
15 43
15 49
15 50
15 57
15 59
15 65
15 69
15 70
15 73
15 77
15 89
15 91
15 94
15 95
15 97
15 98
15 99
16 18
16 19
16 21
16 24
16 29
16 33
16 36
16 37
16 39
16 42
16 45
16 46
16 48
16 52
16 53
16 55
16 56
16 57
16 61
16 62
16 63
16 64
16 65
16 66
16 68
16 71
16 74
16 75
16 78
16 83
16 87
16 88
16 89
16 93
16 94
16 95
16 96
17 18
17 20
17 22
17 23
17 25
17 28
17 29
17 30
17 33
17 34
17 36
17 38
17 45
17 49
17 56
17 60
17 61
17 66
17 67
17 68
17 69
17 70
17 73
17 77
17 81
17 84
17 87
17 92
17 94
17 96
17 99
18 21
18 27
18 36
18 37
18 38
18 42
18 43
18 45
18 49
18 53
18 59
18 61
18 63
18 65
18 67
18 68
18 69
18 73
18 76
18 77
18 78
18 79
18 85
18 86
18 89
18 93
18 95
18 96
18 97
19 20
19 25
19 27
19 28
19 29
19 35
19 36
19 41
19 42
19 43
19 47
19 50
19 52
19 53
19 56
19 62
19 64
19 66
19 67
19 70
19 72
19 73
19 75
19 79
19 81
19 88
19 90
19 93
19 96
20 23
20 25
20 37
20 43
20 46
20 48
20 49
20 50
20 52
20 54
20 59
20 60
20 61
20 65
20 67
20 68
20 69
20 75
20 79
20 80
20 81
20 84
20 85
20 86
20 87
20 88
20 90
20 92
20 93
20 96
20 99
21 24
21 34
21 35
21 36
21 38
21 42
21 46
21 50
21 52
21 54
21 56
21 59
21 60
21 63
21 65
21 70
21 74
21 75
21 76
21 77
21 78
21 80
21 82
21 85
21 89
21 91
21 98
22 23
22 26
22 27
22 31
22 32
22 34
22 36
22 39
22 40
22 44
22 45
22 46
22 48
22 49
22 50
22 54
22 55
22 57
22 58
22 64
22 65
22 68
22 69
22 71
22 72
22 75
22 76
22 77
22 78
22 79
22 81
22 84
22 85
22 86
22 87
22 88
22 90
22 91
22 94
22 95
22 96
22 98
22 99
23 26
23 28
23 30
23 34
23 36
23 42
23 44
23 47
23 51
23 53
23 56
23 61
23 63
23 64
23 65
23 68
23 72
23 74
23 77
23 79
23 80
23 82
23 85
23 88
23 90
23 98
24 30
24 31
24 37
24 41
24 44
24 45
24 47
24 48
24 49
24 50
24 55
24 61
24 62
24 69
24 70
24 72
24 74
24 75
24 77
24 79
24 83
24 84
24 87
24 88
24 89
24 92
24 93
24 96
24 99
25 29
25 30
25 33
25 34
25 35
25 38
25 41
25 46
25 47
25 48
25 49
25 50
25 53
25 54
25 55
25 61
25 63
25 64
25 67
25 71
25 76
25 81
25 82
25 83
25 84
25 87
25 88
25 92
25 94
25 97
26 29
26 33
26 39
26 42
26 44
26 45
26 46
26 48
26 49
26 50
26 51
26 53
26 61
26 62
26 64
26 65
26 67
26 68
26 71
26 72
26 74
26 75
26 78
26 83
26 85
26 87
26 91
26 93
27 28
27 30
27 37
27 43
27 45
27 51
27 53
27 56
27 57
27 59
27 61
27 62
27 64
27 67
27 70
27 71
27 73
27 74
27 76
27 77
27 79
27 80
27 88
27 90
27 94
27 96
27 97
28 29
28 30
28 31
28 36
28 39
28 41
28 43
28 49
28 53
28 54
28 55
28 58
28 59
28 61
28 63
28 64
28 65
28 66
28 67
28 69
28 70
28 75
28 76
28 78
28 79
28 82
28 83
28 84
28 85
28 87
28 89
28 91
28 93
28 95
28 96
29 31
29 34
29 38
29 42
29 44
29 45
29 47
29 48
29 51
29 55
29 59
29 62
29 64
29 71
29 73
29 76
29 78
29 81
29 82
29 83
29 84
29 88
29 93
29 96
30 32
30 35
30 38
30 39
30 43
30 45
30 46
30 48
30 50
30 52
30 54
30 56
30 57
30 58
30 59
30 60
30 61
30 62
30 63
30 64
30 67
30 72
30 73
30 74
30 80
30 85
30 86
30 87
30 89
30 94
30 96
31 32
31 33
31 35
31 37
31 38
31 40
31 41
31 42
31 45
31 47
31 49
31 50
31 51
31 52
31 53
31 55
31 58
31 61
31 62
31 63
31 64
31 66
31 73
31 75
31 77
31 83
31 84
31 85
31 86
31 88
31 92
31 95
31 97
31 98
32 33
32 34
32 35
32 36
32 37
32 40
32 43
32 44
32 46
32 48
32 49
32 54
32 55
32 56
32 58
32 59
32 61
32 66
32 73
32 77
32 78
32 79
32 80
32 81
32 84
32 85
32 88
32 90
32 93
32 94
32 95
33 37
33 38
33 41
33 48
33 51
33 54
33 56
33 65
33 66
33 67
33 70
33 71
33 72
33 73
33 76
33 79
33 81
33 83
33 84
33 87
33 91
33 93
33 98
34 35
34 36
34 37
34 38
34 40
34 42
34 43
34 44
34 47
34 48
34 50
34 53
34 54
34 56
34 57
34 59
34 61
34 66
34 68
34 69
34 78
34 79
34 80
34 83
34 87
34 88
34 89
34 92
34 98
35 38
35 41
35 42
35 43
35 44
35 46
35 48
35 49
35 50
35 56
35 59
35 61
35 68
35 71
35 72
35 73
35 74
35 75
35 77
35 78
35 80
35 82
35 83
35 84
35 87
35 89
35 90
35 92
35 93
35 95
35 99
36 37
36 41
36 44
36 45
36 47
36 59
36 63
36 65
36 67
36 71
36 73
36 74
36 75
36 78
36 79
36 83
36 88
36 93
36 96
37 39
37 42
37 48
37 53
37 55
37 58
37 62
37 65
37 66
37 68
37 71
37 73
37 76
37 82
37 83
37 85
37 88
37 89
37 91
37 93
37 97
37 99
38 44
38 45
38 47
38 49
38 50
38 51
38 53
38 54
38 56
38 62
38 66
38 67
38 71
38 73
38 74
38 75
38 80
38 82
38 84
38 88
38 89
38 90
38 91
38 92
38 93
38 95
38 97
38 98
38 99
39 44
39 46
39 52
39 55
39 57
39 58
39 59
39 60
39 62
39 63
39 64
39 65
39 67
39 68
39 71
39 74
39 75
39 76
39 81
39 82
39 86
39 87
39 89
39 90
39 91
39 92
39 93
39 96
39 98
40 42
40 47
40 48
40 55
40 56
40 57
40 60
40 63
40 64
40 67
40 73
40 75
40 76
40 80
40 81
40 86
40 89
40 90
40 92
40 94
40 95
40 98
41 42
41 43
41 48
41 50
41 53
41 54
41 62
41 63
41 64
41 66
41 67
41 74
41 78
41 82
41 83
41 84
41 85
41 87
41 90
41 94
41 99
42 43
42 48
42 49
42 51
42 53
42 57
42 60
42 64
42 69
42 70
42 79
42 83
42 85
42 87
42 88
42 90
42 91
42 92
42 93
42 95
42 97
42 98
42 99
43 45
43 57
43 59
43 61
43 63
43 65
43 68
43 73
43 75
43 77
43 79
43 80
43 83
43 89
43 91
43 94
43 95
44 45
44 48
44 49
44 51
44 52
44 53
44 57
44 63
44 66
44 67
44 71
44 76
44 79
44 80
44 84
44 86
44 87
44 95
44 97
44 98
44 99
45 46
45 47
45 50
45 51
45 56
45 62
45 67
45 75
45 77
45 79
45 81
45 84
45 86
45 89
45 90
45 91
45 92
45 93
45 94
45 97
45 98
45 99
46 47
46 50
46 52
46 55
46 57
46 60
46 62
46 63
46 65
46 66
46 67
46 68
46 74
46 76
46 77
46 78
46 81
46 83
46 84
46 85
46 88
46 90
46 91
46 94
46 96
46 98
47 48
47 49
47 50
47 53
47 55
47 56
47 57
47 60
47 64
47 66
47 72
47 78
47 81
47 84
47 87
47 90
47 92
47 94
47 95
47 96
47 99
48 55
48 57
48 61
48 63
48 64
48 65
48 67
48 70
48 71
48 72
48 73
48 74
48 75
48 78
48 80
48 82
48 85
48 88
48 90
48 94
48 98
49 51
49 52
49 53
49 54
49 56
49 57
49 58
49 59
49 64
49 68
49 73
49 77
49 79
49 84
49 86
49 89
49 90
49 91
49 93
49 95
49 97
50 53
50 54
50 55
50 58
50 59
50 60
50 62
50 63
50 70
50 75
50 81
50 83
50 86
50 87
50 89
50 93
50 95
50 97
50 98
51 52
51 55
51 58
51 60
51 61
51 62
51 64
51 66
51 67
51 70
51 71
51 72
51 77
51 78
51 82
51 83
51 86
51 89
51 90
51 91
51 92
51 93
52 54
52 57
52 58
52 61
52 62
52 64
52 72
52 79
52 83
52 84
52 85
52 86
52 89
52 90
52 92
52 94
53 54
53 55
53 58
53 59
53 63
53 64
53 67
53 68
53 75
53 76
53 78
53 80
53 82
53 85
53 88
53 89
53 90
53 92
54 55
54 57
54 60
54 61
54 64
54 68
54 69
54 70
54 71
54 72
54 76
54 78
54 83
54 89
54 91
54 92
54 96
54 98
55 57
55 61
55 64
55 65
55 66
55 72
55 74
55 80
55 81
55 90
55 93
55 94
55 95
55 97
55 98
55 99
56 58
56 59
56 64
56 71
56 73
56 74
56 76
56 80
56 81
56 84
56 86
56 90
56 91
56 92
56 93
56 97
57 59
57 60
57 63
57 67
57 68
57 69
57 71
57 72
57 78
57 80
57 82
57 83
57 84
57 85
57 86
57 87
57 90
57 93
57 97
57 98
57 99
58 60
58 62
58 63
58 68
58 74
58 75
58 76
58 78
58 80
58 81
58 89
59 62
59 64
59 65
59 70
59 71
59 74
59 75
59 77
59 81
59 83
59 86
59 89
59 91
59 93
59 95
59 96
59 98
59 99
60 61
60 65
60 66
60 69
60 74
60 78
60 81
60 85
60 91
60 92
60 99
61 64
61 68
61 70
61 71
61 72
61 74
61 78
61 86
61 90
61 92
61 93
62 64
62 69
62 78
62 80
62 82
62 83
62 84
62 89
62 91
62 93
62 95
62 96
62 97
63 66
63 68
63 71
63 73
63 85
63 88
63 89
63 91
63 97
64 66
64 69
64 73
64 80
64 82
64 85
64 88
64 92
64 96
64 99
65 66
65 68
65 72
65 73
65 74
65 76
65 85
65 91
66 67
66 70
66 76
66 77
66 82
66 83
66 84
66 85
66 86
66 88
66 93
66 95
66 96
67 71
67 73
67 76
67 78
67 80
67 82
67 84
67 85
67 92
67 93
67 94
67 96
67 99
68 72
68 73
68 74
68 75
68 79
68 82
68 84
68 88
68 91
68 92
68 96
68 97
68 99
69 71
69 75
69 80
69 83
69 86
69 87
69 88
69 89
69 92
69 93
69 96
70 72
70 77
70 79
70 83
70 93
70 94
70 95
70 96
70 98
70 99
71 72
71 75
71 77
71 78
71 83
71 84
71 90
71 99
72 74
72 76
72 78
72 79
72 80
72 81
72 83
72 84
72 86
72 88
72 90
72 91
72 93
72 94
72 97
73 74
73 79
73 82
73 83
73 84
73 85
73 87
73 88
73 96
74 75
74 76
74 77
74 79
74 80
74 81
74 83
74 88
74 90
74 95
74 97
74 98
75 76
75 86
75 87
75 89
75 90
75 91
75 93
75 94
75 98
76 78
76 80
76 81
76 84
76 85
76 87
76 89
76 91
76 92
76 97
76 99
77 79
77 80
77 81
77 83
77 84
77 85
77 87
77 89
77 92
77 93
77 94
77 95
77 96
77 98
77 99
78 79
78 81
78 83
78 86
78 87
78 92
78 94
78 95
78 96
78 98
78 99
79 81
79 82
79 83
79 84
79 85
79 86
79 88
79 94
79 97
80 81
80 82
80 85
80 86
80 87
80 92
80 93
80 94
80 98
80 99
81 89
81 90
81 94
81 95
81 96
81 99
82 85
82 87
82 90
82 91
82 94
82 95
83 85
83 88
83 89
83 90
83 92
83 93
83 94
83 96
83 97
84 85
84 86
84 91
84 92
84 97
84 98
84 99
85 86
85 87
85 92
85 94
85 97
86 87
86 90
86 92
86 94
86 97
86 98
86 99
87 88
87 93
87 94
87 95
87 96
87 99
88 91
88 92
88 95
88 96
88 97
88 98
89 94
89 97
90 91
90 96
90 97
90 98
90 99
91 94
91 96
91 97
92 93
92 95
92 96
92 97
92 98
92 99
93 97
93 98
94 95
94 96
94 97
95 98
96 98
98 99
