200 5504
45 71
77 23
90 99
50 24
30 54
54 94
95 78
13 84
49 53
13 97
16 90
42 89
46 32
71 45
41 45
66 77
76 72
29 18
90 23
82 82
73 41
41 44
20 77
40 74
29 67
23 25
90 69
60 71
67 42
50 86
78 60
95 52
19 24
96 74
58 16
11 84
43 20
22 62
29 39
18 79
60 90
66 98
21 79
47 82
16 44
69 47
90 61
55 82
41 18
80 49
24 43
31 30
10 42
63 47
96 12
55 40
38 64
51 63
57 28
38 98
78 31
66 41
31 29
11 17
80 53
42 29
58 78
79 47
60 28
12 75
19 27
33 72
28 60
42 34
77 50
71 80
16 34
36 60
44 75
20 59
63 64
98 67
17 96
94 36
93 42
51 43
41 94
81 37
85 54
39 57
15 17
20 99
52 20
30 35
45 81
59 99
34 54
38 31
33 15
42 58
55 48
42 65
70 43
81 100
55 78
16 22
64 24
59 50
86 65
72 38
63 82
35 91
40 11
92 11
21 68
33 30
63 11
89 69
44 68
60 27
66 12
96 56
71 85
63 79
53 60
78 27
51 73
95 29
12 15
30 52
70 26
84 40
55 77
18 24
24 37
68 42
63 85
76 69
94 95
42 90
82 31
26 96
44 91
94 61
45 11
69 72
97 94
57 31
29 78
47 11
53 37
58 32
55 41
11 20
18 54
85 81
34 92
35 61
68 86
50 26
76 62
90 46
55 20
63 68
40 87
71 30
78 60
61 61
32 31
43 49
52 41
28 22
21 65
83 23
27 40
85 10
28 56
13 74
82 23
67 65
88 50
70 88
64 49
63 71
52 48
25 84
78 16
42 63
90 70
44 59
21 61
88 86
52 87
59 69
63 91
55 96
24 13
86 67
76 85
81 91
4028
0 2
0 6
0 10
0 11
0 15
0 16
0 21
0 24
0 35
0 36
0 37
0 38
0 39
0 51
0 54
0 55
0 78
0 79
0 91
0 96
0 98
0 102
0 106
0 108
0 110
0 117
0 121
0 123
0 124
0 133
0 135
0 137
0 140
0 141
0 145
0 156
0 158
0 166
0 174
0 184
0 188
0 198
1 5
1 11
1 27
1 28
1 46
1 47
1 49
1 50
1 61
1 63
1 69
1 74
1 75
1 80
1 91
1 93
1 100
1 101
1 103
1 114
1 115
1 123
1 127
1 129
1 131
1 136
1 137
1 143
1 151
1 154
1 155
1 156
1 166
1 171
1 172
1 183
1 193
1 195
1 197
2 4
2 10
2 14
2 15
2 16
2 18
2 21
2 26
2 28
2 31
2 33
2 34
2 45
2 49
2 56
2 57
2 62
2 66
2 67
2 78
2 82
2 89
2 98
2 99
2 101
2 126
2 133
2 135
2 136
2 138
2 139
2 149
2 152
2 168
2 169
2 174
2 175
2 177
2 182
2 188
2 193
2 199
3 7
3 11
3 16
3 17
3 19
3 27
3 36
3 43
3 51
3 54
3 58
3 62
3 63
3 66
3 70
3 73
3 80
3 86
3 87
3 93
3 99
3 100
3 105
3 106
3 109
3 121
3 123
3 125
3 129
3 134
3 138
3 147
3 148
3 151
3 158
3 161
3 167
3 169
3 176
3 181
3 182
3 186
3 193
4 6
4 8
4 25
4 27
4 38
4 39
4 40
4 41
4 52
4 53
4 54
4 55
4 57
4 60
4 70
4 76
4 81
4 83
4 88
4 93
4 100
4 101
4 103
4 112
4 121
4 123
4 131
4 132
4 135
4 138
4 142
4 146
4 159
4 160
4 164
4 166
4 172
4 181
4 185
4 189
4 192
4 196
4 197
5 12
5 13
5 14
5 19
5 20
5 23
5 25
5 30
5 39
5 64
5 65
5 67
5 69
5 71
5 75
5 79
5 82
5 84
5 88
5 94
5 97
5 105
5 115
5 125
5 129
5 135
5 138
5 139
5 143
5 147
5 160
5 165
5 167
5 183
5 186
5 187
5 196
6 12
6 14
6 19
6 32
6 33
6 35
6 38
6 39
6 43
6 45
6 56
6 70
6 83
6 93
6 104
6 105
6 107
6 108
6 117
6 119
6 128
6 130
6 132
6 133
6 138
6 144
6 150
6 153
6 157
6 158
6 163
6 164
6 176
6 193
6 196
6 198
7 9
7 11
7 13
7 15
7 18
7 20
7 22
7 24
7 29
7 32
7 33
7 34
7 37
7 40
7 42
7 44
7 51
7 61
7 66
7 70
7 71
7 72
7 73
7 76
7 77
7 81
7 84
7 86
7 87
7 103
7 104
7 114
7 115
7 117
7 120
7 124
7 132
7 133
7 136
7 140
7 143
7 144
7 148
7 153
7 155
7 159
7 161
7 165
7 170
7 176
7 178
7 184
7 188
7 198
7 199
8 12
8 17
8 18
8 20
8 26
8 29
8 36
8 38
8 47
8 50
8 52
8 57
8 62
8 63
8 64
8 65
8 68
8 72
8 74
8 75
8 87
8 89
8 90
8 92
8 93
8 94
8 96
8 97
8 106
8 109
8 111
8 114
8 123
8 136
8 138
8 143
8 163
8 166
8 172
8 180
8 186
8 191
8 192
8 193
8 194
9 12
9 20
9 23
9 25
9 27
9 29
9 35
9 38
9 47
9 55
9 60
9 63
9 77
9 81
9 93
9 96
9 100
9 112
9 116
9 123
9 125
9 129
9 132
9 133
9 136
9 140
9 145
9 151
9 159
9 162
9 170
9 173
9 178
9 183
9 184
9 186
9 193
9 196
10 26
10 32
10 34
10 36
10 39
10 40
10 49
10 58
10 59
10 85
10 90
10 91
10 96
10 104
10 123
10 124
10 133
10 138
10 146
10 147
10 148
10 149
10 151
10 159
10 164
10 167
10 169
10 174
10 175
10 179
10 192
10 194
10 198
10 199
11 15
11 23
11 24
11 25
11 33
11 35
11 45
11 61
11 65
11 77
11 79
11 85
11 87
11 89
11 92
11 95
11 97
11 101
11 102
11 111
11 113
11 119
11 126
11 130
11 131
11 135
11 136
11 145
11 148
11 156
11 157
11 161
11 173
11 178
11 180
11 181
11 196
11 198
12 17
12 19
12 36
12 46
12 54
12 64
12 67
12 74
12 77
12 83
12 95
12 101
12 106
12 111
12 120
12 128
12 135
12 143
12 155
12 157
12 168
12 172
12 181
12 188
12 196
13 18
13 20
13 32
13 36
13 42
13 46
13 48
13 50
13 62
13 69
13 79
13 80
13 92
13 97
13 101
13 108
13 112
13 127
13 130
13 134
13 137
13 140
13 143
13 144
13 153
13 159
13 160
13 179
13 189
13 193
14 18
14 21
14 26
14 33
14 43
14 54
14 55
14 77
14 81
14 85
14 88
14 93
14 99
14 110
14 112
14 113
14 117
14 124
14 126
14 127
14 134
14 139
14 141
14 144
14 145
14 149
14 150
14 152
14 153
14 157
14 161
14 162
14 163
14 164
14 166
14 172
14 178
14 183
14 184
14 191
14 197
14 199
15 37
15 40
15 43
15 44
15 47
15 48
15 59
15 61
15 62
15 68
15 80
15 88
15 95
15 99
15 101
15 107
15 109
15 116
15 124
15 128
15 131
15 132
15 138
15 139
15 145
15 149
15 151
15 167
15 168
15 171
15 180
15 183
15 186
15 187
15 193
16 20
16 26
16 31
16 43
16 46
16 49
16 59
16 64
16 79
16 82
16 93
16 95
16 96
16 108
16 110
16 114
16 115
16 121
16 122
16 130
16 132
16 147
16 150
16 155
16 159
16 165
16 167
16 171
16 178
16 180
16 184
16 186
16 187
16 189
16 194
16 198
17 22
17 23
17 29
17 30
17 36
17 38
17 49
17 58
17 59
17 60
17 65
17 66
17 68
17 78
17 79
17 83
17 84
17 87
17 88
17 104
17 118
17 129
17 131
17 138
17 141
17 146
17 148
17 151
17 152
17 159
17 166
17 168
17 170
17 171
17 175
17 179
17 188
17 189
18 27
18 32
18 34
18 39
18 40
18 46
18 51
18 52
18 62
18 67
18 70
18 77
18 79
18 81
18 84
18 85
18 86
18 87
18 107
18 113
18 119
18 124
18 130
18 136
18 137
18 140
18 141
18 142
18 147
18 149
18 150
18 163
18 168
18 179
18 188
18 194
19 22
19 23
19 24
19 29
19 38
19 50
19 53
19 54
19 64
19 68
19 69
19 79
19 80
19 82
19 83
19 86
19 89
19 90
19 91
19 92
19 117
19 135
19 143
19 145
19 149
19 154
19 155
19 161
19 166
19 167
19 172
19 185
19 199
20 32
20 34
20 38
20 39
20 40
20 41
20 44
20 56
20 60
20 72
20 78
20 93
20 94
20 101
20 111
20 117
20 120
20 123
20 130
20 131
20 136
20 137
20 144
20 148
20 151
20 157
20 158
20 163
20 169
20 171
20 172
20 175
20 178
20 191
20 195
20 196
21 28
21 29
21 30
21 32
21 36
21 38
21 44
21 66
21 71
21 72
21 81
21 83
21 86
21 97
21 99
21 107
21 114
21 117
21 123
21 139
21 141
21 150
21 154
21 155
21 156
21 157
21 159
21 169
21 171
21 176
21 197
22 25
22 28
22 34
22 35
22 37
22 45
22 49
22 60
22 92
22 93
22 95
22 100
22 102
22 120
22 121
22 124
22 127
22 137
22 144
22 146
22 152
22 156
22 163
22 172
22 173
22 174
22 181
22 182
22 190
22 198
23 32
23 34
23 42
23 50
23 57
23 62
23 63
23 66
23 68
23 75
23 86
23 89
23 104
23 110
23 113
23 119
23 128
23 141
23 145
23 146
23 147
23 157
23 159
23 163
23 166
23 168
23 170
23 174
23 176
23 198
24 25
24 36
24 44
24 53
24 58
24 59
24 63
24 68
24 79
24 81
24 82
24 83
24 92
24 97
24 100
24 103
24 107
24 109
24 113
24 131
24 149
24 150
24 153
24 158
24 169
24 170
24 171
24 172
24 173
24 175
24 176
24 177
24 179
24 181
24 183
24 191
24 196
24 198
25 33
25 34
25 40
25 51
25 52
25 55
25 65
25 70
25 74
25 75
25 78
25 79
25 81
25 82
25 91
25 92
25 96
25 100
25 102
25 108
25 113
25 120
25 121
25 122
25 123
25 124
25 131
25 134
25 138
25 142
25 143
25 144
25 145
25 155
25 166
25 171
25 174
25 177
25 183
25 185
25 193
25 195
25 199
26 28
26 30
26 31
26 35
26 39
26 41
26 42
26 43
26 49
26 66
26 67
26 70
26 71
26 80
26 85
26 87
26 88
26 89
26 92
26 99
26 111
26 113
26 118
26 120
26 123
26 137
26 138
26 147
26 157
26 159
26 165
26 166
26 175
26 183
26 185
26 189
26 197
27 31
27 33
27 36
27 41
27 52
27 56
27 58
27 68
27 69
27 83
27 85
27 87
27 95
27 106
27 112
27 114
27 122
27 124
27 129
27 135
27 136
27 144
27 147
27 151
27 157
27 166
27 169
27 171
27 179
27 182
27 184
27 195
28 35
28 36
28 39
28 40
28 44
28 49
28 57
28 64
28 65
28 69
28 73
28 81
28 82
28 84
28 85
28 89
28 97
28 104
28 105
28 106
28 109
28 113
28 116
28 117
28 118
28 119
28 122
28 125
28 126
28 133
28 134
28 140
28 142
28 144
28 150
28 153
28 154
28 164
28 168
28 169
28 174
28 181
28 183
28 184
28 185
28 186
28 193
28 197
28 199
29 34
29 35
29 41
29 43
29 46
29 49
29 53
29 54
29 62
29 71
29 73
29 76
29 83
29 86
29 87
29 93
29 94
29 95
29 98
29 104
29 129
29 139
29 142
29 144
29 154
29 158
29 163
29 172
29 174
29 195
29 196
29 198
30 34
30 35
30 41
30 49
30 50
30 57
30 58
30 60
30 62
30 63
30 66
30 73
30 75
30 76
30 77
30 83
30 85
30 86
30 91
30 92
30 95
30 97
30 99
30 100
30 101
30 103
30 107
30 116
30 118
30 121
30 125
30 127
30 128
30 132
30 133
30 135
30 143
30 151
30 153
30 158
30 161
30 163
30 165
30 175
30 178
30 184
30 185
30 192
30 193
31 36
31 48
31 50
31 51
31 53
31 55
31 56
31 62
31 63
31 64
31 65
31 75
31 77
31 80
31 81
31 84
31 94
31 95
31 100
31 102
31 119
31 129
31 132
31 133
31 134
31 137
31 144
31 145
31 148
31 151
31 157
31 166
31 170
31 174
31 179
31 181
31 193
31 196
31 199
32 64
32 67
32 70
32 71
32 74
32 80
32 93
32 95
32 102
32 105
32 128
32 140
32 150
32 151
32 153
32 155
32 163
32 165
32 167
32 171
32 175
32 180
32 181
32 189
33 34
33 38
33 39
33 40
33 45
33 55
33 56
33 67
33 71
33 72
33 76
33 78
33 84
33 100
33 104
33 111
33 116
33 123
33 126
33 135
33 140
33 141
33 143
33 148
33 150
33 151
33 152
33 154
33 158
33 160
33 161
33 166
33 176
33 188
33 192
33 194
33 197
34 49
34 59
34 64
34 65
34 68
34 72
34 74
34 76
34 78
34 83
34 85
34 88
34 90
34 91
34 95
34 96
34 98
34 102
34 113
34 120
34 122
34 130
34 135
34 136
34 141
34 142
34 143
34 152
34 155
34 160
34 164
34 169
34 174
34 175
34 179
34 181
34 184
34 188
34 196
34 198
34 199
35 36
35 40
35 52
35 57
35 78
35 83
35 89
35 91
35 98
35 101
35 107
35 111
35 116
35 132
35 137
35 147
35 152
35 156
35 160
35 163
35 164
35 168
35 175
35 199
36 43
36 44
36 48
36 52
36 55
36 57
36 62
36 68
36 69
36 78
36 79
36 88
36 89
36 90
36 91
36 94
36 100
36 102
36 104
36 114
36 119
36 124
36 130
36 134
36 138
36 140
36 142
36 148
36 158
36 160
36 163
36 166
36 169
36 172
36 180
36 182
36 189
36 193
36 199
37 41
37 42
37 46
37 52
37 57
37 59
37 60
37 64
37 69
37 73
37 79
37 80
37 83
37 89
37 94
37 99
37 114
37 121
37 135
37 136
37 141
37 155
37 157
37 162
37 165
37 168
37 176
37 181
37 184
37 185
37 186
37 188
37 193
37 194
38 42
38 45
38 47
38 51
38 55
38 56
38 60
38 64
38 73
38 75
38 78
38 81
38 88
38 93
38 99
38 106
38 107
38 112
38 116
38 128
38 129
38 132
38 135
38 139
38 145
38 149
38 150
38 156
38 161
38 165
38 167
38 179
38 183
38 187
38 188
38 192
38 194
38 198
39 42
39 53
39 58
39 68
39 76
39 78
39 84
39 91
39 95
39 103
39 109
39 112
39 131
39 139
39 144
39 147
39 148
39 152
39 153
39 169
39 171
39 175
39 176
39 177
39 179
39 180
39 185
40 45
40 59
40 65
40 67
40 68
40 82
40 84
40 87
40 90
40 95
40 103
40 104
40 109
40 112
40 113
40 115
40 116
40 119
40 126
40 130
40 135
40 136
40 138
40 145
40 162
40 165
40 172
40 176
40 178
40 183
40 188
40 193
41 43
41 44
41 50
41 56
41 78
41 82
41 91
41 93
41 99
41 100
41 105
41 109
41 110
41 112
41 119
41 127
41 128
41 132
41 137
41 140
41 145
41 146
41 151
41 153
41 158
41 159
41 171
41 172
41 178
41 182
41 183
41 184
41 185
41 190
42 48
42 49
42 51
42 52
42 54
42 58
42 59
42 61
42 67
42 68
42 71
42 76
42 84
42 86
42 92
42 99
42 100
42 105
42 106
42 117
42 118
42 120
42 130
42 134
42 145
42 148
42 152
42 154
42 158
42 163
42 175
42 177
42 181
42 186
42 190
42 195
43 44
43 51
43 58
43 59
43 60
43 64
43 66
43 70
43 72
43 76
43 77
43 87
43 92
43 98
43 102
43 108
43 113
43 115
43 120
43 123
43 126
43 138
43 142
43 144
43 149
43 155
43 159
43 168
43 177
43 182
43 188
44 45
44 48
44 59
44 68
44 70
44 75
44 86
44 87
44 90
44 93
44 98
44 102
44 111
44 123
44 125
44 127
44 131
44 135
44 138
44 143
44 144
44 151
44 165
44 168
44 172
44 178
44 181
44 194
44 196
45 51
45 52
45 58
45 59
45 72
45 75
45 83
45 86
45 89
45 94
45 97
45 100
45 105
45 107
45 112
45 117
45 122
45 128
45 132
45 142
45 148
45 151
45 153
45 158
45 161
45 166
45 168
45 169
45 170
45 171
45 176
45 177
45 188
45 189
45 190
45 192
46 49
46 51
46 62
46 88
46 98
46 105
46 106
46 111
46 117
46 122
46 127
46 129
46 131
46 140
46 141
46 160
46 168
46 169
46 171
46 178
46 183
46 192
47 49
47 53
47 54
47 58
47 62
47 63
47 71
47 72
47 73
47 74
47 75
47 76
47 78
47 79
47 86
47 88
47 96
47 100
47 103
47 107
47 109
47 114
47 124
47 127
47 135
47 144
47 148
47 156
47 157
47 177
47 178
47 180
47 184
47 189
47 192
47 193
48 50
48 58
48 62
48 78
48 80
48 84
48 85
48 89
48 92
48 97
48 104
48 106
48 118
48 120
48 123
48 130
48 141
48 142
48 145
48 154
48 162
48 166
48 186
48 187
48 192
48 193
49 51
49 52
49 56
49 59
49 63
49 79
49 87
49 88
49 89
49 94
49 98
49 102
49 105
49 117
49 118
49 121
49 132
49 134
49 139
49 147
49 151
49 153
49 156
49 158
49 174
49 177
49 187
49 195
49 197
50 55
50 57
50 58
50 65
50 70
50 72
50 78
50 84
50 87
50 93
50 95
50 98
50 99
50 102
50 123
50 130
50 133
50 134
50 138
50 148
50 151
50 157
50 164
50 170
50 171
50 177
50 186
50 188
51 59
51 67
51 74
51 91
51 95
51 101
51 103
51 108
51 115
51 117
51 119
51 120
51 129
51 131
51 134
51 145
51 148
51 149
51 151
51 158
51 161
51 173
51 177
51 180
51 186
51 188
51 191
52 55
52 60
52 63
52 66
52 67
52 69
52 70
52 71
52 79
52 81
52 93
52 98
52 100
52 106
52 110
52 113
52 117
52 124
52 133
52 136
52 140
52 154
52 160
52 163
52 168
52 177
52 180
52 184
52 189
52 190
52 195
52 196
53 54
53 55
53 59
53 72
53 82
53 83
53 88
53 92
53 95
53 107
53 112
53 115
53 118
53 121
53 132
53 134
53 136
53 145
53 149
53 154
53 155
53 158
53 165
53 166
53 172
53 183
53 190
53 195
53 196
54 60
54 64
54 72
54 73
54 99
54 115
54 119
54 120
54 144
54 146
54 149
54 154
54 156
54 160
54 163
54 164
54 170
54 172
54 173
54 176
54 182
54 189
54 197
55 56
55 70
55 78
55 88
55 93
55 94
55 95
55 99
55 108
55 110
55 116
55 125
55 126
55 131
55 138
55 142
55 145
55 147
55 153
55 170
55 173
55 188
55 189
55 190
55 199
56 57
56 65
56 73
56 79
56 83
56 84
56 86
56 88
56 115
56 120
56 127
56 131
56 136
56 137
56 143
56 145
56 148
56 154
56 155
56 156
56 172
56 173
56 178
56 180
56 184
56 185
56 187
56 197
57 61
57 66
57 70
57 71
57 78
57 105
57 113
57 128
57 134
57 154
57 155
57 163
57 167
58 61
58 62
58 65
58 67
58 76
58 77
58 78
58 83
58 94
58 95
58 97
58 100
58 105
58 119
58 126
58 130
58 144
58 147
58 152
58 155
58 162
58 172
58 176
58 180
58 184
58 189
58 195
58 196
58 198
59 68
59 72
59 73
59 85
59 86
59 88
59 103
59 104
59 109
59 111
59 114
59 115
59 116
59 136
59 146
59 149
59 154
59 155
59 156
59 163
59 164
59 168
59 173
59 178
59 187
59 189
59 198
59 199
60 62
60 78
60 84
60 85
60 87
60 88
60 92
60 93
60 94
60 103
60 105
60 116
60 127
60 130
60 131
60 132
60 135
60 136
60 137
60 141
60 144
60 148
60 155
60 157
60 158
60 168
60 170
60 174
60 182
60 185
60 187
60 188
60 193
61 65
61 67
61 69
61 73
61 79
61 82
61 83
61 90
61 91
61 93
61 96
61 98
61 102
61 107
61 111
61 118
61 120
61 121
61 125
61 131
61 140
61 143
61 144
61 145
61 156
61 157
61 160
61 161
61 167
61 172
61 174
61 176
61 180
61 190
62 68
62 69
62 89
62 92
62 98
62 99
62 102
62 108
62 116
62 117
62 124
62 125
62 133
62 134
62 140
62 143
62 144
62 145
62 153
62 156
62 159
62 162
62 166
62 167
62 168
62 178
62 179
62 181
62 182
62 192
62 195
62 197
62 198
63 69
63 70
63 72
63 75
63 77
63 82
63 83
63 85
63 92
63 98
63 100
63 108
63 112
63 117
63 119
63 121
63 124
63 130
63 131
63 136
63 144
63 145
63 155
63 156
63 157
63 163
63 165
63 170
63 171
63 175
63 177
63 187
63 191
63 194
63 199
64 67
64 68
64 70
64 74
64 75
64 81
64 86
64 87
64 92
64 100
64 114
64 117
64 126
64 127
64 135
64 136
64 140
64 146
64 150
64 158
64 159
64 163
64 165
64 168
64 170
64 172
64 173
64 175
64 184
64 188
65 73
65 78
65 84
65 88
65 93
65 99
65 109
65 111
65 112
65 122
65 127
65 128
65 138
65 139
65 140
65 151
65 160
65 173
65 180
65 186
65 192
65 196
66 77
66 79
66 86
66 88
66 95
66 96
66 99
66 100
66 101
66 103
66 108
66 119
66 121
66 126
66 138
66 147
66 151
66 154
66 158
66 166
66 167
66 171
66 173
66 175
66 181
66 184
66 185
66 197
67 72
67 73
67 80
67 84
67 88
67 96
67 97
67 98
67 110
67 113
67 115
67 117
67 133
67 134
67 139
67 141
67 146
67 158
67 159
67 161
67 162
67 165
67 168
67 172
67 178
67 186
67 190
67 192
67 196
68 73
68 75
68 85
68 90
68 98
68 101
68 107
68 109
68 113
68 118
68 126
68 127
68 129
68 131
68 141
68 144
68 147
68 154
68 156
68 158
68 162
68 167
68 172
68 183
68 198
69 70
69 73
69 74
69 78
69 81
69 83
69 84
69 86
69 91
69 92
69 100
69 101
69 105
69 107
69 117
69 132
69 133
69 134
69 144
69 145
69 150
69 152
69 160
69 162
69 163
69 165
69 167
69 169
69 172
69 184
69 193
69 195
70 79
70 81
70 91
70 96
70 99
70 101
70 103
70 109
70 117
70 118
70 119
70 122
70 126
70 129
70 142
70 143
70 145
70 147
70 157
70 161
70 165
70 178
70 181
70 185
70 192
70 197
71 73
71 76
71 79
71 83
71 90
71 92
71 100
71 102
71 105
71 108
71 110
71 112
71 113
71 117
71 128
71 137
71 144
71 145
71 151
71 163
71 168
71 179
71 184
71 185
71 188
71 189
72 91
72 93
72 103
72 107
72 112
72 115
72 128
72 134
72 135
72 140
72 142
72 143
72 145
72 153
72 156
72 164
72 166
72 167
72 170
72 171
72 175
72 177
72 179
72 180
72 192
72 193
72 194
72 196
73 84
73 89
73 99
73 100
73 113
73 118
73 120
73 121
73 127
73 128
73 138
73 150
73 158
73 163
73 168
73 172
73 180
73 187
73 188
73 189
73 194
73 195
74 77
74 89
74 90
74 92
74 104
74 108
74 110
74 112
74 113
74 120
74 149
74 152
74 164
74 165
74 172
74 176
74 179
74 185
74 198
75 90
75 94
75 98
75 102
75 104
75 106
75 110
75 119
75 123
75 126
75 134
75 135
75 136
75 137
75 139
75 149
75 156
75 160
75 161
75 163
75 177
75 179
75 180
75 185
76 83
76 88
76 89
76 97
76 101
76 104
76 109
76 110
76 115
76 122
76 125
76 136
76 140
76 152
76 154
76 155
76 166
76 177
76 178
76 182
76 184
76 188
76 192
76 195
77 79
77 96
77 99
77 100
77 112
77 115
77 133
77 138
77 140
77 149
77 150
77 161
77 164
77 169
77 170
77 175
77 180
77 190
78 79
78 80
78 83
78 88
78 94
78 95
78 118
78 126
78 133
78 139
78 142
78 144
78 145
78 156
78 159
78 161
78 162
78 166
78 168
78 184
78 192
78 197
79 90
79 93
79 101
79 104
79 109
79 110
79 118
79 119
79 122
79 123
79 130
79 137
79 142
79 144
79 145
79 146
79 147
79 150
79 152
79 155
79 157
79 160
79 162
79 167
79 174
79 179
79 181
79 189
80 83
80 88
80 90
80 93
80 97
80 103
80 111
80 112
80 117
80 126
80 129
80 143
80 147
80 149
80 160
80 162
80 164
80 166
80 175
80 178
80 180
80 184
80 185
80 187
80 194
80 196
81 89
81 94
81 97
81 111
81 112
81 114
81 123
81 124
81 125
81 126
81 127
81 129
81 132
81 133
81 136
81 137
81 139
81 152
81 154
81 156
81 158
81 162
81 166
81 167
81 168
81 169
81 174
81 178
81 182
81 193
82 85
82 86
82 92
82 94
82 105
82 108
82 110
82 111
82 114
82 127
82 128
82 130
82 139
82 148
82 149
82 151
82 156
82 158
82 159
82 161
82 167
82 168
82 176
82 178
82 182
82 185
82 187
82 197
83 87
83 90
83 94
83 100
83 102
83 111
83 118
83 122
83 124
83 131
83 137
83 138
83 141
83 144
83 145
83 148
83 153
83 155
83 158
83 168
83 169
83 170
83 171
83 179
83 185
83 191
83 192
83 196
84 87
84 90
84 92
84 93
84 113
84 124
84 125
84 130
84 138
84 140
84 143
84 154
84 157
84 159
84 160
84 162
84 171
84 173
84 180
84 182
84 183
84 188
84 191
84 199
85 107
85 108
85 114
85 122
85 126
85 127
85 134
85 135
85 143
85 144
85 146
85 148
85 155
85 166
85 169
85 173
85 174
85 176
85 177
85 180
85 185
85 192
85 193
85 196
86 93
86 109
86 125
86 128
86 133
86 137
86 140
86 148
86 154
86 168
86 169
86 170
86 190
86 192
86 195
87 92
87 96
87 101
87 102
87 115
87 116
87 125
87 128
87 129
87 139
87 141
87 147
87 156
87 163
87 166
87 176
87 180
87 187
87 188
87 197
87 199
88 98
88 104
88 105
88 111
88 114
88 120
88 124
88 126
88 130
88 134
88 138
88 151
88 152
88 153
88 154
88 159
88 161
88 167
88 168
88 170
88 173
88 184
88 188
88 192
88 193
88 197
88 198
88 199
89 94
89 97
89 100
89 105
89 109
89 112
89 113
89 117
89 124
89 134
89 138
89 140
89 146
89 148
89 151
89 156
89 163
89 164
89 174
89 177
89 179
89 184
89 185
89 186
89 187
89 189
90 95
90 102
90 103
90 106
90 110
90 111
90 112
90 113
90 120
90 126
90 134
90 135
90 137
90 138
90 143
90 152
90 161
90 164
90 166
90 168
90 191
90 194
91 93
91 94
91 98
91 109
91 116
91 121
91 130
91 142
91 144
91 145
91 151
91 152
91 155
91 166
91 170
91 172
91 173
91 174
91 180
91 190
92 95
92 101
92 104
92 106
92 116
92 130
92 134
92 137
92 141
92 152
92 162
92 166
92 174
92 175
92 184
92 192
92 198
93 94
93 96
93 97
93 122
93 125
93 132
93 143
93 152
93 156
93 157
93 160
93 173
93 184
93 185
93 186
93 187
93 191
93 198
94 96
94 98
94 107
94 113
94 117
94 120
94 125
94 136
94 140
94 147
94 158
94 159
94 167
94 168
94 182
94 186
94 188
94 196
95 99
95 108
95 109
95 113
95 118
95 126
95 134
95 141
95 146
95 153
95 165
95 168
95 171
95 183
95 189
95 196
95 199
96 105
96 108
96 112
96 117
96 123
96 126
96 128
96 137
96 150
96 152
96 159
96 167
96 171
96 172
96 194
96 198
97 106
97 118
97 120
97 122
97 131
97 132
97 134
97 145
97 156
97 167
97 169
97 181
97 182
97 189
97 195
97 196
97 198
98 105
98 108
98 114
98 118
98 120
98 123
98 124
98 132
98 143
98 145
98 151
98 154
98 158
98 166
98 167
98 172
98 175
98 183
98 192
98 193
98 197
99 104
99 106
99 107
99 109
99 111
99 112
99 116
99 117
99 126
99 127
99 136
99 151
99 154
99 155
99 157
99 158
99 162
99 167
99 171
99 173
99 177
99 181
99 185
99 194
99 196
100 104
100 105
100 107
100 111
100 119
100 120
100 123
100 129
100 130
100 140
100 144
100 146
100 154
100 169
100 170
100 175
100 180
100 184
100 186
100 187
100 198
101 103
101 105
101 106
101 108
101 110
101 116
101 121
101 124
101 125
101 133
101 135
101 141
101 146
101 155
101 157
101 169
101 172
101 175
101 186
101 190
101 194
101 199
102 103
102 104
102 105
102 115
102 116
102 118
102 120
102 132
102 137
102 138
102 140
102 147
102 148
102 151
102 152
102 155
102 159
102 168
102 179
102 180
102 184
102 187
102 190
102 194
103 105
103 106
103 115
103 127
103 143
103 144
103 146
103 160
103 162
103 166
103 167
103 171
103 173
103 177
103 179
103 181
103 184
103 188
103 196
103 197
103 198
104 108
104 112
104 114
104 118
104 122
104 124
104 125
104 136
104 138
104 140
104 146
104 156
104 165
104 167
104 179
104 184
104 186
105 117
105 121
105 124
105 126
105 144
105 154
105 158
105 162
105 163
105 164
105 167
105 173
105 174
105 175
105 178
105 182
105 195
105 197
106 110
106 117
106 129
106 134
106 140
106 158
106 163
106 165
106 182
106 184
106 191
106 193
107 108
107 119
107 120
107 130
107 135
107 138
107 140
107 141
107 142
107 148
107 150
107 165
107 168
107 172
107 177
107 180
107 184
107 185
107 191
107 192
107 195
107 196
107 199
108 114
108 124
108 138
108 141
108 147
108 149
108 155
108 160
108 167
108 174
108 184
108 195
109 119
109 120
109 126
109 127
109 128
109 134
109 139
109 148
109 152
109 157
109 158
109 160
109 165
109 170
109 173
109 176
109 186
110 111
110 112
110 114
110 124
110 126
110 127
110 132
110 135
110 141
110 144
110 147
110 153
110 155
110 157
110 163
110 164
110 170
110 178
110 180
110 190
111 122
111 129
111 130
111 153
111 155
111 165
111 172
111 173
111 178
111 183
111 185
111 186
111 190
111 193
111 197
112 114
112 115
112 120
112 123
112 124
112 128
112 131
112 134
112 135
112 138
112 139
112 143
112 157
112 162
112 170
112 173
112 177
112 180
112 181
112 182
112 184
112 191
112 195
113 118
113 127
113 129
113 135
113 137
113 145
113 151
113 154
113 160
113 164
113 168
113 175
113 182
113 184
113 188
113 192
114 119
114 123
114 124
114 125
114 134
114 140
114 157
114 166
114 176
114 184
114 186
114 191
114 192
114 199
115 129
115 137
115 138
115 139
115 142
115 146
115 147
115 149
115 154
115 156
115 163
115 164
115 167
115 169
115 172
115 173
115 178
115 180
115 183
115 199
116 120
116 121
116 129
116 130
116 133
116 144
116 147
116 153
116 157
116 166
116 186
116 188
116 191
116 198
117 118
117 129
117 134
117 135
117 138
117 141
117 147
117 150
117 157
117 158
117 159
117 165
117 170
117 173
117 178
117 183
117 184
118 139
118 141
118 144
118 155
118 160
118 169
118 181
118 184
118 190
118 192
118 193
118 194
118 197
118 198
119 124
119 127
119 131
119 137
119 138
119 142
119 143
119 144
119 145
119 146
119 147
119 149
119 152
119 153
119 155
119 167
119 168
119 176
119 177
119 182
119 195
119 197
119 199
120 132
120 136
120 141
120 148
120 149
120 150
120 166
120 168
120 174
120 188
120 189
120 191
121 125
121 134
121 140
121 142
121 145
121 147
121 152
121 158
121 161
121 169
121 176
121 178
121 182
121 183
121 186
121 193
121 195
121 197
122 127
122 130
122 138
122 143
122 147
122 149
122 150
122 156
122 161
122 164
122 166
122 168
122 173
122 176
122 179
122 180
122 186
122 191
122 195
122 196
123 128
123 129
123 140
123 143
123 150
123 154
123 157
123 162
123 168
123 169
123 172
123 173
123 178
123 179
123 185
123 196
124 133
124 139
124 143
124 144
124 149
124 150
124 152
124 169
124 172
124 174
124 179
124 182
124 187
124 189
124 192
124 195
124 198
125 126
125 128
125 129
125 131
125 133
125 135
125 143
125 158
125 159
125 169
125 173
125 175
125 180
125 184
125 186
125 188
125 191
125 192
125 194
126 127
126 133
126 137
126 140
126 141
126 149
126 155
126 161
126 168
126 175
126 181
126 182
126 188
127 128
127 137
127 139
127 149
127 162
127 168
127 169
127 171
127 172
127 183
127 189
127 191
127 196
127 197
128 136
128 137
128 144
128 149
128 155
128 158
128 163
128 165
128 168
128 175
128 180
128 189
128 194
129 138
129 139
129 141
129 142
129 143
129 145
129 146
129 150
129 162
129 166
129 184
129 185
129 187
129 188
129 195
130 139
130 142
130 157
130 158
130 159
130 165
130 167
130 174
130 175
130 179
130 181
130 184
130 186
130 188
130 190
130 191
131 135
131 145
131 160
131 161
131 162
131 169
131 172
131 179
131 185
131 186
131 190
131 197
132 133
132 138
132 145
132 152
132 153
132 155
132 158
132 159
132 160
132 171
132 172
132 179
132 180
132 182
132 187
132 192
133 135
133 140
133 151
133 157
133 165
133 170
133 183
133 192
133 194
133 195
133 197
133 199
134 137
134 139
134 140
134 141
134 149
134 150
134 158
134 159
134 163
134 166
134 168
134 180
134 186
135 136
135 141
135 144
135 159
135 162
135 163
135 165
135 170
135 182
135 183
135 194
135 195
135 197
136 151
136 155
136 162
136 170
136 173
136 177
136 178
136 179
136 180
136 183
136 191
137 141
137 150
137 151
137 153
137 160
137 164
137 176
137 183
137 185
137 186
137 188
137 195
138 145
138 156
138 157
138 175
138 177
138 179
138 183
138 184
138 185
138 187
138 189
138 193
138 196
139 150
139 158
139 163
139 166
139 169
139 187
139 192
139 194
140 146
140 150
140 158
140 164
140 165
140 168
140 181
140 187
140 190
141 150
141 151
141 155
141 161
141 165
141 170
141 178
141 183
141 185
141 190
141 191
142 144
142 145
142 146
142 149
142 153
142 154
142 156
142 157
142 162
142 164
142 171
142 172
142 173
142 179
142 182
142 191
142 198
143 150
143 153
143 155
143 159
143 161
143 166
143 173
143 175
143 187
144 146
144 150
144 153
144 159
144 176
144 177
144 189
144 194
145 150
145 157
145 159
145 172
145 173
145 179
145 183
145 185
145 187
146 148
146 153
146 155
146 156
146 161
146 166
146 169
146 180
146 196
146 198
147 151
147 153
147 156
147 157
147 173
147 175
147 185
147 188
147 193
148 150
148 151
148 154
148 159
148 163
148 168
148 170
148 176
148 181
148 183
148 194
149 154
149 171
149 173
149 176
149 180
149 199
150 151
150 159
150 160
150 166
150 169
150 170
150 172
150 181
150 182
150 190
150 193
150 196
151 156
151 172
151 178
151 188
151 196
151 198
152 160
152 166
152 173
152 176
152 177
152 178
152 180
152 181
152 182
152 185
153 165
153 170
153 172
153 173
153 177
153 182
153 185
153 187
154 171
154 172
154 189
154 190
154 199
155 156
155 158
155 159
155 160
155 162
155 163
155 171
155 177
155 178
155 180
155 184
155 185
155 188
155 195
156 157
156 161
156 168
156 183
156 187
156 191
156 193
156 195
157 160
157 163
157 167
157 170
157 173
157 174
157 178
157 182
157 185
157 197
157 198
158 160
158 161
158 164
158 174
158 180
158 188
158 192
158 194
158 198
159 160
159 163
159 170
159 171
159 175
159 179
159 182
159 184
159 185
159 186
159 195
159 196
160 166
160 168
160 177
160 178
160 188
160 191
160 197
160 198
160 199
161 175
161 178
161 183
161 186
161 188
161 191
161 198
162 164
162 166
162 170
162 174
162 175
162 182
162 193
163 173
163 177
163 179
163 180
163 187
163 188
163 194
163 198
164 168
164 170
164 172
164 175
164 176
164 177
164 199
165 169
165 176
165 178
165 183
165 184
165 188
165 193
165 195
165 196
166 173
166 188
166 192
166 198
167 169
167 174
167 182
167 185
167 187
167 188
167 189
167 198
168 179
168 180
168 187
168 189
168 196
169 171
169 172
169 175
169 177
169 183
169 187
169 190
169 193
170 184
170 192
170 198
170 199
171 176
171 177
171 178
171 184
171 186
171 190
171 194
171 196
172 174
172 175
172 182
172 188
172 194
172 199
173 174
173 180
173 184
173 191
173 199
174 196
174 198
175 183
175 186
175 193
176 185
176 189
176 191
176 195
177 188
177 199
178 182
178 187
178 193
179 185
179 191
179 198
179 199
180 181
180 182
180 185
180 187
180 192
180 193
180 196
180 199
181 189
181 191
181 192
182 183
182 186
182 187
182 193
182 198
182 199
183 187
183 192
184 186
184 195
185 186
185 187
185 192
185 195
186 187
186 189
186 191
186 194
186 197
186 199
187 193
187 197
188 193
188 197
189 191
189 196
189 197
190 192
190 199
191 193
192 198
194 195
194 196
195 198
197 199
