200 5597
10 19
66 52
34 19
32 26
37 66
22 57
44 81
60 93
43 48
30 14
76 56
70 76
26 100
72 69
91 98
33 17
56 90
36 18
43 50
85 45
46 92
79 42
23 98
23 26
89 59
81 51
52 50
97 78
13 78
30 79
26 90
100 81
27 64
51 42
69 44
52 47
91 53
95 70
53 82
78 71
27 86
19 44
20 96
52 32
98 46
71 69
14 45
90 54
55 98
49 14
32 80
12 58
39 68
71 16
27 85
17 70
67 57
52 38
28 80
71 21
40 91
65 45
82 84
20 28
97 14
65 46
61 46
63 48
80 38
77 51
32 68
19 23
30 99
43 95
100 85
80 64
73 66
85 92
55 47
95 94
25 55
80 37
48 81
68 98
10 69
16 77
77 58
23 72
76 99
13 18
48 26
39 40
60 22
51 89
51 55
80 22
56 38
58 10
52 53
11 18
69 51
60 85
96 47
52 86
74 23
29 76
27 30
93 100
60 14
85 48
66 64
100 19
55 23
17 44
53 46
64 87
83 73
67 14
91 83
54 88
29 23
61 40
45 79
10 67
29 47
47 63
66 15
15 15
51 31
17 13
11 20
14 34
29 42
68 61
86 93
96 54
67 26
56 45
20 77
36 49
44 14
28 91
49 26
72 87
54 22
72 52
100 30
20 29
84 33
75 54
36 40
68 33
32 30
71 79
44 83
51 36
30 87
55 12
52 66
12 43
44 90
96 98
39 55
54 85
60 49
18 72
59 74
80 90
80 42
82 58
45 41
41 83
66 29
35 26
98 28
74 36
44 85
62 14
88 26
25 91
54 58
70 61
53 23
26 79
60 46
72 56
63 35
55 91
48 71
77 50
96 94
90 41
18 91
46 78
39 89
37 63
68 98
20 42
36 58
87 48
7899
0 2
0 3
0 6
0 7
0 8
0 12
0 16
0 20
0 21
0 22
0 23
0 24
0 25
0 28
0 31
0 36
0 37
0 40
0 41
0 42
0 45
0 50
0 51
0 52
0 54
0 61
0 62
0 66
0 67
0 71
0 72
0 73
0 74
0 79
0 80
0 82
0 83
0 84
0 91
0 95
0 99
0 104
0 108
0 114
0 115
0 124
0 132
0 133
0 135
0 137
0 138
0 140
0 144
0 146
0 151
0 153
0 160
0 161
0 163
0 165
0 166
0 167
0 168
0 182
0 185
0 186
0 187
0 188
0 190
0 199
1 8
1 15
1 16
1 19
1 21
1 22
1 23
1 24
1 26
1 29
1 32
1 36
1 38
1 39
1 41
1 49
1 53
1 58
1 59
1 60
1 64
1 66
1 67
1 70
1 71
1 74
1 82
1 87
1 88
1 89
1 94
1 96
1 99
1 100
1 101
1 105
1 110
1 116
1 117
1 119
1 121
1 123
1 124
1 128
1 131
1 135
1 136
1 137
1 142
1 144
1 150
1 154
1 162
1 166
1 167
1 168
1 173
1 174
1 175
1 178
1 179
1 180
1 189
1 190
1 194
2 4
2 7
2 11
2 13
2 14
2 19
2 20
2 21
2 25
2 28
2 29
2 30
2 31
2 34
2 40
2 41
2 45
2 49
2 52
2 53
2 54
2 60
2 61
2 63
2 64
2 65
2 70
2 71
2 78
2 79
2 80
2 82
2 83
2 85
2 88
2 90
2 92
2 93
2 94
2 96
2 97
2 99
2 100
2 105
2 106
2 107
2 114
2 115
2 116
2 117
2 119
2 120
2 121
2 122
2 123
2 125
2 126
2 128
2 129
2 130
2 131
2 132
2 134
2 136
2 137
2 138
2 139
2 140
2 141
2 142
2 144
2 151
2 157
2 160
2 162
2 163
2 166
2 167
2 174
2 176
2 181
2 182
2 184
2 186
2 189
2 190
2 194
2 196
3 5
3 7
3 10
3 13
3 14
3 16
3 22
3 23
3 25
3 27
3 28
3 29
3 31
3 32
3 34
3 37
3 40
3 43
3 49
3 50
3 54
3 55
3 58
3 59
3 61
3 62
3 64
3 69
3 70
3 71
3 72
3 75
3 78
3 79
3 80
3 82
3 83
3 84
3 88
3 90
3 97
3 98
3 101
3 107
3 112
3 113
3 116
3 118
3 119
3 121
3 124
3 125
3 127
3 128
3 129
3 130
3 131
3 132
3 133
3 134
3 141
3 143
3 147
3 148
3 149
3 150
3 151
3 155
3 159
3 162
3 163
3 165
3 166
3 167
3 169
3 170
3 172
3 173
3 174
3 176
3 182
3 184
3 185
3 186
3 188
3 189
3 191
3 198
4 5
4 7
4 12
4 14
4 15
4 18
4 21
4 22
4 29
4 31
4 33
4 37
4 41
4 43
4 52
4 53
4 54
4 60
4 61
4 65
4 67
4 68
4 70
4 71
4 72
4 73
4 76
4 77
4 78
4 83
4 84
4 87
4 92
4 94
4 95
4 97
4 99
4 102
4 104
4 108
4 113
4 120
4 124
4 126
4 133
4 134
4 138
4 140
4 142
4 144
4 145
4 147
4 148
4 151
4 152
4 154
4 155
4 156
4 158
4 160
4 161
4 162
4 163
4 165
4 166
4 172
4 173
4 175
4 179
4 183
4 187
4 191
4 193
4 195
4 198
4 199
5 8
5 10
5 11
5 13
5 19
5 29
5 35
5 37
5 42
5 44
5 47
5 49
5 51
5 53
5 60
5 68
5 71
5 74
5 76
5 78
5 79
5 80
5 83
5 89
5 90
5 97
5 99
5 100
5 102
5 103
5 108
5 109
5 110
5 112
5 114
5 117
5 118
5 119
5 120
5 123
5 124
5 130
5 132
5 133
5 135
5 136
5 138
5 139
5 140
5 150
5 154
5 155
5 158
5 160
5 165
5 166
5 167
5 172
5 174
5 176
5 180
5 186
5 189
5 190
5 193
5 194
5 196
6 8
6 9
6 10
6 11
6 12
6 14
6 16
6 17
6 19
6 22
6 27
6 28
6 29
6 30
6 36
6 38
6 41
6 42
6 43
6 45
6 46
6 51
6 53
6 54
6 57
6 62
6 63
6 65
6 67
6 70
6 71
6 74
6 76
6 77
6 80
6 84
6 85
6 89
6 90
6 91
6 93
6 94
6 95
6 96
6 98
6 100
6 101
6 119
6 120
6 121
6 122
6 124
6 125
6 130
6 136
6 143
6 145
6 146
6 148
6 151
6 153
6 156
6 162
6 166
6 167
6 171
6 172
6 174
6 176
6 177
6 180
6 183
6 184
6 185
6 188
6 189
6 190
6 192
6 193
6 197
6 198
7 9
7 11
7 17
7 21
7 22
7 25
7 30
7 32
7 33
7 37
7 39
7 42
7 43
7 47
7 48
7 55
7 56
7 58
7 59
7 61
7 67
7 72
7 73
7 75
7 78
7 81
7 82
7 83
7 84
7 85
7 87
7 88
7 90
7 98
7 99
7 102
7 107
7 110
7 114
7 116
7 117
7 119
7 120
7 123
7 126
7 135
7 137
7 141
7 147
7 150
7 151
7 152
7 157
7 159
7 160
7 161
7 164
7 165
7 166
7 167
7 171
7 172
7 175
7 176
7 177
7 180
7 182
7 185
7 186
7 190
7 191
7 192
7 193
7 194
7 195
8 9
8 14
8 18
8 19
8 22
8 29
8 30
8 35
8 40
8 41
8 44
8 45
8 46
8 47
8 48
8 50
8 51
8 53
8 56
8 59
8 60
8 62
8 63
8 66
8 69
8 71
8 72
8 76
8 77
8 80
8 86
8 88
8 93
8 95
8 96
8 105
8 106
8 110
8 116
8 117
8 118
8 121
8 125
8 126
8 128
8 134
8 135
8 137
8 138
8 140
8 142
8 143
8 148
8 149
8 151
8 153
8 155
8 156
8 158
8 162
8 164
8 166
8 168
8 169
8 171
8 172
8 173
8 174
8 175
8 176
8 178
8 180
8 181
8 183
8 185
8 187
8 189
8 190
8 194
8 195
8 199
9 12
9 14
9 15
9 16
9 17
9 18
9 24
9 27
9 30
9 31
9 34
9 35
9 41
9 42
9 43
9 49
9 53
9 54
9 59
9 64
9 70
9 71
9 72
9 73
9 75
9 77
9 78
9 80
9 88
9 89
9 93
9 94
9 95
9 97
9 100
9 105
9 109
9 113
9 116
9 121
9 123
9 124
9 127
9 129
9 132
9 133
9 134
9 136
9 137
9 138
9 139
9 140
9 141
9 146
9 149
9 151
9 154
9 155
9 160
9 162
9 165
9 166
9 168
9 169
9 171
9 173
9 174
9 176
9 177
9 178
9 180
9 181
9 182
9 184
9 186
9 192
9 195
9 199
10 15
10 16
10 20
10 25
10 28
10 30
10 34
10 35
10 36
10 41
10 44
10 45
10 53
10 54
10 55
10 56
10 57
10 58
10 60
10 61
10 62
10 63
10 67
10 68
10 69
10 71
10 73
10 80
10 81
10 85
10 87
10 89
10 90
10 92
10 94
10 102
10 106
10 110
10 111
10 114
10 119
10 121
10 127
10 131
10 133
10 134
10 135
10 136
10 142
10 143
10 150
10 152
10 153
10 155
10 156
10 158
10 160
10 161
10 164
10 167
10 170
10 172
10 175
10 177
10 179
10 181
10 182
10 183
10 185
10 193
10 194
10 197
11 12
11 14
11 15
11 20
11 21
11 24
11 25
11 34
11 38
11 39
11 41
11 44
11 45
11 48
11 49
11 50
11 56
11 57
11 58
11 61
11 62
11 64
11 67
11 71
11 83
11 86
11 89
11 90
11 92
11 98
11 100
11 101
11 105
11 108
11 113
11 115
11 117
11 118
11 123
11 124
11 128
11 139
11 140
11 141
11 145
11 146
11 150
11 152
11 155
11 156
11 158
11 161
11 162
11 163
11 167
11 171
11 174
11 177
11 178
11 179
11 185
11 187
11 189
11 192
11 193
11 197
11 198
11 199
12 14
12 16
12 18
12 22
12 32
12 34
12 39
12 40
12 45
12 46
12 47
12 48
12 49
12 50
12 58
12 59
12 66
12 67
12 68
12 69
12 70
12 71
12 72
12 74
12 75
12 76
12 77
12 79
12 80
12 83
12 84
12 87
12 92
12 93
12 101
12 102
12 103
12 104
12 107
12 109
12 114
12 115
12 118
12 121
12 123
12 128
12 129
12 130
12 131
12 133
12 136
12 137
12 143
12 145
12 146
12 148
12 149
12 150
12 151
12 157
12 158
12 159
12 160
12 162
12 165
12 166
12 167
12 170
12 173
12 174
12 175
12 177
12 179
12 184
12 185
12 187
12 188
12 192
12 195
12 196
12 197
12 198
13 14
13 15
13 24
13 25
13 26
13 27
13 29
13 30
13 32
13 33
13 34
13 36
13 38
13 44
13 45
13 48
13 49
13 52
13 54
13 56
13 57
13 60
13 66
13 68
13 69
13 71
13 73
13 74
13 77
13 78
13 79
13 86
13 88
13 89
13 90
13 95
13 96
13 100
13 101
13 108
13 109
13 111
13 122
13 126
13 127
13 130
13 134
13 136
13 140
13 143
13 144
13 147
13 151
13 154
13 156
13 158
13 159
13 160
13 162
13 165
13 166
13 169
13 170
13 172
13 173
13 175
13 180
13 181
13 184
13 185
13 189
13 191
13 192
13 193
13 194
13 197
13 198
14 18
14 19
14 28
14 32
14 34
14 36
14 39
14 40
14 41
14 45
14 46
14 51
14 52
14 54
14 55
14 59
14 63
14 65
14 66
14 68
14 70
14 74
14 77
14 80
14 83
14 84
14 87
14 88
14 93
14 95
14 96
14 98
14 99
14 100
14 104
14 110
14 112
14 113
14 114
14 115
14 116
14 119
14 120
14 121
14 124
14 128
14 130
14 131
14 132
14 134
14 139
14 146
14 147
14 148
14 150
14 151
14 153
14 160
14 167
14 172
14 173
14 174
14 175
14 177
14 179
14 184
14 187
14 188
14 196
14 198
15 18
15 19
15 20
15 22
15 27
15 30
15 31
15 32
15 33
15 34
15 37
15 39
15 41
15 42
15 47
15 49
15 50
15 51
15 54
15 56
15 57
15 58
15 59
15 61
15 63
15 64
15 65
15 66
15 73
15 74
15 75
15 76
15 82
15 85
15 88
15 90
15 94
15 96
15 97
15 99
15 108
15 111
15 112
15 117
15 118
15 120
15 122
15 124
15 127
15 129
15 132
15 133
15 134
15 137
15 139
15 143
15 144
15 145
15 146
15 147
15 148
15 149
15 151
15 155
15 158
15 161
15 163
15 167
15 170
15 172
15 174
15 176
15 179
15 182
15 183
15 185
15 187
15 191
15 193
15 194
15 195
15 196
15 199
16 17
16 19
16 24
16 28
16 29
16 35
16 37
16 41
16 42
16 45
16 48
16 52
16 53
16 55
16 58
16 61
16 62
16 63
16 65
16 70
16 72
16 74
16 75
16 76
16 79
16 80
16 82
16 88
16 89
16 91
16 93
16 94
16 96
16 104
16 105
16 109
16 112
16 114
16 118
16 119
16 125
16 132
16 133
16 134
16 138
16 139
16 140
16 141
16 142
16 144
16 145
16 146
16 149
16 151
16 153
16 159
16 160
16 161
16 163
16 166
16 167
16 168
16 170
16 172
16 175
16 181
16 185
16 186
16 187
16 190
16 197
17 24
17 26
17 27
17 28
17 29
17 31
17 32
17 35
17 36
17 43
17 44
17 50
17 52
17 55
17 56
17 57
17 59
17 60
17 61
17 67
17 68
17 70
17 80
17 81
17 84
17 86
17 88
17 89
17 95
17 99
17 106
17 107
17 109
17 112
17 113
17 114
17 116
17 117
17 120
17 122
17 123
17 125
17 127
17 130
17 131
17 139
17 142
17 143
17 145
17 147
17 148
17 149
17 151
17 152
17 153
17 154
17 156
17 158
17 160
17 161
17 162
17 163
17 166
17 168
17 171
17 176
17 179
17 181
17 187
17 188
17 189
17 190
17 192
17 193
17 194
17 198
18 19
18 20
18 22
18 23
18 24
18 25
18 26
18 34
18 37
18 38
18 39
18 42
18 46
18 47
18 51
18 53
18 56
18 57
18 60
18 61
18 64
18 68
18 69
18 74
18 75
18 76
18 77
18 78
18 80
18 81
18 83
18 84
18 90
18 93
18 95
18 96
18 98
18 99
18 100
18 102
18 103
18 107
18 111
18 112
18 116
18 120
18 122
18 127
18 128
18 129
18 130
18 131
18 132
18 134
18 136
18 137
18 138
18 147
18 148
18 152
18 161
18 164
18 166
18 168
18 170
18 173
18 174
18 175
18 178
18 179
18 181
18 184
18 187
18 188
18 192
18 194
18 195
18 196
18 198
19 21
19 22
19 23
19 24
19 25
19 26
19 36
19 42
19 44
19 45
19 49
19 54
19 56
19 60
19 61
19 62
19 64
19 65
19 68
19 70
19 74
19 76
19 78
19 80
19 81
19 82
19 86
19 90
19 92
19 96
19 103
19 109
19 113
19 114
19 116
19 120
19 121
19 123
19 124
19 127
19 129
19 132
19 133
19 135
19 140
19 143
19 144
19 146
19 149
19 150
19 152
19 159
19 164
19 167
19 170
19 171
19 175
19 180
19 182
19 183
19 185
19 187
19 190
19 191
19 194
19 195
19 196
20 23
20 28
20 30
20 31
20 32
20 35
20 39
20 40
20 42
20 43
20 44
20 53
20 54
20 56
20 59
20 61
20 67
20 70
20 73
20 75
20 81
20 87
20 89
20 90
20 91
20 93
20 96
20 100
20 101
20 103
20 104
20 107
20 115
20 116
20 117
20 118
20 119
20 121
20 125
20 126
20 130
20 132
20 134
20 135
20 136
20 139
20 140
20 141
20 142
20 150
20 151
20 153
20 154
20 157
20 158
20 160
20 161
20 162
20 164
20 167
20 168
20 175
20 176
20 178
20 187
20 189
20 190
20 192
21 23
21 24
21 32
21 36
21 38
21 45
21 49
21 50
21 51
21 52
21 53
21 56
21 57
21 58
21 59
21 65
21 67
21 68
21 71
21 72
21 75
21 76
21 78
21 79
21 81
21 87
21 89
21 90
21 91
21 93
21 94
21 95
21 98
21 99
21 111
21 112
21 117
21 118
21 119
21 121
21 122
21 126
21 128
21 130
21 132
21 133
21 134
21 136
21 137
21 139
21 141
21 145
21 146
21 150
21 151
21 152
21 153
21 154
21 155
21 156
21 157
21 158
21 164
21 171
21 175
21 176
21 178
21 179
21 181
21 186
21 189
21 190
21 192
21 193
21 195
21 196
22 23
22 24
22 26
22 27
22 28
22 30
22 31
22 34
22 36
22 37
22 38
22 40
22 46
22 50
22 54
22 58
22 60
22 61
22 63
22 67
22 69
22 70
22 73
22 75
22 80
22 82
22 84
22 85
22 87
22 91
22 93
22 94
22 95
22 97
22 98
22 99
22 101
22 102
22 104
22 105
22 106
22 107
22 117
22 118
22 121
22 122
22 129
22 136
22 137
22 138
22 139
22 140
22 144
22 145
22 146
22 149
22 151
22 152
22 153
22 155
22 156
22 157
22 159
22 160
22 161
22 166
22 168
22 172
22 180
22 181
22 184
22 185
22 188
22 191
22 192
22 194
22 199
23 24
23 27
23 29
23 33
23 34
23 36
23 38
23 42
23 45
23 52
23 53
23 54
23 56
23 61
23 62
23 63
23 64
23 66
23 69
23 71
23 73
23 77
23 78
23 80
23 84
23 85
23 86
23 89
23 90
23 94
23 95
23 97
23 101
23 105
23 107
23 108
23 109
23 110
23 112
23 117
23 121
23 123
23 124
23 125
23 128
23 129
23 130
23 131
23 132
23 134
23 136
23 148
23 149
23 152
23 163
23 165
23 168
23 170
23 172
23 174
23 175
23 178
23 184
23 185
23 191
23 193
23 194
23 195
23 198
23 199
24 25
24 26
24 32
24 35
24 36
24 39
24 40
24 44
24 45
24 47
24 49
24 53
24 54
24 57
24 60
24 62
24 64
24 66
24 68
24 72
24 76
24 78
24 79
24 80
24 83
24 86
24 89
24 92
24 94
24 96
24 97
24 101
24 106
24 109
24 118
24 120
24 122
24 124
24 125
24 127
24 131
24 133
24 134
24 137
24 139
24 144
24 150
24 151
24 154
24 159
24 164
24 167
24 169
24 171
24 173
24 176
24 177
24 180
24 182
24 183
24 185
24 189
24 193
24 194
24 199
25 26
25 29
25 31
25 40
25 41
25 43
25 44
25 45
25 46
25 47
25 53
25 57
25 58
25 63
25 65
25 78
25 79
25 83
25 85
25 91
25 95
25 97
25 107
25 108
25 112
25 115
25 117
25 120
25 123
25 129
25 132
25 139
25 150
25 152
25 153
25 154
25 155
25 156
25 157
25 159
25 161
25 168
25 171
25 172
25 173
25 175
25 176
25 179
25 186
25 188
25 189
25 190
25 191
25 192
25 197
25 198
25 199
26 33
26 40
26 42
26 44
26 45
26 47
26 49
26 50
26 53
26 54
26 55
26 57
26 60
26 61
26 62
26 63
26 65
26 66
26 67
26 68
26 72
26 75
26 79
26 82
26 85
26 90
26 91
26 93
26 94
26 95
26 96
26 97
26 99
26 103
26 105
26 106
26 108
26 110
26 111
26 112
26 116
26 118
26 119
26 127
26 133
26 135
26 136
26 139
26 143
26 146
26 148
26 149
26 151
26 152
26 154
26 155
26 156
26 157
26 168
26 170
26 171
26 172
26 174
26 175
26 176
26 179
26 180
26 187
26 190
26 193
26 194
26 195
26 196
26 197
26 198
27 28
27 29
27 30
27 31
27 32
27 33
27 39
27 40
27 43
27 45
27 47
27 51
27 52
27 59
27 60
27 61
27 66
27 70
27 72
27 73
27 76
27 80
27 83
27 85
27 90
27 92
27 93
27 95
27 101
27 102
27 103
27 109
27 112
27 116
27 118
27 119
27 120
27 122
27 123
27 125
27 127
27 128
27 132
27 135
27 138
27 139
27 145
27 148
27 152
27 153
27 157
27 160
27 163
27 165
27 170
27 174
27 175
27 178
27 185
27 186
27 191
27 192
27 193
27 199
28 30
28 34
28 40
28 45
28 46
28 54
28 55
28 60
28 61
28 70
28 73
28 78
28 79
28 81
28 82
28 84
28 86
28 87
28 92
28 96
28 97
28 98
28 99
28 100
28 103
28 107
28 110
28 112
28 113
28 117
28 118
28 120
28 122
28 123
28 124
28 127
28 130
28 133
28 136
28 139
28 142
28 143
28 145
28 146
28 150
28 159
28 162
28 163
28 166
28 170
28 173
28 178
28 179
28 180
28 181
28 182
28 186
28 188
28 189
28 190
28 192
28 193
28 198
28 199
29 32
29 35
29 43
29 45
29 50
29 51
29 56
29 57
29 59
29 60
29 61
29 64
29 67
29 68
29 69
29 74
29 76
29 79
29 81
29 83
29 88
29 94
29 95
29 97
29 101
29 103
29 104
29 105
29 106
29 107
29 110
29 113
29 114
29 117
29 118
29 120
29 122
29 125
29 127
29 130
29 133
29 135
29 137
29 138
29 141
29 144
29 145
29 149
29 150
29 154
29 164
29 165
29 167
29 171
29 179
29 180
29 181
29 182
29 190
29 195
29 196
29 199
30 31
30 38
30 39
30 40
30 44
30 45
30 46
30 48
30 49
30 51
30 52
30 53
30 61
30 62
30 65
30 66
30 68
30 71
30 72
30 80
30 89
30 90
30 91
30 95
30 97
30 98
30 99
30 104
30 105
30 112
30 114
30 120
30 122
30 123
30 125
30 126
30 134
30 137
30 138
30 139
30 141
30 142
30 145
30 146
30 154
30 157
30 159
30 160
30 161
30 163
30 166
30 168
30 169
30 171
30 177
30 178
30 182
30 185
30 188
30 189
30 190
30 193
30 196
31 36
31 39
31 42
31 45
31 46
31 47
31 50
31 51
31 52
31 53
31 54
31 56
31 59
31 64
31 70
31 71
31 72
31 75
31 80
31 81
31 82
31 83
31 84
31 87
31 88
31 89
31 91
31 93
31 95
31 96
31 99
31 101
31 103
31 104
31 105
31 109
31 110
31 116
31 117
31 118
31 119
31 120
31 122
31 123
31 126
31 128
31 129
31 130
31 132
31 133
31 136
31 137
31 139
31 141
31 144
31 147
31 149
31 155
31 156
31 161
31 162
31 163
31 165
31 168
31 170
31 172
31 175
31 176
31 179
31 180
31 181
31 182
31 183
31 187
31 188
31 190
31 192
31 194
31 195
31 196
31 197
31 198
32 34
32 35
32 36
32 38
32 39
32 41
32 42
32 46
32 50
32 53
32 54
32 55
32 59
32 64
32 65
32 74
32 76
32 77
32 83
32 84
32 86
32 87
32 88
32 90
32 92
32 98
32 100
32 101
32 105
32 106
32 109
32 110
32 112
32 113
32 115
32 117
32 120
32 123
32 124
32 125
32 129
32 131
32 132
32 133
32 134
32 136
32 139
32 140
32 142
32 143
32 148
32 149
32 150
32 152
32 156
32 157
32 162
32 164
32 165
32 166
32 169
32 173
32 175
32 177
32 181
32 182
32 183
32 184
32 185
32 190
32 192
32 194
32 196
32 198
32 199
33 34
33 36
33 37
33 39
33 40
33 43
33 46
33 49
33 53
33 55
33 58
33 60
33 64
33 68
33 70
33 73
33 74
33 76
33 77
33 78
33 79
33 80
33 82
33 83
33 84
33 88
33 92
33 93
33 97
33 98
33 104
33 105
33 107
33 108
33 110
33 112
33 116
33 117
33 121
33 123
33 124
33 125
33 128
33 130
33 131
33 132
33 135
33 137
33 141
33 146
33 147
33 151
33 152
33 160
33 162
33 165
33 167
33 168
33 169
33 171
33 177
33 179
33 180
33 182
33 184
33 186
33 187
33 188
33 190
33 191
33 192
33 193
33 194
33 195
33 197
34 35
34 37
34 38
34 41
34 42
34 45
34 46
34 47
34 49
34 50
34 51
34 54
34 56
34 57
34 66
34 68
34 70
34 72
34 76
34 77
34 80
34 81
34 82
34 87
34 93
34 95
34 98
34 101
34 104
34 106
34 113
34 116
34 120
34 121
34 129
34 131
34 133
34 137
34 143
34 144
34 146
34 147
34 152
34 155
34 158
34 162
34 163
34 165
34 167
34 168
34 173
34 174
34 178
34 182
34 183
34 187
34 189
34 194
34 198
35 40
35 41
35 42
35 43
35 44
35 45
35 47
35 48
35 49
35 52
35 53
35 56
35 57
35 59
35 63
35 65
35 67
35 68
35 70
35 71
35 74
35 76
35 79
35 84
35 85
35 87
35 90
35 93
35 94
35 97
35 98
35 100
35 102
35 106
35 107
35 108
35 112
35 118
35 129
35 132
35 133
35 134
35 136
35 137
35 138
35 139
35 145
35 147
35 149
35 150
35 151
35 154
35 155
35 156
35 158
35 160
35 161
35 162
35 163
35 166
35 169
35 170
35 171
35 173
35 175
35 177
35 178
35 179
35 181
35 184
35 187
35 193
35 195
35 198
35 199
36 37
36 40
36 43
36 44
36 47
36 50
36 51
36 52
36 55
36 56
36 57
36 59
36 60
36 64
36 66
36 69
36 70
36 72
36 73
36 77
36 82
36 83
36 88
36 90
36 93
36 95
36 96
36 97
36 99
36 101
36 103
36 105
36 107
36 108
36 116
36 118
36 119
36 122
36 126
36 133
36 143
36 144
36 148
36 155
36 157
36 160
36 161
36 163
36 164
36 166
36 176
36 177
36 182
36 187
36 188
36 191
36 197
36 198
36 199
37 38
37 39
37 40
37 41
37 42
37 47
37 49
37 50
37 55
37 56
37 59
37 61
37 65
37 67
37 69
37 72
37 73
37 74
37 75
37 77
37 80
37 91
37 93
37 95
37 97
37 98
37 100
37 101
37 102
37 110
37 112
37 113
37 114
37 115
37 117
37 118
37 122
37 125
37 128
37 133
37 137
37 138
37 142
37 144
37 145
37 148
37 149
37 151
37 155
37 159
37 160
37 163
37 164
37 167
37 169
37 173
37 174
37 176
37 180
37 182
37 183
37 184
37 186
37 188
37 191
37 196
37 198
38 41
38 47
38 50
38 57
38 59
38 61
38 62
38 64
38 65
38 67
38 71
38 73
38 74
38 75
38 76
38 77
38 79
38 85
38 87
38 88
38 90
38 91
38 96
38 97
38 100
38 106
38 108
38 110
38 111
38 116
38 117
38 120
38 121
38 126
38 127
38 129
38 132
38 134
38 135
38 138
38 140
38 141
38 144
38 145
38 146
38 151
38 153
38 154
38 155
38 156
38 158
38 164
38 167
38 168
38 172
38 173
38 174
38 177
38 182
38 185
38 186
38 190
38 191
38 193
38 195
39 40
39 42
39 47
39 49
39 50
39 51
39 54
39 55
39 56
39 58
39 59
39 60
39 62
39 63
39 64
39 69
39 75
39 77
39 78
39 79
39 82
39 89
39 91
39 92
39 93
39 98
39 100
39 102
39 104
39 105
39 108
39 109
39 112
39 116
39 117
39 120
39 130
39 131
39 133
39 134
39 135
39 137
39 139
39 145
39 149
39 150
39 152
39 154
39 156
39 158
39 160
39 162
39 163
39 166
39 167
39 168
39 169
39 174
39 175
39 179
39 181
39 188
39 192
39 196
39 197
39 199
40 41
40 43
40 47
40 48
40 49
40 50
40 53
40 54
40 55
40 57
40 58
40 61
40 64
40 65
40 67
40 71
40 76
40 77
40 80
40 82
40 85
40 87
40 91
40 92
40 93
40 94
40 98
40 99
40 100
40 101
40 103
40 105
40 108
40 111
40 115
40 116
40 117
40 118
40 119
40 120
40 122
40 127
40 132
40 133
40 134
40 139
40 145
40 148
40 149
40 156
40 157
40 158
40 160
40 163
40 165
40 166
40 167
40 168
40 171
40 172
40 173
40 176
40 179
40 185
40 186
40 188
40 193
40 197
41 42
41 43
41 45
41 47
41 48
41 50
41 52
41 53
41 55
41 56
41 57
41 59
41 64
41 65
41 66
41 69
41 72
41 76
41 77
41 78
41 79
41 80
41 81
41 82
41 84
41 85
41 86
41 91
41 94
41 98
41 100
41 101
41 102
41 105
41 109
41 111
41 113
41 114
41 115
41 119
41 121
41 123
41 124
41 129
41 133
41 134
41 141
41 142
41 147
41 149
41 150
41 154
41 158
41 159
41 160
41 164
41 170
41 171
41 175
41 180
41 184
41 185
41 187
41 193
41 195
41 197
41 198
41 199
42 43
42 45
42 46
42 47
42 48
42 52
42 53
42 55
42 59
42 60
42 62
42 65
42 66
42 67
42 68
42 69
42 73
42 74
42 80
42 82
42 83
42 85
42 91
42 93
42 98
42 100
42 101
42 104
42 105
42 111
42 112
42 113
42 118
42 119
42 120
42 121
42 123
42 125
42 126
42 129
42 131
42 133
42 136
42 140
42 145
42 150
42 151
42 152
42 154
42 155
42 157
42 162
42 172
42 174
42 178
42 185
42 186
42 191
42 196
42 197
42 198
43 45
43 47
43 48
43 50
43 51
43 53
43 54
43 55
43 58
43 61
43 64
43 65
43 69
43 72
43 73
43 74
43 80
43 82
43 84
43 89
43 90
43 93
43 94
43 95
43 100
43 104
43 107
43 108
43 109
43 110
43 112
43 113
43 114
43 118
43 119
43 121
43 122
43 123
43 124
43 127
43 129
43 130
43 132
43 136
43 137
43 138
43 144
43 145
43 147
43 149
43 154
43 158
43 161
43 163
43 164
43 166
43 169
43 174
43 176
43 177
43 178
43 179
43 180
43 184
43 185
43 186
43 188
43 190
43 191
43 194
43 198
43 199
44 45
44 48
44 49
44 53
44 55
44 56
44 64
44 66
44 69
44 70
44 77
44 90
44 91
44 92
44 94
44 99
44 102
44 105
44 107
44 108
44 116
44 120
44 123
44 125
44 127
44 128
44 130
44 131
44 133
44 134
44 136
44 140
44 142
44 144
44 146
44 148
44 149
44 150
44 153
44 155
44 156
44 158
44 160
44 162
44 163
44 168
44 169
44 171
44 172
44 174
44 175
44 176
44 177
44 179
44 186
44 187
44 189
44 192
44 194
44 195
44 196
44 198
45 48
45 50
45 51
45 52
45 54
45 59
45 61
45 65
45 67
45 69
45 70
45 71
45 72
45 75
45 78
45 79
45 81
45 82
45 84
45 86
45 87
45 91
45 93
45 95
45 98
45 101
45 103
45 105
45 106
45 107
45 110
45 114
45 116
45 118
45 119
45 125
45 135
45 136
45 138
45 139
45 140
45 141
45 142
45 145
45 152
45 155
45 156
45 157
45 158
45 159
45 160
45 161
45 162
45 163
45 166
45 170
45 172
45 176
45 178
45 183
45 184
45 187
45 188
45 190
45 192
45 193
45 197
45 199
46 47
46 53
46 55
46 58
46 59
46 60
46 62
46 70
46 71
46 72
46 74
46 76
46 77
46 78
46 79
46 80
46 81
46 82
46 83
46 85
46 88
46 90
46 91
46 93
46 95
46 97
46 100
46 101
46 108
46 111
46 112
46 117
46 119
46 121
46 124
46 126
46 130
46 132
46 135
46 137
46 139
46 143
46 152
46 155
46 158
46 159
46 161
46 166
46 173
46 174
46 177
46 186
46 188
46 190
46 192
46 194
46 195
46 197
47 48
47 49
47 53
47 59
47 60
47 62
47 64
47 65
47 68
47 69
47 72
47 77
47 79
47 82
47 83
47 84
47 86
47 88
47 89
47 90
47 95
47 99
47 101
47 104
47 106
47 107
47 112
47 113
47 114
47 115
47 116
47 118
47 120
47 122
47 123
47 125
47 128
47 129
47 130
47 131
47 132
47 133
47 136
47 138
47 139
47 143
47 146
47 147
47 148
47 152
47 154
47 160
47 162
47 168
47 170
47 171
47 172
47 174
47 177
47 180
47 181
47 183
47 190
47 192
47 195
47 198
48 49
48 51
48 52
48 53
48 54
48 55
48 56
48 57
48 58
48 61
48 64
48 68
48 69
48 75
48 77
48 78
48 79
48 80
48 83
48 86
48 89
48 90
48 94
48 95
48 100
48 101
48 106
48 107
48 108
48 109
48 110
48 113
48 114
48 120
48 122
48 128
48 130
48 131
48 133
48 134
48 138
48 139
48 142
48 148
48 149
48 154
48 163
48 164
48 165
48 168
48 169
48 174
48 175
48 177
48 179
48 180
48 186
48 187
48 189
48 191
48 195
49 50
49 52
49 54
49 56
49 57
49 58
49 60
49 61
49 62
49 67
49 69
49 70
49 71
49 73
49 75
49 77
49 79
49 82
49 83
49 84
49 88
49 90
49 94
49 95
49 96
49 98
49 100
49 105
49 106
49 107
49 108
49 111
49 113
49 117
49 118
49 119
49 121
49 122
49 125
49 126
49 131
49 132
49 134
49 135
49 136
49 141
49 143
49 148
49 151
49 152
49 154
49 161
49 162
49 163
49 164
49 165
49 166
49 169
49 170
49 172
49 174
49 178
49 184
49 185
49 187
49 188
49 189
49 198
49 199
50 53
50 55
50 57
50 59
50 62
50 63
50 65
50 66
50 68
50 69
50 71
50 74
50 78
50 79
50 80
50 85
50 89
50 91
50 97
50 98
50 102
50 111
50 115
50 116
50 117
50 119
50 124
50 125
50 127
50 130
50 132
50 136
50 137
50 141
50 148
50 150
50 151
50 155
50 158
50 160
50 161
50 162
50 164
50 166
50 170
50 171
50 172
50 178
50 179
50 181
50 182
50 185
50 186
50 188
50 189
50 190
50 193
50 194
50 197
50 198
50 199
51 53
51 54
51 57
51 61
51 66
51 72
51 74
51 79
51 82
51 89
51 90
51 93
51 95
51 96
51 97
51 101
51 103
51 104
51 105
51 109
51 113
51 115
51 116
51 117
51 137
51 139
51 140
51 143
51 145
51 148
51 149
51 151
51 153
51 154
51 155
51 161
51 166
51 168
51 169
51 171
51 174
51 178
51 181
51 182
51 183
51 186
51 189
51 199
52 55
52 56
52 57
52 61
52 65
52 68
52 70
52 75
52 76
52 79
52 82
52 86
52 89
52 95
52 96
52 106
52 108
52 113
52 115
52 116
52 117
52 123
52 124
52 127
52 128
52 129
52 130
52 131
52 132
52 133
52 134
52 137
52 139
52 140
52 142
52 143
52 146
52 148
52 151
52 160
52 163
52 164
52 167
52 169
52 170
52 174
52 177
52 181
52 182
52 183
52 184
52 185
52 187
52 195
52 197
52 198
53 54
53 55
53 57
53 60
53 62
53 67
53 70
53 71
53 73
53 75
53 79
53 80
53 81
53 82
53 85
53 86
53 87
53 89
53 90
53 92
53 108
53 109
53 111
53 112
53 116
53 119
53 121
53 122
53 125
53 126
53 127
53 128
53 130
53 131
53 132
53 134
53 138
53 141
53 144
53 145
53 147
53 149
53 150
53 155
53 157
53 159
53 165
53 166
53 171
53 172
53 177
53 181
53 182
53 185
53 187
53 191
53 196
54 55
54 56
54 60
54 61
54 62
54 65
54 67
54 68
54 70
54 71
54 72
54 76
54 77
54 78
54 79
54 83
54 84
54 90
54 94
54 95
54 99
54 102
54 107
54 108
54 111
54 116
54 119
54 123
54 127
54 130
54 141
54 146
54 150
54 152
54 155
54 161
54 169
54 182
54 183
54 185
54 186
54 187
54 189
54 191
54 193
54 194
55 58
55 65
55 66
55 72
55 77
55 83
55 84
55 89
55 91
55 92
55 95
55 96
55 98
55 100
55 101
55 102
55 105
55 107
55 109
55 112
55 115
55 116
55 123
55 131
55 132
55 133
55 134
55 136
55 137
55 140
55 147
55 150
55 152
55 153
55 157
55 159
55 160
55 163
55 165
55 166
55 167
55 169
55 170
55 174
55 176
55 179
55 182
55 185
55 188
55 192
55 195
55 198
56 57
56 59
56 60
56 63
56 64
56 66
56 68
56 69
56 72
56 73
56 74
56 75
56 76
56 77
56 79
56 80
56 81
56 82
56 83
56 85
56 89
56 91
56 92
56 97
56 98
56 99
56 101
56 104
56 106
56 116
56 119
56 123
56 128
56 130
56 133
56 134
56 137
56 139
56 140
56 143
56 144
56 146
56 149
56 150
56 152
56 153
56 157
56 161
56 162
56 164
56 166
56 167
56 170
56 171
56 174
56 176
56 177
56 178
56 179
56 181
56 186
56 188
56 194
56 196
56 197
56 198
56 199
57 61
57 63
57 67
57 70
57 71
57 73
57 75
57 77
57 79
57 80
57 82
57 85
57 87
57 89
57 90
57 94
57 95
57 96
57 97
57 108
57 110
57 111
57 112
57 117
57 118
57 120
57 123
57 124
57 127
57 129
57 132
57 137
57 141
57 142
57 144
57 149
57 154
57 157
57 159
57 160
57 163
57 167
57 182
57 185
57 189
57 192
57 198
57 199
58 65
58 68
58 69
58 71
58 72
58 78
58 80
58 83
58 84
58 88
58 90
58 92
58 93
58 97
58 98
58 102
58 103
58 107
58 112
58 115
58 118
58 119
58 123
58 124
58 125
58 127
58 133
58 135
58 137
58 141
58 147
58 149
58 151
58 155
58 157
58 158
58 162
58 164
58 165
58 166
58 167
58 168
58 169
58 170
58 171
58 173
58 176
58 177
58 179
58 184
58 188
58 189
58 190
58 191
58 192
58 195
58 197
59 60
59 61
59 62
59 63
59 64
59 72
59 77
59 78
59 85
59 88
59 90
59 94
59 97
59 98
59 100
59 104
59 109
59 111
59 112
59 115
59 123
59 127
59 129
59 134
59 135
59 136
59 139
59 140
59 142
59 143
59 144
59 145
59 146
59 153
59 154
59 157
59 163
59 164
59 166
59 167
59 169
59 170
59 172
59 175
59 179
59 184
59 185
59 190
59 193
59 194
59 195
59 198
59 199
60 62
60 63
60 67
60 69
60 71
60 72
60 73
60 75
60 76
60 78
60 80
60 82
60 83
60 84
60 85
60 91
60 93
60 97
60 98
60 100
60 104
60 105
60 107
60 110
60 111
60 112
60 113
60 117
60 118
60 122
60 125
60 127
60 130
60 133
60 135
60 138
60 145
60 146
60 149
60 151
60 153
60 155
60 161
60 167
60 171
60 172
60 173
60 174
60 175
60 176
60 181
60 183
60 184
60 192
60 193
60 195
60 198
61 62
61 63
61 64
61 65
61 68
61 71
61 72
61 74
61 75
61 79
61 83
61 86
61 87
61 89
61 90
61 91
61 94
61 95
61 97
61 98
61 100
61 105
61 107
61 110
61 111
61 112
61 113
61 115
61 117
61 118
61 119
61 120
61 126
61 127
61 130
61 137
61 145
61 146
61 152
61 154
61 160
61 161
61 163
61 169
61 173
61 174
61 175
61 178
61 181
61 183
61 184
61 186
61 187
61 189
61 190
61 191
61 194
61 196
62 65
62 66
62 69
62 70
62 71
62 73
62 74
62 75
62 80
62 81
62 82
62 83
62 86
62 88
62 97
62 102
62 104
62 109
62 110
62 112
62 114
62 115
62 118
62 125
62 126
62 128
62 130
62 131
62 132
62 133
62 134
62 138
62 140
62 144
62 145
62 147
62 150
62 152
62 153
62 154
62 155
62 169
62 170
62 171
62 173
62 175
62 177
62 178
62 183
62 192
62 194
62 197
63 64
63 68
63 70
63 72
63 73
63 77
63 78
63 82
63 85
63 87
63 91
63 92
63 95
63 97
63 99
63 100
63 101
63 103
63 105
63 112
63 115
63 118
63 122
63 124
63 127
63 128
63 131
63 133
63 136
63 137
63 141
63 142
63 143
63 146
63 147
63 149
63 151
63 152
63 153
63 154
63 159
63 160
63 161
63 162
63 163
63 167
63 168
63 171
63 172
63 174
63 175
63 176
63 184
63 187
63 188
63 191
63 193
63 195
63 197
63 199
64 65
64 69
64 70
64 72
64 74
64 77
64 80
64 85
64 86
64 91
64 93
64 98
64 99
64 102
64 111
64 115
64 124
64 128
64 129
64 130
64 131
64 132
64 134
64 135
64 137
64 138
64 139
64 141
64 142
64 147
64 152
64 153
64 156
64 157
64 162
64 163
64 165
64 166
64 173
64 174
64 175
64 177
64 179
64 181
64 182
64 183
64 184
64 190
64 192
64 195
64 198
64 199
65 66
65 67
65 74
65 78
65 81
65 82
65 83
65 88
65 89
65 94
65 97
65 98
65 99
65 103
65 104
65 110
65 112
65 117
65 119
65 121
65 130
65 132
65 134
65 135
65 137
65 138
65 139
65 141
65 144
65 146
65 148
65 149
65 150
65 161
65 165
65 167
65 168
65 170
65 171
65 172
65 173
65 174
65 184
65 186
65 189
65 193
65 194
65 195
65 196
65 198
66 67
66 69
66 71
66 73
66 74
66 75
66 78
66 80
66 81
66 86
66 88
66 89
66 90
66 92
66 94
66 96
66 99
66 105
66 108
66 110
66 112
66 113
66 114
66 115
66 116
66 119
66 121
66 124
66 128
66 131
66 132
66 133
66 134
66 137
66 138
66 140
66 142
66 147
66 150
66 153
66 154
66 158
66 160
66 164
66 166
66 167
66 169
66 170
66 172
66 173
66 175
66 182
66 183
66 187
66 192
66 194
66 196
67 68
67 71
67 72
67 74
67 75
67 78
67 83
67 84
67 85
67 87
67 89
67 95
67 108
67 109
67 110
67 114
67 117
67 121
67 122
67 125
67 126
67 127
67 129
67 132
67 135
67 138
67 142
67 145
67 148
67 149
67 150
67 155
67 158
67 159
67 162
67 166
67 169
67 171
67 172
67 174
67 175
67 179
67 181
67 182
67 183
67 185
67 186
67 189
67 191
67 192
67 194
67 195
67 198
68 69
68 70
68 71
68 75
68 79
68 86
68 88
68 90
68 91
68 98
68 101
68 102
68 103
68 114
68 115
68 117
68 118
68 120
68 130
68 131
68 132
68 134
68 136
68 138
68 139
68 140
68 142
68 143
68 147
68 149
68 150
68 153
68 156
68 161
68 162
68 166
68 167
68 171
68 177
68 181
68 185
68 187
68 193
68 196
68 197
69 70
69 73
69 74
69 78
69 82
69 83
69 84
69 85
69 86
69 90
69 91
69 93
69 94
69 95
69 98
69 101
69 103
69 104
69 105
69 106
69 109
69 110
69 114
69 123
69 125
69 126
69 129
69 132
69 144
69 145
69 148
69 151
69 154
69 156
69 157
69 158
69 161
69 170
69 171
69 175
69 176
69 177
69 181
69 187
69 189
69 190
69 191
69 196
69 198
69 199
70 74
70 78
70 80
70 88
70 91
70 92
70 95
70 98
70 99
70 102
70 103
70 104
70 107
70 120
70 122
70 123
70 124
70 125
70 126
70 127
70 128
70 129
70 132
70 134
70 135
70 137
70 139
70 141
70 143
70 145
70 147
70 148
70 151
70 153
70 154
70 161
70 165
70 166
70 167
70 169
70 170
70 171
70 174
70 177
70 181
70 185
70 186
70 187
70 189
70 190
70 193
70 195
71 72
71 74
71 79
71 81
71 85
71 86
71 89
71 91
71 93
71 94
71 95
71 96
71 97
71 102
71 105
71 107
71 110
71 111
71 112
71 115
71 117
71 119
71 120
71 122
71 123
71 127
71 132
71 133
71 136
71 137
71 140
71 141
71 147
71 155
71 156
71 158
71 160
71 161
71 164
71 168
71 170
71 171
71 172
71 174
71 175
71 176
71 177
71 179
71 182
71 184
71 190
71 191
71 193
71 194
71 196
71 197
71 199
72 78
72 81
72 83
72 84
72 85
72 86
72 88
72 89
72 91
72 92
72 93
72 96
72 99
72 101
72 104
72 106
72 107
72 112
72 114
72 116
72 117
72 120
72 123
72 124
72 127
72 128
72 131
72 132
72 136
72 137
72 141
72 143
72 144
72 145
72 147
72 153
72 157
72 161
72 163
72 164
72 167
72 170
72 175
72 178
72 179
72 181
72 184
72 185
72 186
72 187
72 188
72 192
72 193
73 74
73 76
73 80
73 83
73 85
73 87
73 94
73 95
73 98
73 100
73 104
73 106
73 109
73 112
73 113
73 115
73 119
73 120
73 121
73 122
73 124
73 125
73 126
73 129
73 130
73 134
73 135
73 136
73 140
73 141
73 142
73 146
73 147
73 148
73 150
73 152
73 155
73 158
73 161
73 162
73 163
73 168
73 170
73 177
73 178
73 181
73 184
73 186
73 193
73 199
74 75
74 76
74 81
74 84
74 85
74 87
74 88
74 90
74 92
74 93
74 97
74 99
74 100
74 103
74 105
74 106
74 107
74 109
74 110
74 111
74 113
74 114
74 121
74 123
74 126
74 127
74 128
74 130
74 131
74 132
74 133
74 135
74 136
74 137
74 139
74 140
74 141
74 142
74 157
74 158
74 160
74 161
74 169
74 170
74 171
74 172
74 177
74 181
74 182
74 183
74 185
74 187
74 190
74 191
74 194
74 197
74 198
75 76
75 78
75 81
75 83
75 84
75 87
75 90
75 91
75 92
75 95
75 97
75 99
75 102
75 103
75 104
75 105
75 109
75 111
75 114
75 120
75 122
75 126
75 133
75 135
75 137
75 144
75 147
75 148
75 151
75 152
75 153
75 155
75 158
75 166
75 167
75 170
75 173
75 175
75 176
75 182
75 190
75 193
75 194
75 197
75 198
76 79
76 82
76 85
76 88
76 92
76 93
76 94
76 97
76 99
76 103
76 105
76 115
76 119
76 120
76 122
76 123
76 130
76 133
76 134
76 136
76 142
76 143
76 144
76 147
76 148
76 149
76 153
76 155
76 158
76 159
76 163
76 165
76 166
76 168
76 169
76 170
76 171
76 172
76 173
76 185
76 189
76 192
76 195
76 198
77 80
77 82
77 86
77 88
77 90
77 91
77 95
77 97
77 98
77 101
77 105
77 107
77 109
77 111
77 112
77 119
77 123
77 124
77 125
77 127
77 129
77 132
77 133
77 136
77 138
77 139
77 140
77 142
77 146
77 147
77 148
77 149
77 151
77 153
77 155
77 157
77 159
77 160
77 165
77 166
77 167
77 169
77 171
77 173
77 175
77 181
77 184
77 189
77 190
77 191
77 194
77 196
77 198
78 80
78 82
78 84
78 85
78 88
78 91
78 92
78 93
78 100
78 101
78 106
78 107
78 110
78 116
78 128
78 129
78 131
78 132
78 135
78 136
78 137
78 139
78 140
78 142
78 143
78 144
78 148
78 149
78 155
78 156
78 158
78 160
78 161
78 162
78 164
78 167
78 170
78 171
78 172
78 173
78 174
78 175
78 178
78 180
78 181
78 184
78 186
78 189
78 195
78 199
79 82
79 83
79 84
79 85
79 91
79 94
79 95
79 98
79 100
79 102
79 103
79 106
79 107
79 112
79 118
79 122
79 128
79 130
79 132
79 135
79 136
79 139
79 140
79 141
79 145
79 148
79 149
79 150
79 157
79 159
79 160
79 161
79 166
79 168
79 169
79 171
79 176
79 178
79 180
79 181
79 182
79 187
79 189
79 190
79 192
79 195
79 197
79 199
80 81
80 84
80 85
80 88
80 90
80 93
80 94
80 97
80 98
80 101
80 103
80 105
80 106
80 107
80 112
80 113
80 118
80 122
80 125
80 127
80 131
80 134
80 136
80 142
80 144
80 147
80 154
80 155
80 157
80 158
80 160
80 161
80 166
80 167
80 168
80 171
80 173
80 174
80 175
80 176
80 182
80 183
80 193
80 197
81 82
81 85
81 93
81 94
81 101
81 103
81 104
81 107
81 109
81 114
81 117
81 120
81 123
81 125
81 126
81 131
81 137
81 139
81 140
81 141
81 142
81 146
81 148
81 150
81 151
81 153
81 158
81 170
81 172
81 173
81 177
81 181
81 183
81 189
81 190
81 192
81 193
81 194
81 195
81 196
82 87
82 92
82 93
82 94
82 95
82 96
82 99
82 101
82 103
82 104
82 105
82 109
82 111
82 116
82 119
82 123
82 126
82 130
82 135
82 137
82 139
82 143
82 147
82 148
82 156
82 158
82 159
82 161
82 174
82 176
82 177
82 181
82 187
82 188
82 190
82 194
82 198
82 199
83 84
83 92
83 93
83 97
83 101
83 104
83 106
83 111
83 116
83 121
83 122
83 123
83 125
83 127
83 128
83 129
83 132
83 136
83 138
83 143
83 145
83 146
83 151
83 154
83 155
83 156
83 158
83 160
83 163
83 164
83 170
83 176
83 177
83 178
83 180
83 183
83 185
83 186
83 187
83 188
83 191
83 193
83 195
83 197
83 198
84 85
84 86
84 87
84 89
84 98
84 100
84 101
84 102
84 103
84 106
84 109
84 111
84 117
84 118
84 121
84 124
84 126
84 129
84 130
84 133
84 134
84 138
84 142
84 144
84 149
84 151
84 152
84 155
84 157
84 158
84 164
84 166
84 170
84 171
84 173
84 174
84 177
84 178
84 179
84 182
84 183
84 184
84 186
84 187
84 193
84 196
85 87
85 89
85 91
85 93
85 97
85 98
85 100
85 101
85 102
85 103
85 105
85 107
85 110
85 112
85 113
85 118
85 120
85 122
85 123
85 125
85 127
85 129
85 131
85 137
85 140
85 141
85 144
85 147
85 148
85 150
85 153
85 156
85 159
85 160
85 161
85 164
85 165
85 167
85 168
85 174
85 175
85 176
85 178
85 184
85 188
85 191
85 193
85 194
85 197
86 87
86 94
86 95
86 98
86 100
86 106
86 108
86 109
86 113
86 115
86 116
86 119
86 121
86 125
86 128
86 129
86 130
86 131
86 132
86 134
86 135
86 136
86 137
86 139
86 145
86 146
86 147
86 148
86 149
86 150
86 153
86 154
86 156
86 159
86 169
86 170
86 173
86 176
86 178
86 179
86 180
86 181
86 184
86 188
86 189
86 190
86 191
86 197
86 199
87 88
87 91
87 94
87 95
87 96
87 102
87 103
87 105
87 112
87 113
87 114
87 118
87 124
87 127
87 128
87 130
87 131
87 139
87 141
87 142
87 144
87 145
87 146
87 147
87 148
87 151
87 157
87 158
87 162
87 163
87 164
87 166
87 169
87 176
87 182
87 183
87 185
87 195
87 196
87 197
87 198
87 199
88 89
88 92
88 93
88 94
88 106
88 107
88 108
88 109
88 121
88 133
88 139
88 140
88 141
88 142
88 143
88 145
88 148
88 151
88 153
88 156
88 157
88 166
88 169
88 170
88 173
88 174
88 175
88 179
88 182
88 185
88 186
88 187
88 189
88 190
88 192
88 194
88 197
88 199
89 98
89 104
89 108
89 110
89 111
89 113
89 114
89 115
89 118
89 122
89 124
89 127
89 128
89 129
89 141
89 143
89 144
89 146
89 151
89 153
89 156
89 157
89 160
89 163
89 164
89 165
89 166
89 167
89 170
89 174
89 178
89 180
89 182
89 184
89 186
89 188
89 194
89 196
90 94
90 98
90 101
90 102
90 103
90 104
90 106
90 108
90 110
90 112
90 113
90 119
90 122
90 123
90 126
90 127
90 129
90 131
90 132
90 136
90 139
90 146
90 147
90 149
90 152
90 153
90 155
90 161
90 163
90 164
90 166
90 167
90 168
90 169
90 170
90 177
90 178
90 180
90 182
90 185
90 187
90 189
90 190
90 192
90 195
90 197
90 198
90 199
91 92
91 93
91 94
91 98
91 100
91 101
91 103
91 104
91 110
91 111
91 112
91 113
91 115
91 116
91 120
91 125
91 126
91 127
91 128
91 130
91 131
91 133
91 135
91 148
91 150
91 152
91 153
91 156
91 157
91 158
91 160
91 166
91 168
91 169
91 170
91 171
91 172
91 173
91 175
91 185
91 186
91 188
91 191
91 193
91 196
91 198
91 199
92 97
92 99
92 102
92 104
92 107
92 110
92 113
92 114
92 117
92 120
92 121
92 122
92 123
92 124
92 125
92 126
92 127
92 130
92 131
92 133
92 135
92 138
92 142
92 145
92 146
92 147
92 148
92 149
92 150
92 151
92 152
92 153
92 154
92 156
92 157
92 162
92 163
92 164
92 165
92 166
92 171
92 172
92 173
92 174
92 175
92 176
92 178
92 181
92 183
92 188
92 189
92 192
92 193
92 196
92 198
93 97
93 98
93 99
93 102
93 105
93 106
93 109
93 113
93 116
93 120
93 125
93 126
93 130
93 131
93 134
93 137
93 139
93 141
93 143
93 145
93 147
93 151
93 153
93 157
93 160
93 163
93 165
93 166
93 168
93 170
93 173
93 176
93 177
93 179
93 185
93 189
93 191
93 195
93 199
94 95
94 98
94 99
94 100
94 102
94 109
94 112
94 113
94 115
94 116
94 121
94 123
94 125
94 126
94 130
94 132
94 148
94 151
94 153
94 154
94 155
94 157
94 161
94 163
94 164
94 165
94 166
94 168
94 169
94 170
94 173
94 178
94 183
94 185
94 186
94 188
94 189
94 190
94 192
94 193
94 197
94 199
95 99
95 104
95 106
95 109
95 112
95 114
95 116
95 118
95 123
95 125
95 127
95 129
95 130
95 131
95 132
95 135
95 136
95 138
95 139
95 140
95 144
95 146
95 148
95 149
95 150
95 157
95 158
95 161
95 168
95 169
95 170
95 176
95 177
95 178
95 181
95 182
95 190
95 194
95 195
95 198
95 199
96 98
96 99
96 100
96 106
96 107
96 112
96 117
96 120
96 122
96 123
96 124
96 130
96 131
96 132
96 134
96 135
96 136
96 140
96 142
96 143
96 146
96 152
96 156
96 159
96 161
96 168
96 172
96 176
96 180
96 183
96 185
96 189
96 194
96 196
96 198
96 199
97 98
97 99
97 101
97 106
97 108
97 109
97 110
97 115
97 118
97 119
97 120
97 121
97 126
97 127
97 132
97 135
97 136
97 138
97 141
97 145
97 147
97 149
97 153
97 154
97 159
97 163
97 164
97 165
97 168
97 169
97 171
97 174
97 180
97 183
97 187
97 189
97 191
97 192
97 195
97 196
97 199
98 101
98 103
98 105
98 106
98 109
98 110
98 113
98 114
98 116
98 118
98 119
98 125
98 126
98 128
98 130
98 132
98 140
98 142
98 144
98 148
98 149
98 155
98 157
98 158
98 159
98 165
98 167
98 169
98 170
98 171
98 173
98 180
98 182
98 183
98 184
98 188
98 192
98 193
98 195
98 197
99 102
99 103
99 110
99 113
99 114
99 118
99 119
99 122
99 131
99 134
99 135
99 137
99 139
99 141
99 142
99 144
99 146
99 150
99 154
99 157
99 166
99 167
99 168
99 169
99 174
99 178
99 179
99 183
99 189
99 193
99 195
99 197
99 199
100 101
100 106
100 108
100 110
100 112
100 117
100 119
100 123
100 125
100 126
100 127
100 129
100 133
100 134
100 141
100 144
100 149
100 150
100 153
100 155
100 158
100 159
100 161
100 162
100 163
100 165
100 167
100 170
100 176
100 179
100 180
100 183
100 185
100 189
100 190
100 193
100 195
101 102
101 103
101 106
101 108
101 118
101 120
101 121
101 122
101 124
101 126
101 127
101 128
101 129
101 131
101 137
101 139
101 142
101 143
101 145
101 146
101 148
101 153
101 156
101 162
101 165
101 166
101 169
101 170
101 173
101 174
101 175
101 177
101 182
101 183
101 186
101 188
101 189
101 191
101 192
101 196
101 199
102 104
102 105
102 106
102 108
102 109
102 111
102 113
102 114
102 115
102 116
102 119
102 122
102 124
102 126
102 127
102 131
102 132
102 137
102 138
102 141
102 144
102 147
102 148
102 149
102 153
102 155
102 158
102 159
102 167
102 172
102 173
102 175
102 176
102 180
102 182
102 196
102 197
102 199
103 107
103 109
103 112
103 115
103 117
103 118
103 119
103 121
103 123
103 125
103 126
103 129
103 130
103 132
103 133
103 136
103 138
103 139
103 141
103 143
103 145
103 149
103 153
103 154
103 155
103 160
103 164
103 168
103 171
103 173
103 174
103 175
103 178
103 179
103 183
103 184
103 185
103 186
103 189
103 192
103 193
103 196
103 197
103 198
103 199
104 105
104 108
104 109
104 118
104 119
104 121
104 128
104 131
104 134
104 135
104 137
104 138
104 139
104 147
104 149
104 151
104 157
104 158
104 159
104 160
104 163
104 168
104 169
104 170
104 172
104 174
104 175
104 176
104 178
104 182
104 184
104 186
104 187
104 188
104 190
104 192
104 197
104 198
105 106
105 107
105 108
105 109
105 112
105 113
105 120
105 125
105 129
105 132
105 133
105 136
105 144
105 149
105 154
105 157
105 158
105 159
105 160
105 161
105 163
105 166
105 167
105 171
105 179
105 180
105 184
105 185
105 189
105 190
105 193
105 195
105 196
105 197
105 199
106 109
106 110
106 112
106 116
106 121
106 124
106 133
106 135
106 136
106 139
106 141
106 142
106 146
106 152
106 156
106 158
106 161
106 170
106 174
106 178
106 179
106 181
106 182
106 184
106 188
106 189
106 190
106 191
106 192
106 193
106 195
106 198
107 108
107 109
107 112
107 114
107 117
107 121
107 123
107 129
107 135
107 140
107 143
107 144
107 145
107 148
107 149
107 153
107 158
107 159
107 161
107 163
107 172
107 174
107 176
107 178
107 180
107 181
107 182
107 183
107 184
107 185
107 186
107 194
107 196
107 197
107 198
107 199
108 111
108 113
108 114
108 117
108 120
108 122
108 125
108 133
108 136
108 138
108 140
108 144
108 145
108 146
108 150
108 153
108 155
108 156
108 158
108 159
108 165
108 170
108 171
108 175
108 177
108 178
108 182
108 187
108 195
108 196
108 197
108 198
109 110
109 111
109 113
109 114
109 116
109 118
109 121
109 122
109 127
109 129
109 131
109 132
109 134
109 137
109 141
109 145
109 146
109 148
109 149
109 153
109 154
109 156
109 157
109 162
109 163
109 166
109 167
109 169
109 174
109 175
109 176
109 177
109 178
109 179
109 180
109 181
109 183
109 186
109 188
109 191
109 193
109 195
109 196
109 197
110 112
110 117
110 120
110 122
110 123
110 124
110 126
110 129
110 130
110 133
110 134
110 136
110 137
110 142
110 145
110 146
110 147
110 148
110 149
110 151
110 155
110 158
110 159
110 161
110 167
110 173
110 175
110 177
110 181
110 182
110 183
110 188
110 193
110 197
111 113
111 115
111 116
111 118
111 122
111 124
111 126
111 127
111 130
111 132
111 134
111 136
111 137
111 140
111 141
111 142
111 143
111 144
111 147
111 150
111 153
111 156
111 158
111 161
111 165
111 166
111 167
111 168
111 172
111 173
111 175
111 177
111 179
111 180
111 185
111 189
111 190
111 191
111 192
111 194
111 195
112 118
112 120
112 121
112 126
112 131
112 132
112 134
112 135
112 137
112 138
112 151
112 153
112 156
112 160
112 161
112 166
112 169
112 171
112 172
112 173
112 179
112 180
112 182
112 186
112 189
112 193
112 194
112 195
113 116
113 117
113 118
113 119
113 123
113 124
113 125
113 126
113 127
113 128
113 129
113 135
113 137
113 138
113 139
113 140
113 143
113 144
113 148
113 151
113 153
113 155
113 156
113 157
113 162
113 163
113 170
113 172
113 173
113 174
113 178
113 179
113 180
113 183
113 185
113 187
113 196
114 115
114 118
114 121
114 123
114 125
114 127
114 130
114 132
114 142
114 143
114 147
114 149
114 152
114 153
114 157
114 158
114 165
114 166
114 168
114 172
114 175
114 177
114 182
114 185
114 194
114 196
114 198
114 199
115 116
115 117
115 119
115 121
115 125
115 129
115 130
115 131
115 132
115 135
115 137
115 140
115 142
115 144
115 145
115 150
115 153
115 156
115 158
115 160
115 166
115 167
115 169
115 170
115 175
115 178
115 181
115 182
115 183
115 184
115 188
115 192
116 118
116 122
116 128
116 136
116 138
116 139
116 140
116 143
116 145
116 149
116 160
116 163
116 166
116 169
116 170
116 171
116 173
116 178
116 184
116 186
116 189
116 192
116 193
116 195
117 119
117 122
117 123
117 124
117 130
117 131
117 133
117 135
117 136
117 137
117 139
117 141
117 147
117 149
117 150
117 155
117 157
117 158
117 161
117 162
117 163
117 170
117 172
117 174
117 175
117 176
117 178
117 180
117 182
117 184
117 188
117 190
117 191
117 192
117 194
117 196
117 199
118 120
118 121
118 124
118 129
118 130
118 131
118 133
118 137
118 139
118 141
118 146
118 153
118 162
118 164
118 171
118 172
118 174
118 175
118 179
118 181
118 184
118 187
118 188
118 189
118 194
119 121
119 122
119 124
119 126
119 127
119 130
119 131
119 133
119 141
119 144
119 146
119 147
119 150
119 153
119 154
119 156
119 159
119 161
119 164
119 165
119 171
119 173
119 178
119 180
119 182
119 184
119 187
119 188
119 190
119 194
119 196
119 199
120 124
120 125
120 127
120 129
120 133
120 138
120 139
120 140
120 141
120 143
120 144
120 151
120 152
120 153
120 154
120 155
120 156
120 167
120 168
120 169
120 170
120 174
120 175
120 176
120 177
120 179
120 180
120 183
120 189
120 194
120 195
120 196
120 198
121 124
121 126
121 128
121 132
121 138
121 139
121 140
121 141
121 142
121 151
121 159
121 161
121 162
121 163
121 167
121 169
121 173
121 174
121 177
121 178
121 185
121 186
121 188
121 189
121 192
121 194
121 195
121 197
122 128
122 131
122 134
122 143
122 149
122 150
122 158
122 170
122 172
122 174
122 179
122 180
122 182
122 183
122 184
122 187
122 189
122 195
122 197
123 125
123 127
123 132
123 135
123 136
123 144
123 145
123 147
123 149
123 151
123 152
123 155
123 158
123 159
123 160
123 161
123 162
123 163
123 164
123 165
123 171
123 175
123 176
123 177
123 180
123 183
123 185
123 188
123 193
123 194
123 196
123 198
123 199
124 125
124 127
124 128
124 130
124 132
124 133
124 136
124 137
124 138
124 140
124 145
124 146
124 148
124 149
124 153
124 154
124 157
124 158
124 159
124 165
124 171
124 173
124 176
124 177
124 178
124 181
124 182
124 183
124 185
124 186
124 187
124 188
124 189
124 190
124 197
124 198
125 126
125 127
125 133
125 134
125 135
125 138
125 139
125 142
125 143
125 146
125 148
125 154
125 156
125 158
125 159
125 164
125 166
125 172
125 173
125 174
125 176
125 177
125 178
125 182
125 183
125 186
125 188
125 189
125 192
125 198
126 130
126 131
126 136
126 137
126 138
126 139
126 144
126 145
126 149
126 152
126 156
126 159
126 160
126 161
126 163
126 164
126 165
126 166
126 167
126 170
126 172
126 174
126 175
126 179
126 180
126 181
126 182
126 189
126 190
126 194
126 199
127 129
127 137
127 139
127 140
127 145
127 146
127 148
127 149
127 151
127 154
127 155
127 158
127 159
127 160
127 161
127 162
127 165
127 169
127 175
127 178
127 179
127 180
127 181
127 182
127 185
127 187
127 188
127 191
127 192
127 193
127 196
127 197
127 198
128 130
128 131
128 132
128 133
128 138
128 139
128 142
128 145
128 146
128 148
128 151
128 152
128 153
128 156
128 157
128 159
128 161
128 163
128 166
128 172
128 176
128 178
128 179
128 180
128 185
128 188
128 191
128 199
129 133
129 134
129 137
129 139
129 143
129 145
129 146
129 147
129 148
129 149
129 151
129 154
129 164
129 165
129 166
129 168
129 171
129 172
129 174
129 176
129 179
129 183
129 185
129 187
129 188
129 190
129 193
130 132
130 135
130 136
130 137
130 144
130 147
130 148
130 152
130 155
130 157
130 158
130 163
130 166
130 167
130 170
130 172
130 173
130 174
130 176
130 177
130 178
130 180
130 181
130 183
130 186
130 187
130 189
130 192
130 194
130 195
130 196
130 197
130 199
131 137
131 139
131 140
131 143
131 146
131 148
131 149
131 151
131 152
131 156
131 158
131 159
131 162
131 163
131 165
131 166
131 174
131 177
131 178
131 180
131 181
131 188
131 189
131 193
131 196
132 133
132 140
132 141
132 142
132 146
132 147
132 150
132 153
132 156
132 162
132 164
132 165
132 167
132 174
132 178
132 180
132 184
132 185
132 186
132 187
132 191
132 193
132 196
132 199
133 135
133 140
133 154
133 155
133 165
133 166
133 168
133 169
133 172
133 173
133 174
133 177
133 180
133 181
133 184
133 188
133 190
133 192
133 196
134 135
134 139
134 141
134 142
134 144
134 148
134 149
134 154
134 158
134 162
134 164
134 167
134 169
134 173
134 175
134 177
134 179
134 180
134 182
134 183
134 184
134 186
134 187
134 188
134 189
134 197
134 199
135 139
135 141
135 143
135 145
135 146
135 147
135 157
135 158
135 164
135 176
135 180
135 181
135 184
135 186
135 187
135 188
135 190
135 193
135 194
135 196
135 197
135 198
136 138
136 142
136 146
136 147
136 148
136 151
136 152
136 153
136 155
136 157
136 159
136 160
136 164
136 165
136 166
136 167
136 169
136 170
136 173
136 174
136 175
136 177
136 179
136 186
136 187
136 188
136 189
136 191
136 198
137 139
137 140
137 142
137 145
137 146
137 147
137 149
137 150
137 151
137 157
137 162
137 164
137 165
137 169
137 171
137 183
137 185
137 186
137 187
137 188
137 191
137 192
137 196
137 197
137 198
138 141
138 142
138 144
138 147
138 154
138 158
138 160
138 165
138 167
138 168
138 169
138 172
138 174
138 175
138 177
138 182
138 186
138 187
138 189
138 199
139 142
139 143
139 144
139 145
139 151
139 153
139 156
139 159
139 163
139 164
139 166
139 176
139 177
139 179
139 180
139 181
139 184
139 185
139 193
139 194
139 196
139 199
140 142
140 147
140 149
140 157
140 169
140 170
140 172
140 173
140 174
140 175
140 179
140 180
140 181
140 182
140 183
140 186
140 196
141 147
141 148
141 152
141 156
141 157
141 158
141 166
141 167
141 169
141 170
141 171
141 172
141 173
141 175
141 176
141 179
141 181
141 183
141 184
141 186
141 187
141 188
141 189
141 190
141 191
141 194
141 197
142 143
142 145
142 146
142 147
142 150
142 153
142 155
142 163
142 164
142 165
142 166
142 167
142 170
142 173
142 180
142 181
142 186
142 189
142 192
142 196
142 197
142 199
143 144
143 146
143 148
143 150
143 152
143 153
143 162
143 166
143 169
143 170
143 172
143 173
143 177
143 180
143 181
143 185
143 189
143 190
143 191
143 193
143 194
143 195
143 196
143 198
144 146
144 151
144 155
144 160
144 162
144 166
144 169
144 171
144 172
144 173
144 176
144 181
144 182
144 185
144 189
144 192
144 193
144 194
144 195
144 197
145 147
145 148
145 149
145 151
145 157
145 159
145 160
145 161
145 165
145 166
145 169
145 174
145 175
145 178
145 180
145 183
145 184
145 194
145 197
145 199
146 150
146 152
146 153
146 154
146 162
146 163
146 165
146 166
146 168
146 173
146 174
146 176
146 177
146 179
146 189
146 192
146 193
146 194
146 197
146 199
147 152
147 153
147 156
147 158
147 160
147 163
147 165
147 170
147 171
147 175
147 176
147 178
147 179
147 182
147 186
147 187
147 193
147 194
147 195
147 196
147 197
148 149
148 153
148 155
148 157
148 158
148 159
148 160
148 162
148 167
148 169
148 173
148 174
148 175
148 177
148 179
148 180
148 181
148 183
148 185
148 186
148 187
148 191
148 197
148 198
149 150
149 155
149 158
149 160
149 170
149 175
149 176
149 177
149 178
149 184
149 188
149 189
149 191
149 192
149 193
149 195
149 196
149 197
149 199
150 151
150 153
150 154
150 155
150 156
150 157
150 160
150 161
150 162
150 165
150 166
150 168
150 170
150 174
150 176
150 178
150 183
150 186
150 192
150 195
150 196
150 197
151 152
151 153
151 155
151 156
151 157
151 158
151 162
151 166
151 169
151 171
151 172
151 174
151 177
151 185
151 187
151 189
151 192
151 195
152 158
152 160
152 161
152 163
152 166
152 169
152 172
152 176
152 178
152 181
152 186
152 188
152 190
152 193
152 196
152 199
153 155
153 157
153 159
153 163
153 164
153 167
153 168
153 169
153 171
153 173
153 178
153 180
153 185
153 191
153 194
153 195
153 199
154 155
154 158
154 161
154 162
154 163
154 166
154 168
154 169
154 170
154 171
154 172
154 175
154 192
155 156
155 161
155 165
155 166
155 170
155 171
155 172
155 174
155 178
155 180
155 185
155 186
155 192
155 196
155 198
155 199
156 160
156 162
156 165
156 166
156 168
156 169
156 171
156 172
156 175
156 176
156 177
156 180
156 181
156 182
156 183
156 185
156 186
156 188
156 189
156 190
156 194
156 195
157 159
157 168
157 170
157 171
157 173
157 174
157 178
157 179
157 180
157 182
157 183
157 184
157 185
157 186
157 188
157 192
157 196
157 199
158 164
158 167
158 168
158 169
158 170
158 173
158 179
158 180
158 181
158 186
158 189
158 192
158 196
158 198
158 199
159 161
159 163
159 165
159 168
159 174
159 175
159 179
159 182
159 184
159 185
159 186
159 188
159 189
159 192
159 194
160 163
160 165
160 172
160 174
160 175
160 177
160 183
160 185
160 186
160 190
160 192
160 195
160 197
160 199
161 163
161 172
161 174
161 176
161 178
161 179
161 182
161 188
161 189
161 192
161 194
161 198
162 164
162 170
162 173
162 177
162 179
162 181
162 182
162 185
162 188
162 192
162 195
162 196
162 197
163 165
163 168
163 171
163 173
163 175
163 176
163 179
163 181
163 185
163 186
163 190
163 192
163 193
163 197
163 198
163 199
164 165
164 166
164 169
164 170
164 171
164 172
164 174
164 179
164 180
164 181
164 183
164 187
164 191
164 192
164 193
165 168
165 171
165 173
165 174
165 176
165 180
165 183
165 184
165 187
165 189
165 190
165 191
165 193
165 196
165 197
165 199
166 167
166 171
166 173
166 176
166 177
166 178
166 179
166 183
166 184
166 186
166 187
166 189
166 191
166 192
166 193
166 194
166 197
166 199
167 170
167 174
167 175
167 176
167 177
167 179
167 181
167 182
167 183
167 184
167 190
167 194
167 198
168 169
168 170
168 175
168 182
168 184
168 189
168 193
169 174
169 183
169 185
169 186
169 187
169 188
169 189
169 190
169 191
169 194
170 172
170 173
170 178
170 180
170 182
170 186
170 196
170 197
170 198
170 199
171 173
171 175
171 180
171 181
171 183
171 185
171 186
171 189
171 192
171 195
171 196
171 199
172 173
172 174
172 177
172 179
172 180
172 183
172 184
172 194
172 197
172 198
173 175
173 176
173 178
173 179
173 181
173 184
173 188
173 189
173 196
173 198
173 199
174 176
174 177
174 178
174 179
174 180
174 185
174 186
174 187
174 190
174 199
175 176
175 178
175 181
175 184
175 191
175 192
175 195
175 196
176 177
176 178
176 181
176 185
176 188
176 190
176 192
177 179
177 180
177 181
177 184
177 185
177 188
177 192
177 197
178 179
178 181
178 182
178 185
178 190
178 191
178 192
178 196
179 180
179 181
179 184
179 185
179 188
179 189
179 191
179 193
179 195
179 197
179 198
180 181
180 183
180 185
180 186
180 187
180 194
180 195
180 199
181 184
181 185
181 186
181 189
181 190
181 191
181 192
181 195
181 197
181 198
181 199
182 184
182 186
182 193
183 185
183 188
183 190
183 194
183 197
183 198
183 199
184 187
184 188
184 192
184 194
185 187
185 189
185 191
185 193
185 197
186 189
186 192
186 193
186 194
186 195
186 198
186 199
187 189
187 192
187 195
188 190
188 196
189 190
189 192
189 194
190 194
190 195
190 196
190 197
190 198
191 192
191 193
191 195
191 196
191 197
191 198
191 199
192 194
192 196
192 199
193 195
193 198
194 196
195 198
196 198
196 199
