50 1405
85 55
77 27
24 94
50 87
73 63
95 99
54 96
25 76
72 29
34 48
30 80
29 97
14 39
33 75
96 93
69 66
72 35
85 58
25 21
66 10
85 23
15 78
66 54
60 84
73 45
70 80
34 25
98 14
40 28
53 67
79 13
51 21
68 19
55 90
58 37
69 22
70 26
59 22
15 34
47 76
64 52
21 79
47 72
68 33
61 77
57 78
90 41
27 88
83 93
90 92
239
0 9
0 13
0 15
0 25
0 26
0 34
0 36
0 38
0 40
0 43
1 3
1 5
1 6
1 10
1 22
1 23
1 27
1 30
1 32
1 37
1 39
1 40
1 44
2 7
2 17
2 20
2 23
2 37
2 46
3 5
3 13
3 15
3 32
3 40
3 47
4 7
4 9
4 13
4 16
4 23
4 24
4 34
4 36
4 38
4 43
4 44
5 9
5 14
5 17
5 19
5 26
5 41
5 45
5 48
6 14
6 19
6 20
6 28
6 32
6 42
6 43
7 8
7 10
7 21
7 24
7 28
7 31
7 32
7 36
7 47
7 49
8 22
8 24
8 41
9 11
9 12
9 19
9 40
9 45
10 22
10 25
10 28
10 32
10 38
10 43
11 12
11 22
11 23
11 32
11 38
11 39
11 46
11 49
12 16
12 21
12 24
12 27
12 32
12 34
12 44
13 14
13 20
13 24
13 29
13 30
13 37
14 15
14 22
14 24
14 30
14 34
14 40
14 46
14 48
15 24
15 26
15 28
15 37
15 39
15 40
15 45
16 20
16 30
16 31
16 38
16 43
16 47
17 19
17 20
17 25
17 31
17 46
18 23
18 25
18 39
18 42
19 26
19 28
19 30
19 37
19 40
19 44
20 22
20 34
20 40
20 42
21 31
21 32
21 39
21 41
21 42
21 45
21 47
22 24
22 28
22 33
22 34
22 37
22 38
22 43
22 49
23 29
23 31
23 34
23 36
23 37
23 38
23 42
23 49
24 28
24 34
24 35
24 45
24 46
25 33
25 36
25 44
25 45
25 46
25 47
26 30
26 36
26 47
27 34
27 39
27 41
27 45
28 42
28 49
29 30
29 32
29 38
29 44
29 46
30 31
30 39
30 42
30 48
31 34
31 36
31 38
31 45
31 47
31 48
31 49
32 35
32 46
32 48
33 36
33 43
33 47
34 35
35 36
35 37
35 38
35 42
35 43
36 43
36 44
36 46
36 47
36 48
37 41
37 42
37 44
38 46
39 48
39 49
40 41
40 43
40 49
41 46
42 48
42 49
43 46
43 48
43 49
44 46
46 49
