250 6602
46 20
38 83
39 38
77 54
15 70
19 59
57 28
89 72
80 18
35 85
50 44
67 53
44 77
21 18
28 61
84 14
58 25
95 48
61 87
17 92
69 17
97 50
40 14
88 41
20 74
100 25
51 73
51 92
31 91
19 52
81 50
12 63
36 33
14 94
57 60
50 34
29 33
33 72
79 95
66 79
52 54
22 11
36 21
66 84
32 33
46 92
72 48
83 43
71 33
35 26
98 63
39 20
33 67
45 61
16 68
78 10
91 87
34 49
53 49
49 19
13 80
22 67
75 19
89 44
56 14
87 98
97 77
43 39
65 40
92 79
15 79
75 98
55 23
20 31
67 25
69 53
46 37
59 49
90 85
38 28
78 27
10 61
31 31
35 49
30 99
57 36
87 32
89 81
89 87
36 20
99 42
50 12
64 99
81 94
97 57
77 55
22 16
67 81
48 73
18 100
32 10
51 30
82 36
63 70
26 40
77 76
32 71
36 18
51 11
44 89
96 11
58 67
100 17
61 72
20 98
74 57
18 63
30 38
28 47
54 33
36 31
48 30
42 95
24 40
41 38
56 63
80 42
24 19
20 19
47 29
18 36
28 67
94 70
51 79
88 53
74 90
11 67
50 37
20 95
87 85
38 40
62 57
53 21
73 85
19 79
77 17
75 76
94 93
68 11
34 51
96 42
86 70
47 99
89 45
86 86
29 32
25 78
10 23
55 97
59 67
71 47
45 69
88 100
31 25
58 51
11 83
30 71
16 33
51 38
43 71
12 58
70 47
23 12
22 29
88 36
88 23
15 60
13 98
65 98
67 98
75 72
21 30
79 36
57 37
38 33
14 43
33 48
73 35
18 46
73 59
32 22
62 49
84 33
83 38
34 25
39 27
14 18
77 87
25 78
43 40
74 25
44 47
48 36
68 65
75 67
40 18
34 43
92 53
41 37
91 25
49 99
95 22
62 24
40 47
10 46
54 97
20 84
14 46
49 42
36 14
91 20
53 74
50 20
28 24
73 31
83 70
75 19
15 33
96 85
23 79
91 41
100 74
42 71
87 92
79 47
99 62
25 17
19 40
84 41
36 42
84 64
17 75
97 84
12 57
32 52
80 88
10 89
55 93
86 31
96 98
6189
0 1
0 6
0 9
0 20
0 21
0 29
0 38
0 39
0 40
0 41
0 42
0 43
0 44
0 45
0 53
0 57
0 65
0 81
0 87
0 94
0 106
0 124
0 131
0 134
0 137
0 149
0 158
0 185
0 186
0 187
0 190
0 193
0 206
0 211
0 215
0 221
0 224
0 231
0 236
0 240
0 249
1 8
1 11
1 22
1 23
1 24
1 25
1 27
1 29
1 32
1 36
1 48
1 57
1 76
1 77
1 80
1 82
1 85
1 88
1 89
1 94
1 95
1 97
1 99
1 103
1 109
1 112
1 114
1 116
1 117
1 130
1 131
1 133
1 135
1 138
1 145
1 150
1 152
1 153
1 157
1 162
1 166
1 173
1 175
1 176
1 177
1 182
1 188
1 190
1 195
1 197
1 219
1 224
1 241
1 242
1 243
2 5
2 12
2 29
2 31
2 36
2 41
2 45
2 52
2 53
2 57
2 61
2 63
2 74
2 82
2 83
2 88
2 90
2 92
2 100
2 101
2 105
2 110
2 111
2 122
2 125
2 135
2 149
2 152
2 157
2 165
2 175
2 180
2 195
2 196
2 200
2 201
2 202
2 208
2 212
2 215
2 216
2 219
2 220
2 222
2 236
2 241
2 245
3 6
3 8
3 11
3 16
3 18
3 21
3 29
3 34
3 42
3 62
3 63
3 69
3 71
3 77
3 84
3 87
3 90
3 109
3 112
3 118
3 125
3 126
3 127
3 130
3 133
3 136
3 139
3 141
3 143
3 148
3 156
3 169
3 172
3 179
3 184
3 188
3 193
3 200
3 211
3 221
3 222
3 226
3 241
3 242
4 15
4 26
4 27
4 32
4 33
4 42
4 46
4 49
4 51
4 56
4 57
4 63
4 75
4 76
4 77
4 79
4 84
4 100
4 101
4 102
4 103
4 109
4 129
4 133
4 134
4 135
4 150
4 153
4 158
4 164
4 167
4 172
4 179
4 183
4 189
4 190
4 193
4 202
4 204
4 209
4 210
4 213
4 218
4 221
4 228
5 12
5 15
5 16
5 17
5 20
5 44
5 58
5 60
5 63
5 78
5 87
5 90
5 96
5 99
5 100
5 114
5 116
5 123
5 126
5 128
5 130
5 132
5 135
5 136
5 137
5 145
5 146
5 147
5 155
5 163
5 166
5 172
5 177
5 182
5 183
5 184
5 192
5 197
5 199
5 204
5 209
5 210
5 217
5 221
5 231
5 232
5 240
5 248
5 249
6 21
6 22
6 24
6 29
6 36
6 37
6 38
6 42
6 47
6 54
6 60
6 61
6 68
6 73
6 82
6 90
6 108
6 109
6 118
6 120
6 126
6 129
6 135
6 139
6 142
6 145
6 146
6 147
6 149
6 151
6 153
6 157
6 158
6 163
6 165
6 166
6 171
6 172
6 174
6 179
6 187
6 197
6 203
6 204
6 205
6 207
6 209
6 210
6 213
6 221
6 225
6 231
6 237
6 239
6 241
6 244
6 245
7 11
7 15
7 31
7 38
7 44
7 46
7 47
7 50
7 54
7 56
7 57
7 58
7 68
7 69
7 71
7 83
7 88
7 97
7 103
7 105
7 108
7 118
7 133
7 140
7 148
7 149
7 150
7 153
7 158
7 160
7 166
7 168
7 177
7 180
7 181
7 183
7 189
7 194
7 197
7 202
7 211
7 213
7 225
7 228
7 231
7 233
7 235
7 239
7 242
7 247
8 9
8 18
8 21
8 29
8 31
8 36
8 37
8 38
8 42
8 47
8 72
8 91
8 94
8 101
8 114
8 122
8 123
8 125
8 128
8 133
8 138
8 142
8 144
8 147
8 148
8 154
8 156
8 158
8 162
8 168
8 169
8 177
8 184
8 194
8 206
8 210
8 214
8 215
8 221
8 223
8 226
8 227
8 229
8 232
8 234
8 235
9 13
9 22
9 31
9 32
9 33
9 40
9 41
9 47
9 50
9 52
9 53
9 65
9 71
9 81
9 87
9 89
9 93
9 98
9 100
9 107
9 108
9 112
9 113
9 126
9 128
9 129
9 135
9 142
9 154
9 159
9 164
9 166
9 169
9 173
9 175
9 190
9 195
9 199
9 209
9 212
9 222
9 225
9 243
9 246
9 248
10 14
10 18
10 20
10 22
10 28
10 53
10 54
10 56
10 60
10 66
10 68
10 87
10 94
10 95
10 100
10 104
10 107
10 113
10 117
10 143
10 145
10 148
10 160
10 162
10 166
10 172
10 174
10 176
10 178
10 183
10 189
10 193
10 202
10 210
10 213
10 215
10 219
10 220
10 222
10 229
10 232
10 246
11 15
11 16
11 33
11 41
11 44
11 46
11 48
11 52
11 59
11 70
11 72
11 73
11 81
11 82
11 83
11 88
11 90
11 99
11 100
11 101
11 106
11 114
11 118
11 123
11 125
11 127
11 129
11 131
11 133
11 134
11 143
11 145
11 148
11 152
11 153
11 164
11 184
11 192
11 197
11 198
11 212
11 218
11 225
11 241
11 244
12 13
12 14
12 20
12 21
12 43
12 49
12 54
12 77
12 78
12 82
12 83
12 86
12 89
12 101
12 112
12 120
12 131
12 141
12 151
12 156
12 160
12 161
12 177
12 178
12 180
12 181
12 185
12 186
12 187
12 188
12 190
12 199
12 215
12 230
12 235
12 237
12 242
13 14
13 26
13 35
13 36
13 37
13 41
13 44
13 57
13 62
13 73
13 76
13 89
13 91
13 93
13 94
13 97
13 109
13 111
13 114
13 119
13 120
13 128
13 129
13 147
13 148
13 149
13 151
13 157
13 159
13 160
13 163
13 174
13 180
13 185
13 188
13 193
13 197
13 200
13 203
13 204
13 207
13 216
13 229
13 249
14 16
14 21
14 22
14 24
14 36
14 42
14 52
14 61
14 63
14 70
14 73
14 75
14 76
14 77
14 79
14 86
14 90
14 94
14 96
14 118
14 119
14 121
14 123
14 125
14 130
14 133
14 139
14 146
14 147
14 148
14 150
14 157
14 164
14 167
14 170
14 172
14 186
14 191
14 192
14 193
14 195
14 201
14 205
14 212
14 222
14 224
14 225
14 229
14 231
14 232
14 234
14 236
14 237
14 238
14 242
14 244
14 247
15 18
15 26
15 29
15 33
15 38
15 50
15 61
15 64
15 65
15 83
15 85
15 86
15 88
15 90
15 91
15 101
15 111
15 112
15 118
15 121
15 128
15 134
15 137
15 141
15 147
15 150
15 155
15 157
15 159
15 168
15 177
15 185
15 186
15 191
15 195
15 197
15 200
15 201
15 206
15 214
15 216
15 236
15 239
15 241
16 22
16 25
16 29
16 30
16 34
16 35
16 37
16 38
16 41
16 47
16 58
16 65
16 74
16 80
16 84
16 85
16 88
16 91
16 97
16 111
16 123
16 129
16 142
16 144
16 152
16 160
16 165
16 166
16 178
16 182
16 193
16 197
16 203
16 212
16 218
16 229
16 232
16 235
16 239
16 244
17 32
17 38
17 43
17 46
17 53
17 56
17 61
17 71
17 76
17 77
17 85
17 89
17 92
17 93
17 97
17 103
17 112
17 113
17 122
17 128
17 131
17 132
17 139
17 149
17 150
17 151
17 153
17 155
17 157
17 160
17 166
17 170
17 177
17 188
17 200
17 202
17 211
17 212
17 220
17 224
17 229
17 233
17 235
17 237
17 238
17 241
17 249
18 24
18 26
18 30
18 37
18 38
18 41
18 43
18 52
18 61
18 62
18 68
18 69
18 72
18 77
18 80
18 82
18 83
18 90
18 100
18 103
18 113
18 115
18 124
18 129
18 130
18 131
18 132
18 134
18 137
18 140
18 144
18 153
18 160
18 163
18 168
18 172
18 173
18 187
18 190
18 194
18 213
18 214
18 233
18 239
18 244
18 246
19 27
19 31
19 33
19 37
19 41
19 42
19 48
19 59
19 60
19 61
19 63
19 70
19 75
19 79
19 81
19 86
19 89
19 90
19 92
19 95
19 100
19 105
19 107
19 108
19 122
19 128
19 129
19 145
19 147
19 148
19 160
19 164
19 166
19 171
19 174
19 188
19 209
19 211
19 218
19 220
19 224
19 226
19 227
19 230
19 232
19 233
19 235
19 237
19 241
19 244
19 245
20 29
20 32
20 34
20 36
20 37
20 41
20 55
20 59
20 61
20 65
20 70
20 76
20 77
20 80
20 81
20 83
20 84
20 89
20 94
20 105
20 107
20 110
20 121
20 122
20 123
20 125
20 130
20 131
20 133
20 134
20 135
20 139
20 141
20 145
20 152
20 157
20 170
20 171
20 172
20 176
20 178
20 188
20 191
20 195
20 197
20 214
20 218
20 223
20 246
21 23
21 25
21 28
21 38
21 40
21 53
21 58
21 66
21 68
21 69
21 75
21 83
21 86
21 91
21 95
21 100
21 101
21 104
21 110
21 120
21 127
21 129
21 133
21 146
21 151
21 156
21 157
21 165
21 166
21 169
21 175
21 177
21 179
21 180
21 187
21 192
21 203
21 205
21 215
21 218
21 223
21 232
21 234
21 235
21 240
21 241
21 245
21 247
22 25
22 26
22 30
22 34
22 38
22 39
22 48
22 59
22 67
22 69
22 73
22 75
22 77
22 78
22 95
22 105
22 114
22 120
22 122
22 128
22 129
22 130
22 132
22 143
22 144
22 146
22 150
22 151
22 152
22 154
22 155
22 166
22 172
22 173
22 174
22 175
22 179
22 181
22 194
22 198
22 204
22 206
22 210
22 211
22 212
22 213
22 215
22 216
22 217
22 222
22 223
22 226
22 230
22 248
23 29
23 30
23 31
23 38
23 46
23 48
23 59
23 60
23 68
23 69
23 73
23 76
23 82
23 104
23 109
23 111
23 124
23 128
23 148
23 150
23 151
23 154
23 155
23 158
23 161
23 167
23 172
23 173
23 179
23 196
23 206
23 207
23 213
23 220
23 229
23 231
23 244
23 245
24 28
24 29
24 30
24 33
24 35
24 41
24 45
24 47
24 49
24 52
24 55
24 56
24 58
24 59
24 63
24 69
24 70
24 75
24 77
24 79
24 80
24 81
24 82
24 86
24 90
24 95
24 96
24 102
24 104
24 112
24 119
24 120
24 132
24 137
24 153
24 166
24 167
24 178
24 181
24 186
24 197
24 201
24 207
24 208
24 219
24 227
24 235
24 247
24 248
25 30
25 33
25 34
25 41
25 45
25 55
25 56
25 58
25 62
25 76
25 78
25 92
25 95
25 96
25 97
25 104
25 111
25 117
25 118
25 123
25 127
25 136
25 137
25 138
25 140
25 145
25 159
25 160
25 170
25 171
25 174
25 190
25 191
25 194
25 195
25 202
25 203
25 204
25 207
25 223
25 226
25 229
25 242
26 27
26 30
26 40
26 41
26 44
26 45
26 57
26 62
26 71
26 74
26 87
26 95
26 98
26 102
26 106
26 117
26 119
26 122
26 124
26 140
26 153
26 162
26 164
26 174
26 176
26 180
26 187
26 190
26 194
26 203
26 207
26 215
26 228
26 229
26 232
26 233
26 242
27 36
27 53
27 61
27 63
27 72
27 79
27 83
27 84
27 96
27 98
27 107
27 108
27 120
27 130
27 146
27 156
27 158
27 160
27 163
27 173
27 183
27 189
27 192
27 199
27 202
27 216
27 224
27 225
27 226
27 234
27 236
27 247
28 29
28 32
28 37
28 38
28 40
28 41
28 42
28 51
28 56
28 68
28 69
28 74
28 79
28 81
28 82
28 84
28 87
28 88
28 98
28 105
28 108
28 109
28 111
28 114
28 116
28 122
28 125
28 133
28 140
28 141
28 147
28 150
28 153
28 184
28 185
28 187
28 192
28 193
28 195
28 197
28 210
28 213
28 217
28 219
28 222
28 229
28 237
28 238
28 240
28 241
28 245
28 246
28 247
29 35
29 37
29 44
29 45
29 57
29 60
29 65
29 67
29 69
29 73
29 74
29 90
29 95
29 110
29 112
29 113
29 116
29 122
29 124
29 129
29 130
29 132
29 136
29 140
29 142
29 143
29 145
29 147
29 149
29 154
29 158
29 159
29 162
29 176
29 177
29 180
29 181
29 182
29 192
29 195
29 200
29 213
29 217
29 218
29 219
29 222
29 232
29 235
29 236
29 238
29 239
29 247
30 31
30 36
30 43
30 54
30 55
30 59
30 65
30 67
30 70
30 73
30 75
30 80
30 83
30 86
30 87
30 102
30 103
30 105
30 106
30 108
30 114
30 119
30 129
30 134
30 141
30 143
30 147
30 154
30 157
30 161
30 176
30 177
30 182
30 193
30 198
30 201
30 204
30 208
30 213
30 214
30 218
30 219
30 220
30 229
30 234
30 235
30 243
30 246
30 247
30 249
31 32
31 41
31 47
31 51
31 53
31 62
31 65
31 76
31 77
31 85
31 87
31 92
31 105
31 107
31 112
31 113
31 119
31 146
31 157
31 163
31 166
31 172
31 176
31 179
31 180
31 181
31 182
31 186
31 188
31 205
31 210
31 211
31 215
31 218
31 219
31 222
31 223
31 225
31 230
31 231
31 243
31 249
32 33
32 35
32 40
32 42
32 46
32 50
32 51
32 52
32 54
32 62
32 69
32 77
32 78
32 81
32 89
32 92
32 107
32 109
32 115
32 118
32 119
32 120
32 124
32 131
32 133
32 140
32 151
32 156
32 184
32 187
32 188
32 193
32 194
32 195
32 197
32 199
32 204
32 206
32 207
32 217
32 227
32 229
32 230
32 236
32 238
32 241
32 242
32 244
32 248
33 48
33 58
33 62
33 67
33 69
33 71
33 76
33 81
33 86
33 90
33 93
33 102
33 108
33 113
33 114
33 121
33 126
33 131
33 145
33 149
33 150
33 158
33 167
33 172
33 173
33 178
33 182
33 198
33 205
33 206
33 216
33 217
33 225
33 230
33 233
33 234
33 235
33 237
33 246
33 249
34 58
34 59
34 61
34 62
34 66
34 67
34 68
34 75
34 82
34 93
34 107
34 109
34 113
34 114
34 118
34 119
34 122
34 145
34 147
34 149
34 151
34 158
34 173
34 177
34 178
34 180
34 185
34 186
34 193
34 196
34 206
34 216
34 217
34 220
34 226
34 229
34 242
34 243
34 248
34 249
35 37
35 45
35 47
35 52
35 56
35 65
35 67
35 69
35 73
35 74
35 75
35 78
35 83
35 86
35 87
35 95
35 96
35 103
35 109
35 110
35 118
35 121
35 125
35 131
35 135
35 138
35 139
35 146
35 149
35 151
35 163
35 167
35 171
35 177
35 179
35 181
35 194
35 196
35 199
35 207
35 211
35 213
35 221
35 225
35 240
35 241
35 243
36 44
36 56
36 59
36 60
36 63
36 65
36 66
36 67
36 68
36 74
36 75
36 76
36 84
36 91
36 94
36 109
36 120
36 121
36 122
36 142
36 148
36 155
36 156
36 173
36 178
36 183
36 194
36 196
36 203
36 206
36 207
36 208
36 209
36 215
36 216
36 219
36 222
36 231
36 235
36 238
36 242
36 244
36 245
36 249
37 39
37 44
37 65
37 69
37 72
37 75
37 81
37 84
37 86
37 91
37 99
37 102
37 112
37 114
37 118
37 122
37 124
37 126
37 137
37 144
37 147
37 149
37 165
37 172
37 173
37 182
37 183
37 195
37 202
37 206
37 211
37 222
37 230
37 245
38 42
38 52
38 56
38 64
38 67
38 84
38 86
38 90
38 99
38 100
38 106
38 113
38 118
38 122
38 129
38 149
38 152
38 159
38 162
38 169
38 175
38 176
38 185
38 196
38 202
38 213
38 214
38 219
38 220
38 231
38 233
38 235
38 241
38 246
38 247
38 249
39 44
39 46
39 62
39 65
39 69
39 82
39 86
39 87
39 89
39 93
39 98
39 103
39 104
39 109
39 111
39 114
39 118
39 120
39 122
39 123
39 125
39 130
39 131
39 140
39 141
39 142
39 143
39 145
39 153
39 158
39 160
39 161
39 164
39 176
39 179
39 184
39 193
39 198
39 208
39 209
39 210
39 211
39 217
39 220
39 224
39 228
39 229
39 231
39 235
39 244
39 248
40 41
40 49
40 62
40 65
40 67
40 69
40 71
40 75
40 84
40 96
40 110
40 111
40 114
40 115
40 128
40 132
40 137
40 139
40 145
40 170
40 198
40 205
40 211
40 218
40 229
40 230
40 232
40 234
40 249
41 42
41 44
41 46
41 50
41 60
41 62
41 70
41 80
41 87
41 90
41 93
41 101
41 102
41 110
41 126
41 136
41 137
41 138
41 141
41 143
41 144
41 145
41 150
41 151
41 162
41 163
41 167
41 168
41 176
41 183
41 185
41 193
41 196
41 197
41 204
41 213
41 225
41 226
41 228
41 240
41 241
41 249
42 60
42 62
42 64
42 67
42 68
42 77
42 86
42 102
42 103
42 109
42 119
42 120
42 124
42 125
42 139
42 143
42 145
42 157
42 158
42 163
42 165
42 169
42 174
42 175
42 176
42 188
42 197
42 201
42 204
42 214
42 216
42 219
42 226
42 228
42 230
42 233
42 236
42 237
42 249
43 44
43 46
43 53
43 54
43 55
43 57
43 59
43 65
43 67
43 73
43 83
43 85
43 86
43 87
43 91
43 100
43 101
43 103
43 109
43 120
43 126
43 136
43 137
43 139
43 143
43 144
43 146
43 159
43 164
43 172
43 189
43 200
43 214
43 215
43 238
43 239
43 242
43 249
44 49
44 50
44 60
44 62
44 70
44 71
44 72
44 82
44 87
44 90
44 101
44 102
44 105
44 119
44 125
44 131
44 137
44 146
44 147
44 150
44 151
44 155
44 165
44 170
44 174
44 177
44 181
44 184
44 186
44 200
44 204
44 208
44 210
44 213
44 232
44 244
44 245
44 246
44 248
44 249
45 53
45 56
45 71
45 82
45 85
45 89
45 103
45 106
45 114
45 124
45 129
45 135
45 147
45 149
45 151
45 152
45 153
45 154
45 155
45 164
45 169
45 171
45 186
45 187
45 192
45 193
45 201
45 205
45 208
45 209
45 216
45 227
45 228
45 231
45 235
45 241
45 243
45 246
45 248
45 249
46 48
46 50
46 51
46 56
46 62
46 69
46 70
46 80
46 81
46 86
46 98
46 102
46 105
46 106
46 114
46 119
46 122
46 127
46 128
46 130
46 134
46 141
46 162
46 163
46 168
46 172
46 175
46 179
46 182
46 189
46 193
46 196
46 204
46 206
46 211
46 212
46 214
46 218
46 221
46 225
46 228
46 238
46 242
47 49
47 51
47 55
47 58
47 60
47 61
47 63
47 79
47 80
47 82
47 85
47 86
47 87
47 91
47 97
47 98
47 100
47 125
47 127
47 136
47 137
47 147
47 154
47 163
47 166
47 171
47 172
47 179
47 180
47 181
47 182
47 186
47 190
47 203
47 204
47 211
47 217
47 219
47 222
47 225
47 227
47 237
47 243
47 244
48 51
48 55
48 57
48 59
48 60
48 61
48 68
48 70
48 73
48 91
48 108
48 111
48 112
48 115
48 122
48 126
48 127
48 130
48 135
48 136
48 137
48 138
48 139
48 152
48 155
48 157
48 172
48 180
48 183
48 186
48 193
48 203
48 207
48 212
48 225
48 234
48 239
48 240
48 244
48 246
48 248
49 50
49 70
49 73
49 84
49 90
49 97
49 107
49 124
49 127
49 131
49 133
49 153
49 158
49 159
49 170
49 173
49 179
49 184
49 185
49 187
49 191
49 198
49 200
49 206
49 208
49 215
49 232
49 233
49 244
49 245
49 246
50 59
50 61
50 68
50 70
50 77
50 79
50 80
50 83
50 89
50 91
50 109
50 111
50 114
50 115
50 123
50 129
50 131
50 147
50 150
50 152
50 157
50 159
50 160
50 162
50 169
50 172
50 175
50 178
50 186
50 189
50 197
50 205
50 207
50 208
50 210
50 212
50 214
50 224
50 226
50 227
50 239
50 241
50 244
51 52
51 60
51 66
51 67
51 68
51 73
51 81
51 89
51 91
51 94
51 95
51 101
51 106
51 109
51 114
51 118
51 124
51 137
51 144
51 145
51 149
51 153
51 159
51 160
51 161
51 164
51 166
51 167
51 176
51 180
51 188
51 189
51 190
51 209
51 211
51 220
51 225
51 237
51 242
51 246
52 59
52 63
52 65
52 76
52 80
52 84
52 88
52 89
52 90
52 95
52 97
52 101
52 103
52 109
52 111
52 114
52 115
52 121
52 125
52 126
52 133
52 135
52 142
52 149
52 154
52 167
52 168
52 169
52 170
52 174
52 197
52 199
52 201
52 207
52 210
52 211
52 212
52 216
52 222
52 228
52 230
53 54
53 55
53 57
53 59
53 64
53 71
53 81
53 85
53 101
53 102
53 104
53 109
53 110
53 116
53 121
53 129
53 130
53 139
53 142
53 143
53 144
53 154
53 159
53 166
53 167
53 172
53 174
53 175
53 192
53 210
53 225
53 232
53 243
53 244
54 69
54 72
54 91
54 98
54 103
54 109
54 115
54 116
54 118
54 124
54 128
54 133
54 142
54 143
54 149
54 151
54 162
54 167
54 172
54 174
54 176
54 184
54 186
54 190
54 197
54 203
54 205
54 207
54 209
54 220
54 229
54 237
54 239
54 243
54 249
55 64
55 66
55 69
55 72
55 81
55 85
55 92
55 93
55 99
55 104
55 109
55 112
55 114
55 115
55 116
55 128
55 138
55 141
55 147
55 148
55 151
55 154
55 155
55 156
55 161
55 168
55 169
55 175
55 178
55 180
55 183
55 187
55 188
55 189
55 193
55 196
55 197
55 201
55 205
55 208
55 210
55 212
55 216
55 219
55 224
55 225
55 230
55 235
55 240
55 241
56 59
56 72
56 76
56 87
56 88
56 94
56 105
56 106
56 113
56 118
56 119
56 125
56 126
56 144
56 151
56 160
56 166
56 169
56 171
56 177
56 179
56 185
56 191
56 200
56 204
56 206
56 210
56 211
56 219
56 220
56 223
56 235
56 238
56 241
56 245
56 247
56 248
56 249
57 67
57 68
57 70
57 71
57 77
57 98
57 101
57 104
57 108
57 114
57 118
57 119
57 123
57 126
57 135
57 136
57 147
57 153
57 158
57 167
57 174
57 175
57 176
57 191
57 201
57 203
57 208
57 213
57 214
57 215
57 217
57 222
57 225
57 238
57 240
57 243
57 244
57 246
57 248
58 65
58 69
58 78
58 83
58 84
58 86
58 96
58 99
58 102
58 112
58 119
58 132
58 133
58 139
58 144
58 153
58 166
58 171
58 175
58 177
58 178
58 186
58 197
58 200
58 202
58 208
58 209
58 222
58 223
58 230
58 231
58 234
58 238
58 239
58 240
58 241
58 243
59 71
59 72
59 77
59 78
59 79
59 81
59 90
59 101
59 107
59 112
59 121
59 125
59 138
59 139
59 140
59 148
59 149
59 150
59 152
59 156
59 167
59 174
59 181
59 185
59 192
59 200
59 206
59 210
59 213
59 214
59 215
59 223
59 226
59 232
59 234
59 235
59 237
59 238
59 241
59 244
59 246
60 67
60 71
60 77
60 78
60 79
60 85
60 89
60 91
60 94
60 109
60 111
60 125
60 131
60 134
60 143
60 146
60 150
60 152
60 157
60 159
60 160
60 162
60 172
60 175
60 178
60 181
60 195
60 205
60 206
60 207
60 216
60 221
60 225
60 228
60 231
60 235
60 238
60 240
60 241
61 64
61 83
61 84
61 90
61 109
61 110
61 118
61 119
61 125
61 126
61 131
61 135
61 136
61 140
61 145
61 146
61 159
61 162
61 169
61 172
61 174
61 175
61 176
61 180
61 191
61 195
61 196
61 199
61 203
61 208
61 209
61 213
61 218
61 221
61 222
61 225
61 240
61 241
61 245
61 247
61 248
61 249
62 64
62 67
62 72
62 74
62 77
62 79
62 85
62 90
62 97
62 99
62 103
62 108
62 109
62 110
62 118
62 119
62 133
62 136
62 137
62 138
62 140
62 146
62 156
62 157
62 170
62 176
62 178
62 179
62 186
62 187
62 188
62 196
62 198
62 200
62 210
62 211
62 213
62 214
62 216
62 228
62 232
62 235
62 236
62 237
62 241
62 242
62 244
63 72
63 74
63 96
63 97
63 106
63 109
63 115
63 122
63 142
63 162
63 163
63 167
63 186
63 188
63 193
63 196
63 210
63 214
63 217
63 223
63 228
63 232
63 237
63 241
63 247
64 67
64 70
64 71
64 75
64 81
64 87
64 89
64 96
64 101
64 106
64 110
64 115
64 121
64 126
64 131
64 132
64 142
64 149
64 151
64 157
64 160
64 165
64 175
64 186
64 188
64 189
64 193
64 201
64 203
64 209
64 214
64 219
64 222
64 225
64 247
65 69
65 74
65 80
65 82
65 86
65 91
65 93
65 95
65 97
65 104
65 113
65 120
65 129
65 147
65 153
65 164
65 165
65 167
65 172
65 176
65 181
65 184
65 185
65 188
65 200
65 204
65 219
65 226
65 228
65 229
65 231
65 247
66 73
66 77
66 79
66 93
66 94
66 101
66 102
66 103
66 108
66 115
66 120
66 136
66 139
66 146
66 153
66 156
66 157
66 165
66 172
66 180
66 196
66 205
66 207
66 216
66 222
66 231
66 233
66 237
66 243
66 246
67 71
67 78
67 83
67 85
67 87
67 88
67 93
67 96
67 97
67 98
67 99
67 104
67 106
67 111
67 120
67 122
67 125
67 131
67 143
67 158
67 162
67 166
67 167
67 171
67 179
67 182
67 183
67 186
67 199
67 200
67 209
67 217
67 220
67 226
67 231
67 234
67 238
67 245
67 249
68 70
68 74
68 75
68 80
68 86
68 89
68 93
68 102
68 105
68 108
68 114
68 117
68 119
68 121
68 123
68 130
68 142
68 149
68 151
68 161
68 165
68 167
68 169
68 174
68 182
68 183
68 190
68 197
68 202
68 204
68 206
68 208
68 209
68 226
68 232
68 235
68 241
68 244
69 71
69 80
69 83
69 84
69 94
69 97
69 98
69 101
69 102
69 112
69 124
69 143
69 147
69 150
69 153
69 160
69 166
69 172
69 176
69 178
69 180
69 182
69 183
69 187
69 190
69 195
69 196
69 200
69 202
69 207
69 210
69 214
69 215
69 216
69 221
69 223
69 225
69 239
69 249
70 92
70 94
70 104
70 111
70 112
70 118
70 122
70 123
70 135
70 137
70 139
70 141
70 143
70 146
70 149
70 150
70 154
70 158
70 160
70 165
70 168
70 171
70 173
70 180
70 181
70 194
70 195
70 209
70 216
70 221
70 225
70 227
70 228
70 239
70 246
71 73
71 86
71 90
71 91
71 95
71 96
71 98
71 101
71 104
71 106
71 108
71 109
71 116
71 124
71 126
71 131
71 142
71 144
71 145
71 147
71 150
71 152
71 153
71 161
71 166
71 168
71 175
71 176
71 179
71 180
71 182
71 186
71 199
71 201
71 202
71 205
71 207
71 209
71 223
71 228
71 238
71 239
71 240
72 76
72 83
72 86
72 88
72 90
72 103
72 105
72 109
72 113
72 116
72 125
72 126
72 138
72 142
72 147
72 152
72 153
72 157
72 158
72 162
72 169
72 172
72 174
72 175
72 181
72 184
72 185
72 188
72 199
72 206
72 211
72 217
72 219
72 220
72 234
72 237
72 247
73 74
73 76
73 80
73 82
73 87
73 94
73 116
73 117
73 122
73 126
73 128
73 143
73 147
73 153
73 156
73 158
73 160
73 162
73 164
73 173
73 176
73 184
73 186
73 187
73 188
73 190
73 195
73 208
73 220
73 222
73 223
73 227
73 246
74 77
74 80
74 86
74 90
74 107
74 109
74 111
74 114
74 120
74 126
74 140
74 149
74 151
74 152
74 156
74 163
74 166
74 169
74 170
74 171
74 172
74 180
74 183
74 193
74 195
74 202
74 209
74 210
74 211
74 220
74 230
74 231
74 234
74 240
74 248
75 91
75 99
75 104
75 108
75 111
75 116
75 126
75 130
75 132
75 137
75 141
75 150
75 153
75 156
75 159
75 161
75 164
75 165
75 169
75 172
75 174
75 185
75 186
75 189
75 198
75 202
75 206
75 211
75 228
75 238
75 245
75 246
76 79
76 80
76 90
76 92
76 96
76 97
76 101
76 105
76 120
76 127
76 132
76 134
76 135
76 147
76 157
76 160
76 167
76 168
76 172
76 188
76 190
76 200
76 201
76 203
76 204
76 205
76 211
76 214
76 222
76 227
76 234
76 236
77 82
77 86
77 89
77 96
77 102
77 103
77 104
77 117
77 123
77 124
77 129
77 132
77 134
77 139
77 157
77 161
77 162
77 165
77 169
77 171
77 172
77 176
77 178
77 184
77 185
77 186
77 187
77 189
77 199
77 200
77 207
77 216
77 219
77 226
77 230
77 243
78 86
78 92
78 98
78 107
78 110
78 113
78 115
78 119
78 120
78 121
78 122
78 123
78 124
78 131
78 136
78 137
78 148
78 150
78 152
78 171
78 175
78 177
78 178
78 180
78 181
78 183
78 187
78 188
78 191
78 205
78 206
78 213
78 217
78 218
78 219
78 221
78 238
78 249
79 86
79 90
79 99
79 105
79 107
79 110
79 112
79 113
79 123
79 129
79 144
79 145
79 149
79 151
79 154
79 155
79 157
79 158
79 161
79 164
79 167
79 168
79 169
79 174
79 175
79 177
79 180
79 184
79 186
79 189
79 192
79 203
79 207
79 210
79 211
79 230
79 232
79 235
79 236
79 241
79 247
79 249
80 93
80 96
80 100
80 110
80 112
80 114
80 118
80 125
80 126
80 127
80 130
80 138
80 143
80 148
80 157
80 164
80 182
80 185
80 186
80 188
80 193
80 199
80 200
80 203
80 205
80 206
80 208
80 219
80 225
80 234
80 235
80 242
80 243
80 247
80 248
81 93
81 94
81 96
81 108
81 111
81 112
81 113
81 115
81 122
81 127
81 138
81 145
81 160
81 161
81 168
81 176
81 181
81 182
81 192
81 207
81 219
81 221
81 223
81 227
81 233
81 236
81 237
81 240
81 244
82 94
82 99
82 100
82 103
82 104
82 122
82 127
82 131
82 147
82 149
82 153
82 158
82 160
82 173
82 176
82 180
82 184
82 185
82 190
82 191
82 195
82 208
82 214
82 215
82 216
82 219
82 220
82 223
82 226
82 230
82 233
83 86
83 90
83 92
83 103
83 122
83 129
83 136
83 138
83 142
83 162
83 193
83 206
83 209
83 210
83 216
83 223
83 228
83 236
83 248
84 93
84 94
84 107
84 111
84 114
84 119
84 123
84 125
84 126
84 127
84 146
84 155
84 159
84 161
84 162
84 169
84 172
84 178
84 182
84 183
84 189
84 190
84 195
84 201
84 212
84 213
84 214
84 215
84 219
84 225
84 228
84 236
84 242
84 244
84 246
85 91
85 95
85 97
85 103
85 105
85 108
85 113
85 114
85 117
85 124
85 135
85 136
85 145
85 151
85 154
85 164
85 170
85 174
85 177
85 183
85 188
85 191
85 193
85 204
85 211
85 215
85 219
85 221
85 226
85 234
85 240
85 244
85 248
85 249
86 96
86 106
86 109
86 111
86 114
86 117
86 125
86 127
86 139
86 141
86 142
86 146
86 147
86 149
86 150
86 151
86 152
86 154
86 155
86 160
86 165
86 167
86 170
86 175
86 191
86 195
86 196
86 207
86 209
86 232
86 242
86 247
87 89
87 102
87 104
87 110
87 113
87 115
87 116
87 120
87 125
87 130
87 133
87 141
87 146
87 154
87 163
87 184
87 201
87 206
87 211
87 218
87 222
87 231
87 233
87 239
87 247
88 91
88 94
88 98
88 99
88 101
88 111
88 116
88 122
88 125
88 130
88 133
88 138
88 149
88 150
88 152
88 154
88 160
88 171
88 173
88 177
88 180
88 189
88 190
88 191
88 194
88 202
88 203
88 209
88 213
88 217
88 218
88 219
88 224
88 225
88 244
88 246
89 100
89 109
89 110
89 111
89 114
89 116
89 120
89 123
89 124
89 132
89 133
89 134
89 135
89 151
89 158
89 170
89 172
89 174
89 179
89 182
89 183
89 184
89 194
89 207
89 216
89 218
89 222
89 228
89 232
89 239
89 249
90 93
90 95
90 96
90 102
90 103
90 109
90 112
90 114
90 115
90 119
90 129
90 130
90 131
90 142
90 143
90 146
90 147
90 153
90 158
90 164
90 170
90 174
90 175
90 180
90 182
90 186
90 202
90 203
90 207
90 208
90 212
90 213
90 216
90 233
90 239
90 245
90 249
91 93
91 96
91 104
91 105
91 108
91 112
91 123
91 125
91 130
91 132
91 133
91 134
91 141
91 144
91 145
91 146
91 148
91 154
91 160
91 166
91 178
91 180
91 181
91 188
91 217
91 221
91 236
91 243
91 246
92 94
92 97
92 101
92 103
92 104
92 109
92 113
92 115
92 123
92 126
92 138
92 140
92 144
92 147
92 161
92 162
92 167
92 183
92 186
92 190
92 191
92 201
92 206
92 208
92 209
92 210
92 213
92 220
92 238
92 239
92 248
92 249
93 95
93 99
93 100
93 105
93 110
93 113
93 116
93 117
93 120
93 127
93 131
93 139
93 141
93 145
93 151
93 152
93 154
93 156
93 157
93 160
93 163
93 166
93 167
93 170
93 177
93 184
93 185
93 188
93 189
93 193
93 194
93 195
93 198
93 200
93 211
93 214
93 220
93 224
93 227
93 228
93 231
93 232
94 97
94 99
94 102
94 108
94 119
94 123
94 124
94 131
94 136
94 138
94 142
94 144
94 164
94 171
94 182
94 196
94 197
94 203
94 205
94 211
94 212
94 213
94 215
94 217
94 222
94 227
94 228
94 229
94 234
94 238
94 243
94 246
95 99
95 104
95 105
95 109
95 110
95 115
95 116
95 124
95 125
95 131
95 136
95 144
95 145
95 147
95 152
95 154
95 159
95 160
95 167
95 168
95 172
95 173
95 187
95 191
95 199
95 202
95 206
95 220
95 222
95 223
95 226
95 230
95 231
95 234
95 235
95 240
95 244
95 247
96 97
96 98
96 101
96 104
96 105
96 107
96 109
96 113
96 115
96 125
96 129
96 142
96 144
96 152
96 155
96 168
96 182
96 187
96 188
96 197
96 198
96 205
96 210
96 212
96 216
96 230
96 233
96 237
96 238
96 240
96 247
97 106
97 110
97 119
97 121
97 128
97 145
97 152
97 153
97 156
97 158
97 159
97 165
97 169
97 172
97 178
97 179
97 182
97 190
97 192
97 195
97 196
97 197
97 203
97 212
97 214
97 223
97 229
97 231
97 232
97 237
97 238
97 241
97 243
97 245
98 100
98 107
98 117
98 137
98 138
98 149
98 151
98 153
98 154
98 158
98 161
98 165
98 166
98 171
98 172
98 173
98 176
98 187
98 191
98 204
98 205
98 220
98 224
98 229
98 232
98 241
98 247
99 105
99 111
99 114
99 119
99 125
99 126
99 140
99 143
99 145
99 150
99 176
99 182
99 184
99 189
99 191
99 211
99 235
100 104
100 107
100 111
100 118
100 130
100 131
100 133
100 134
100 138
100 139
100 155
100 159
100 162
100 165
100 167
100 172
100 175
100 182
100 184
100 190
100 191
100 193
100 195
100 199
100 200
100 215
100 221
100 232
100 235
100 238
100 239
100 241
100 243
100 249
101 107
101 109
101 110
101 124
101 126
101 134
101 135
101 143
101 144
101 154
101 168
101 170
101 171
101 173
101 186
101 188
101 192
101 193
101 197
101 211
101 221
101 223
101 232
101 240
101 248
102 117
102 119
102 120
102 123
102 125
102 131
102 144
102 148
102 151
102 154
102 155
102 160
102 162
102 169
102 172
102 173
102 185
102 187
102 188
102 189
102 191
102 193
102 196
102 208
102 209
102 212
102 219
102 220
102 226
102 233
102 239
102 242
102 245
103 105
103 106
103 116
103 123
103 126
103 156
103 157
103 158
103 171
103 172
103 173
103 191
103 192
103 198
103 200
103 204
103 208
103 221
103 225
103 228
103 238
103 239
103 242
103 246
104 107
104 108
104 109
104 111
104 115
104 126
104 131
104 135
104 140
104 141
104 145
104 146
104 155
104 165
104 179
104 180
104 182
104 188
104 194
104 198
104 199
104 206
104 207
104 217
104 218
104 226
104 237
104 239
104 243
104 244
104 245
104 249
105 109
105 111
105 113
105 114
105 117
105 118
105 123
105 138
105 142
105 167
105 168
105 172
105 173
105 174
105 178
105 180
105 184
105 185
105 187
105 189
105 192
105 197
105 198
105 205
105 209
105 215
105 225
105 226
105 233
105 240
105 241
105 242
106 120
106 125
106 129
106 130
106 138
106 144
106 147
106 164
106 182
106 204
106 212
106 219
106 224
106 233
106 243
106 248
106 249
107 113
107 122
107 129
107 131
107 134
107 135
107 139
107 148
107 154
107 155
107 163
107 172
107 179
107 186
107 188
107 189
107 195
107 198
107 211
107 217
107 226
107 228
107 242
107 243
107 245
108 110
108 112
108 115
108 120
108 126
108 131
108 132
108 141
108 147
108 150
108 153
108 155
108 157
108 162
108 173
108 181
108 188
108 192
108 193
108 206
108 212
108 213
108 220
108 221
108 224
108 225
108 232
108 245
109 111
109 112
109 118
109 119
109 124
109 143
109 145
109 147
109 152
109 153
109 155
109 164
109 172
109 185
109 191
109 194
109 201
109 204
109 211
109 212
109 219
109 226
109 227
109 235
109 238
109 245
109 249
110 118
110 119
110 126
110 131
110 133
110 139
110 148
110 150
110 152
110 153
110 157
110 172
110 174
110 185
110 187
110 189
110 190
110 191
110 192
110 198
110 205
110 206
110 224
110 230
110 236
111 112
111 113
111 124
111 132
111 144
111 145
111 150
111 152
111 155
111 156
111 161
111 168
111 173
111 174
111 187
111 196
111 200
111 205
111 210
111 211
111 212
111 214
111 219
111 226
111 232
111 233
111 243
111 244
111 248
111 249
112 113
112 123
112 127
112 131
112 134
112 144
112 147
112 150
112 157
112 167
112 169
112 178
112 183
112 188
112 190
112 198
112 199
112 202
112 205
112 208
112 209
112 212
112 215
112 218
112 228
112 229
112 237
112 241
112 242
112 245
112 247
113 117
113 140
113 153
113 158
113 161
113 176
113 184
113 186
113 194
113 197
113 198
113 200
113 202
113 205
113 207
113 211
113 212
113 214
113 223
113 225
113 245
114 115
114 116
114 123
114 127
114 146
114 155
114 167
114 185
114 190
114 191
114 206
114 210
114 216
114 217
114 221
114 223
114 231
114 234
114 242
114 245
115 120
115 123
115 125
115 126
115 129
115 130
115 132
115 133
115 136
115 138
115 139
115 148
115 149
115 157
115 167
115 168
115 182
115 185
115 188
115 190
115 197
115 201
115 204
115 208
115 216
115 221
115 222
115 230
115 233
115 235
115 244
115 247
115 248
115 249
116 118
116 119
116 126
116 128
116 136
116 139
116 153
116 159
116 160
116 161
116 166
116 168
116 178
116 179
116 183
116 191
116 210
116 211
116 213
116 214
116 221
116 223
116 228
116 230
116 232
116 248
117 118
117 124
117 125
117 128
117 131
117 135
117 148
117 154
117 166
117 167
117 171
117 172
117 176
117 181
117 184
117 186
117 196
117 199
117 208
117 209
117 218
117 236
117 242
117 243
117 244
118 127
118 128
118 131
118 133
118 137
118 139
118 143
118 148
118 150
118 153
118 156
118 162
118 165
118 170
118 174
118 179
118 183
118 188
118 190
118 194
118 197
118 200
118 207
118 209
118 212
118 213
118 214
118 215
118 231
118 234
118 246
118 248
118 249
119 121
119 125
119 127
119 129
119 131
119 140
119 142
119 144
119 150
119 151
119 156
119 160
119 164
119 165
119 167
119 171
119 172
119 175
119 178
119 193
119 194
119 195
119 196
119 197
119 198
119 210
119 218
119 222
119 225
119 230
119 237
120 121
120 133
120 141
120 148
120 153
120 163
120 167
120 176
120 178
120 183
120 191
120 197
120 200
120 201
120 207
120 209
120 210
120 212
120 213
120 225
120 227
120 231
120 233
120 234
120 242
121 126
121 129
121 135
121 139
121 143
121 144
121 148
121 149
121 152
121 153
121 156
121 157
121 158
121 159
121 165
121 171
121 173
121 176
121 178
121 189
121 190
121 192
121 205
121 207
121 208
121 211
121 216
121 225
121 232
121 234
121 237
121 238
121 239
121 240
121 242
122 138
122 142
122 143
122 147
122 152
122 154
122 155
122 157
122 164
122 167
122 171
122 186
122 203
122 205
122 208
122 209
122 214
122 215
122 219
122 226
122 230
122 239
122 240
123 129
123 130
123 143
123 149
123 151
123 153
123 154
123 155
123 160
123 164
123 167
123 169
123 178
123 180
123 182
123 185
123 190
123 192
123 193
123 196
123 197
123 199
123 202
123 210
123 215
123 230
123 234
123 235
123 243
123 246
123 248
124 134
124 137
124 141
124 150
124 155
124 158
124 173
124 184
124 188
124 192
124 194
124 201
124 204
124 206
124 209
124 210
124 211
124 214
124 224
124 233
124 235
124 238
124 246
124 248
125 128
125 134
125 144
125 145
125 147
125 148
125 149
125 154
125 162
125 165
125 173
125 175
125 185
125 189
125 191
125 198
125 199
125 210
125 211
125 216
125 233
125 234
125 241
126 128
126 130
126 134
126 147
126 149
126 153
126 158
126 163
126 166
126 167
126 184
126 186
126 193
126 206
126 215
126 219
126 220
126 221
126 228
126 232
126 235
126 239
127 130
127 132
127 134
127 139
127 144
127 146
127 149
127 150
127 154
127 159
127 160
127 161
127 166
127 181
127 183
127 193
127 202
127 205
127 206
127 211
127 216
127 222
127 226
127 234
127 236
127 237
127 238
127 239
128 129
128 132
128 133
128 136
128 144
128 154
128 159
128 160
128 161
128 170
128 171
128 173
128 180
128 183
128 186
128 190
128 192
128 193
128 198
128 203
128 212
128 234
128 236
128 237
128 240
129 130
129 133
129 134
129 139
129 141
129 147
129 155
129 161
129 169
129 173
129 181
129 183
129 185
129 191
129 192
129 207
129 208
129 213
129 216
129 224
129 228
129 233
129 234
129 247
130 131
130 132
130 134
130 137
130 146
130 149
130 160
130 166
130 167
130 171
130 174
130 175
130 178
130 179
130 180
130 188
130 196
130 198
130 205
130 210
130 211
130 214
130 218
130 220
130 236
130 240
130 242
130 243
131 139
131 142
131 146
131 153
131 154
131 157
131 159
131 162
131 174
131 175
131 177
131 179
131 181
131 183
131 184
131 185
131 186
131 187
131 188
131 191
131 199
131 204
131 205
131 209
131 221
131 222
131 226
131 239
132 133
132 152
132 154
132 158
132 161
132 171
132 175
132 181
132 185
132 193
132 195
132 220
132 228
132 230
132 235
132 240
132 241
132 243
133 137
133 140
133 146
133 149
133 152
133 158
133 165
133 173
133 176
133 178
133 185
133 193
133 203
133 207
133 208
133 210
133 211
133 223
133 225
133 232
133 234
133 239
133 243
134 139
134 141
134 145
134 146
134 161
134 164
134 168
134 183
134 185
134 187
134 188
134 189
134 195
134 198
134 207
134 213
134 214
134 219
134 226
134 227
134 228
134 233
134 235
134 240
134 245
134 249
135 138
135 153
135 155
135 159
135 165
135 174
135 183
135 184
135 188
135 196
135 200
135 210
135 213
135 215
135 227
135 231
135 243
135 249
136 137
136 144
136 153
136 154
136 159
136 166
136 170
136 175
136 179
136 182
136 183
136 188
136 190
136 192
136 196
136 199
136 203
136 205
136 219
136 229
136 235
136 244
136 246
137 138
137 140
137 146
137 155
137 164
137 167
137 183
137 185
137 189
137 190
137 198
137 204
137 205
137 207
137 220
137 221
137 224
137 225
137 228
137 238
137 242
137 243
137 248
137 249
138 140
138 143
138 145
138 150
138 157
138 158
138 162
138 170
138 177
138 179
138 182
138 184
138 188
138 191
138 194
138 200
138 204
138 206
138 209
138 217
138 223
138 228
138 230
138 231
138 237
138 243
138 244
138 248
139 145
139 146
139 160
139 162
139 176
139 178
139 188
139 196
139 197
139 200
139 201
139 205
139 209
139 212
139 217
139 242
139 244
139 246
139 247
140 152
140 153
140 169
140 170
140 171
140 178
140 183
140 187
140 191
140 192
140 196
140 200
140 203
140 205
140 207
140 210
140 223
140 229
140 231
140 243
140 248
141 143
141 155
141 189
141 191
141 197
141 199
141 201
141 206
141 207
141 209
141 213
141 220
141 225
141 235
141 239
141 241
141 245
141 248
141 249
142 146
142 151
142 156
142 158
142 163
142 167
142 168
142 172
142 175
142 192
142 199
142 201
142 211
142 216
142 218
142 226
142 230
142 231
142 233
142 236
142 245
142 246
143 147
143 150
143 154
143 156
143 159
143 161
143 182
143 184
143 197
143 199
143 218
143 228
143 232
143 239
143 247
144 148
144 156
144 170
144 177
144 186
144 195
144 198
144 204
144 205
144 207
144 213
144 214
144 220
144 226
144 234
144 235
144 239
145 146
145 149
145 151
145 156
145 157
145 162
145 164
145 166
145 168
145 171
145 173
145 174
145 179
145 181
145 183
145 184
145 185
145 188
145 197
145 203
145 213
145 218
145 236
145 237
145 238
145 242
145 246
145 247
146 150
146 155
146 159
146 166
146 172
146 173
146 175
146 177
146 181
146 184
146 186
146 189
146 201
146 204
146 206
146 208
146 209
146 212
146 222
146 224
146 227
146 233
146 234
146 235
146 238
146 247
146 249
147 155
147 156
147 160
147 162
147 176
147 181
147 188
147 190
147 191
147 201
147 204
147 207
147 213
147 218
147 224
147 243
147 246
148 149
148 151
148 155
148 164
148 166
148 169
148 171
148 183
148 186
148 187
148 189
148 192
148 193
148 197
148 203
148 208
148 212
148 219
148 225
148 231
148 238
148 249
149 153
149 159
149 161
149 165
149 166
149 167
149 168
149 182
149 188
149 198
149 207
149 209
149 214
149 223
149 225
149 243
149 246
149 248
150 161
150 164
150 174
150 175
150 180
150 188
150 193
150 194
150 196
150 203
150 209
150 212
150 214
150 217
150 221
150 225
150 234
150 238
151 156
151 162
151 163
151 171
151 176
151 178
151 193
151 200
151 203
151 207
151 212
151 227
151 230
151 238
151 242
151 243
152 161
152 174
152 176
152 179
152 182
152 185
152 189
152 193
152 221
152 228
152 232
152 234
152 239
152 240
152 245
152 246
152 249
153 155
153 161
153 169
153 174
153 182
153 183
153 184
153 189
153 193
153 198
153 201
153 202
153 205
153 232
153 243
153 246
154 155
154 158
154 164
154 174
154 186
154 190
154 199
154 205
154 208
154 217
154 220
154 231
154 237
154 242
154 244
154 247
154 248
155 158
155 159
155 162
155 170
155 174
155 179
155 183
155 188
155 192
155 193
155 203
155 205
155 207
155 210
155 213
155 225
155 227
155 233
156 161
156 162
156 167
156 169
156 172
156 179
156 180
156 184
156 187
156 200
156 205
156 208
156 209
156 217
156 221
156 223
156 228
156 229
156 234
156 244
156 245
157 159
157 160
157 185
157 189
157 191
157 194
157 195
157 196
157 198
157 210
157 212
157 219
157 223
157 224
157 227
157 235
157 238
157 239
157 241
157 242
158 161
158 174
158 178
158 184
158 189
158 212
158 214
158 225
158 232
158 233
158 237
158 240
159 161
159 163
159 165
159 175
159 178
159 180
159 181
159 184
159 187
159 194
159 199
159 200
159 201
159 214
159 215
159 224
159 225
159 228
159 230
159 232
159 233
159 235
159 236
159 241
159 243
159 247
160 164
160 166
160 179
160 183
160 185
160 186
160 187
160 188
160 200
160 203
160 207
160 218
160 223
160 234
160 239
160 241
160 245
161 166
161 167
161 169
161 172
161 179
161 182
161 184
161 186
161 192
161 195
161 197
161 204
161 206
161 207
161 211
161 215
161 216
161 217
161 225
161 231
161 233
161 236
161 237
161 247
162 171
162 173
162 191
162 195
162 202
162 204
162 224
162 226
162 228
162 230
162 234
162 237
162 248
163 167
163 171
163 184
163 189
163 194
163 196
163 198
163 199
163 201
163 202
163 211
163 212
163 232
163 233
163 236
163 237
163 243
164 166
164 172
164 174
164 175
164 180
164 185
164 194
164 197
164 200
164 203
164 213
164 221
164 223
164 228
164 232
164 233
164 234
164 239
164 243
165 166
165 179
165 189
165 191
165 199
165 206
165 218
165 227
165 228
165 230
165 235
165 236
165 243
165 245
166 169
166 174
166 175
166 177
166 181
166 189
166 193
166 194
166 200
166 205
166 206
166 219
166 220
166 227
166 231
166 233
166 249
167 168
167 174
167 178
167 180
167 183
167 193
167 198
167 201
167 202
167 204
167 205
167 209
167 213
167 214
167 222
167 229
167 244
167 246
167 247
168 172
168 176
168 185
168 186
168 192
168 193
168 195
168 208
168 210
168 217
168 221
168 225
168 228
168 234
168 238
168 241
168 249
169 177
169 180
169 186
169 187
169 193
169 210
169 220
169 232
169 240
170 173
170 175
170 178
170 194
170 201
170 207
170 213
170 217
170 241
170 245
171 172
171 179
171 183
171 184
171 191
171 194
171 196
171 198
171 203
171 205
171 208
171 209
171 213
171 217
171 220
171 228
171 238
171 241
172 173
172 182
172 189
172 195
172 196
172 197
172 200
172 204
172 211
172 212
172 219
172 220
172 222
172 224
172 228
172 232
172 240
172 245
173 180
173 187
173 189
173 190
173 197
173 205
173 208
173 211
173 212
173 215
173 216
173 219
173 225
173 234
173 235
173 239
173 243
173 244
173 248
174 184
174 186
174 193
174 201
174 208
174 224
174 225
174 226
174 227
174 247
175 177
175 186
175 192
175 193
175 194
175 197
175 198
175 203
175 205
175 207
175 208
175 216
175 228
175 237
175 244
175 248
176 185
176 189
176 191
176 207
176 223
176 230
176 236
176 242
176 246
176 248
177 179
177 195
177 197
177 219
177 222
177 228
177 241
177 242
178 179
178 183
178 192
178 194
178 197
178 199
178 208
178 209
178 212
178 222
178 225
179 184
179 186
179 187
179 191
179 202
179 206
179 212
179 219
179 222
179 224
179 233
179 239
179 242
179 244
179 245
180 185
180 192
180 202
180 204
180 205
180 214
180 217
180 221
180 229
180 238
180 243
180 247
180 248
180 249
181 185
181 189
181 192
181 193
181 208
181 211
181 214
181 221
181 229
181 230
181 235
181 239
181 241
181 243
181 246
181 249
182 184
182 185
182 186
182 187
182 192
182 194
182 203
182 213
182 214
182 215
182 217
182 218
182 231
182 233
183 217
183 224
183 229
183 234
183 235
183 238
183 239
183 245
184 185
184 186
184 189
184 194
184 199
184 214
184 220
184 222
184 228
184 234
184 235
184 241
184 244
185 191
185 193
185 198
185 199
185 201
185 202
185 216
185 217
185 225
185 226
185 232
185 237
185 238
185 244
185 247
186 187
186 198
186 199
186 200
186 201
186 203
186 206
186 207
186 219
186 222
186 223
186 229
186 233
186 234
186 236
186 238
186 240
186 243
187 189
187 190
187 191
187 198
187 207
187 216
187 219
187 225
187 230
187 233
187 242
187 244
187 247
187 248
187 249
188 193
188 195
188 202
188 208
188 213
188 215
188 222
188 224
188 229
188 236
188 238
188 239
188 240
188 241
188 244
189 190
189 192
189 194
189 200
189 211
189 216
189 218
189 221
189 225
189 226
189 228
189 233
189 238
189 241
190 211
190 212
190 216
190 220
190 225
190 241
190 242
190 246
190 248
191 199
191 202
191 207
191 211
191 213
191 214
191 215
191 220
191 222
191 226
191 232
191 239
191 248
192 194
192 195
192 196
192 197
192 203
192 204
192 205
192 207
192 212
192 217
192 225
192 227
192 238
193 194
193 198
193 199
193 203
193 212
193 215
193 230
193 232
193 237
193 246
193 248
193 249
194 197
194 201
194 202
194 225
194 226
194 228
194 234
194 236
195 196
195 197
195 203
195 205
195 210
195 220
195 222
195 223
195 224
195 233
195 236
195 245
195 247
196 199
196 209
196 216
196 220
196 224
196 225
196 228
196 234
196 236
196 242
196 245
196 247
196 248
197 204
197 206
197 209
197 220
197 221
197 223
197 230
197 233
197 237
197 238
197 245
197 246
198 199
198 201
198 203
198 205
198 207
198 208
198 218
198 222
198 223
198 227
198 230
198 235
198 239
198 242
199 202
199 205
199 207
199 208
199 214
199 227
199 239
199 240
199 244
200 205
200 218
200 226
201 207
201 212
201 214
201 215
201 218
201 219
201 221
201 224
201 231
201 233
201 237
201 239
201 240
201 247
201 248
201 249
202 206
202 208
202 213
202 232
202 233
202 235
202 236
202 249
203 207
203 211
203 213
203 220
203 226
203 227
203 229
203 249
204 206
204 211
204 213
204 223
204 231
204 234
204 240
205 206
205 211
205 227
205 232
205 233
205 235
205 237
205 247
206 209
206 212
206 220
206 224
206 225
206 227
206 231
206 232
206 237
206 247
206 248
207 231
207 236
207 237
207 240
207 244
207 245
207 248
208 212
208 221
208 225
208 227
208 232
208 240
209 227
209 230
209 232
209 235
209 243
209 244
209 247
210 212
210 216
210 217
210 230
210 233
210 239
210 242
211 223
211 225
211 227
211 232
211 235
211 241
212 213
212 214
212 217
212 223
212 233
212 238
212 239
212 240
213 216
213 220
213 239
214 216
214 220
214 225
214 232
214 233
214 235
214 236
214 245
214 248
215 216
215 217
215 224
215 228
215 238
216 235
216 239
216 240
216 242
216 246
217 219
217 220
217 223
217 224
217 229
217 237
217 244
217 245
218 220
218 224
218 236
218 238
218 247
219 223
219 229
219 233
219 234
219 236
219 238
219 239
219 241
219 244
220 224
220 227
220 232
220 239
220 240
220 245
221 224
221 226
221 242
221 245
221 248
222 223
222 224
222 226
222 227
222 233
222 234
222 242
222 249
223 229
223 239
223 240
223 247
224 226
224 232
224 237
224 241
224 248
225 227
225 232
225 236
225 245
226 238
226 239
227 237
227 238
227 242
227 245
227 246
227 247
228 233
228 238
228 244
228 247
229 230
229 238
229 240
229 244
230 234
230 235
230 236
230 237
230 241
230 243
230 244
230 245
231 232
231 233
231 236
231 241
231 242
231 244
231 248
231 249
232 235
232 246
233 235
233 236
233 238
233 249
234 235
234 238
234 248
235 238
235 240
235 241
235 242
236 240
237 240
237 249
238 240
238 248
239 241
239 244
240 242
240 246
240 247
244 246
248 249
