150 3740
16 64
10 26
48 44
24 11
23 24
92 10
32 19
87 60
11 22
55 14
38 43
88 85
92 53
29 84
62 97
100 67
92 47
98 20
75 31
76 40
77 18
15 11
48 40
45 18
100 27
80 73
39 18
45 80
55 97
93 24
41 82
33 43
77 80
18 19
61 15
83 91
44 18
64 43
73 92
43 15
25 10
29 54
44 11
74 95
75 26
22 66
51 46
98 77
41 41
49 73
86 88
57 38
61 23
96 33
58 53
16 77
99 58
30 34
14 10
63 77
28 60
38 90
54 24
90 94
85 75
20 96
27 34
61 36
86 72
92 47
40 59
81 22
83 21
74 90
65 16
38 72
93 86
25 94
28 50
42 38
76 60
39 54
14 32
98 13
41 77
29 92
12 97
28 40
90 20
77 78
38 57
63 38
10 20
98 34
63 82
62 16
38 37
56 79
19 75
87 51
65 93
33 71
58 17
80 25
36 97
27 29
24 12
98 42
53 26
98 94
91 33
37 59
52 16
69 35
21 12
43 21
62 83
58 95
23 64
66 60
83 14
55 14
69 69
33 70
79 37
30 91
60 51
21 20
44 17
82 24
33 98
71 10
59 20
81 55
87 56
19 58
73 47
84 52
46 85
85 54
60 97
44 30
93 80
87 98
71 30
32 28
88 100
60 37
21 50
91 22
6670
0 1
0 2
0 3
0 4
0 5
0 6
0 7
0 8
0 9
0 10
0 13
0 14
0 16
0 18
0 19
0 21
0 22
0 23
0 24
0 25
0 29
0 31
0 32
0 33
0 34
0 35
0 38
0 39
0 41
0 42
0 44
0 46
0 48
0 49
0 50
0 51
0 54
0 56
0 57
0 60
0 61
0 62
0 63
0 64
0 66
0 69
0 70
0 71
0 73
0 74
0 75
0 76
0 77
0 78
0 79
0 80
0 81
0 82
0 85
0 86
0 88
0 89
0 90
0 91
0 92
0 93
0 95
0 97
0 100
0 101
0 102
0 104
0 107
0 109
0 110
0 111
0 112
0 113
0 115
0 116
0 117
0 118
0 120
0 121
0 123
0 124
0 127
0 129
0 130
0 131
0 135
0 137
0 139
0 140
0 142
0 143
0 144
0 145
0 147
1 2
1 3
1 5
1 6
1 8
1 9
1 10
1 11
1 14
1 16
1 18
1 20
1 21
1 22
1 24
1 25
1 26
1 28
1 29
1 30
1 32
1 34
1 35
1 37
1 38
1 40
1 43
1 44
1 45
1 46
1 47
1 48
1 49
1 50
1 53
1 57
1 58
1 59
1 60
1 62
1 63
1 64
1 65
1 66
1 67
1 70
1 74
1 75
1 78
1 80
1 81
1 82
1 83
1 84
1 85
1 86
1 87
1 88
1 89
1 92
1 93
1 95
1 98
1 100
1 102
1 103
1 104
1 105
1 108
1 109
1 112
1 113
1 119
1 121
1 122
1 124
1 125
1 127
1 134
1 136
1 138
1 140
1 141
1 144
1 145
1 147
1 149
2 4
2 5
2 6
2 14
2 16
2 20
2 21
2 22
2 23
2 25
2 26
2 27
2 28
2 29
2 30
2 34
2 35
2 37
2 38
2 39
2 40
2 42
2 44
2 47
2 48
2 53
2 54
2 56
2 57
2 58
2 59
2 61
2 63
2 64
2 65
2 68
2 72
2 74
2 75
2 76
2 79
2 82
2 83
2 84
2 86
2 91
2 92
2 93
2 94
2 97
2 99
2 100
2 102
2 107
2 108
2 112
2 113
2 114
2 115
2 117
2 119
2 120
2 121
2 123
2 124
2 125
2 126
2 127
2 128
2 129
2 131
2 132
2 133
2 134
2 135
2 136
2 138
2 139
2 140
2 141
2 142
2 144
2 146
2 148
2 149
3 4
3 6
3 7
3 12
3 13
3 15
3 17
3 18
3 20
3 22
3 23
3 24
3 27
3 29
3 30
3 31
3 32
3 33
3 34
3 35
3 37
3 39
3 40
3 42
3 44
3 47
3 48
3 49
3 50
3 52
3 53
3 54
3 59
3 61
3 63
3 64
3 65
3 66
3 69
3 71
3 72
3 73
3 77
3 78
3 79
3 83
3 84
3 87
3 88
3 89
3 90
3 92
3 95
3 96
3 97
3 98
3 99
3 100
3 102
3 103
3 104
3 105
3 106
3 107
3 109
3 111
3 113
3 114
3 116
3 117
3 123
3 124
3 125
3 126
3 130
3 131
3 132
3 133
3 135
3 136
3 139
3 140
3 142
3 144
3 145
3 146
3 147
3 149
4 6
4 7
4 8
4 10
4 11
4 13
4 18
4 19
4 22
4 24
4 25
4 26
4 27
4 29
4 32
4 33
4 34
4 35
4 36
4 38
4 39
4 43
4 44
4 45
4 46
4 47
4 49
4 50
4 51
4 54
4 55
4 56
4 57
4 59
4 60
4 63
4 66
4 67
4 68
4 69
4 70
4 72
4 73
4 75
4 76
4 78
4 79
4 81
4 83
4 84
4 88
4 89
4 90
4 92
4 93
4 95
4 96
4 97
4 98
4 99
4 100
4 102
4 103
4 104
4 105
4 106
4 108
4 109
4 111
4 112
4 114
4 115
4 116
4 118
4 119
4 120
4 121
4 122
4 124
4 125
4 126
4 127
4 131
4 132
4 134
4 135
4 136
4 140
4 141
4 142
4 143
4 144
4 147
5 7
5 9
5 14
5 16
5 17
5 18
5 19
5 20
5 21
5 30
5 31
5 33
5 34
5 36
5 37
5 39
5 41
5 44
5 45
5 46
5 47
5 48
5 49
5 52
5 56
5 60
5 61
5 62
5 64
5 65
5 66
5 71
5 73
5 74
5 76
5 79
5 80
5 81
5 82
5 83
5 86
5 87
5 89
5 90
5 92
5 94
5 95
5 96
5 97
5 99
5 101
5 104
5 105
5 108
5 109
5 110
5 114
5 116
5 120
5 122
5 124
5 125
5 127
5 128
5 129
5 132
5 133
5 136
5 138
5 140
5 142
5 143
5 144
5 145
5 147
5 149
6 8
6 9
6 11
6 14
6 15
6 16
6 17
6 18
6 21
6 22
6 24
6 25
6 27
6 28
6 29
6 31
6 32
6 34
6 37
6 38
6 39
6 40
6 42
6 43
6 44
6 45
6 46
6 47
6 48
6 50
6 52
6 53
6 55
6 56
6 57
6 58
6 59
6 60
6 62
6 63
6 64
6 65
6 66
6 67
6 71
6 72
6 74
6 75
6 76
6 77
6 79
6 80
6 81
6 82
6 83
6 84
6 85
6 86
6 87
6 88
6 89
6 92
6 93
6 99
6 100
6 101
6 102
6 103
6 104
6 105
6 106
6 107
6 108
6 111
6 113
6 114
6 116
6 119
6 120
6 123
6 124
6 125
6 126
6 128
6 130
6 132
6 133
6 136
6 137
6 139
6 142
6 145
6 146
6 149
7 11
7 12
7 13
7 14
7 15
7 16
7 18
7 20
7 21
7 23
7 25
7 28
7 31
7 32
7 33
7 36
7 37
7 39
7 43
7 44
7 47
7 49
7 55
7 57
7 63
7 64
7 66
7 67
7 69
7 72
7 73
7 74
7 75
7 76
7 77
7 78
7 82
7 86
7 90
7 93
7 97
7 98
7 100
7 101
7 104
7 105
7 106
7 107
7 108
7 109
7 112
7 113
7 115
7 116
7 118
7 119
7 120
7 121
7 122
7 123
7 124
7 128
7 129
7 130
7 131
7 132
7 134
7 135
7 138
7 139
7 141
7 142
7 143
7 146
7 149
8 12
8 14
8 16
8 19
8 20
8 21
8 24
8 27
8 29
8 30
8 31
8 32
8 36
8 37
8 41
8 42
8 46
8 47
8 49
8 56
8 57
8 60
8 62
8 63
8 66
8 67
8 68
8 69
8 72
8 74
8 75
8 76
8 78
8 79
8 80
8 81
8 85
8 87
8 88
8 89
8 91
8 93
8 94
8 95
8 96
8 97
8 99
8 100
8 103
8 107
8 108
8 110
8 111
8 114
8 117
8 118
8 120
8 121
8 122
8 124
8 125
8 126
8 127
8 128
8 129
8 130
8 132
8 133
8 134
8 135
8 136
8 139
8 140
8 141
8 142
8 143
8 144
8 145
8 146
8 147
8 149
9 11
9 12
9 14
9 15
9 16
9 20
9 21
9 23
9 24
9 27
9 29
9 31
9 33
9 35
9 41
9 42
9 43
9 44
9 46
9 47
9 48
9 49
9 50
9 51
9 52
9 53
9 55
9 56
9 58
9 59
9 60
9 61
9 62
9 63
9 64
9 65
9 67
9 68
9 70
9 73
9 74
9 75
9 76
9 78
9 79
9 80
9 81
9 82
9 83
9 84
9 86
9 87
9 88
9 89
9 91
9 93
9 94
9 96
9 97
9 98
9 102
9 104
9 105
9 107
9 108
9 109
9 113
9 114
9 115
9 117
9 118
9 120
9 124
9 127
9 128
9 129
9 130
9 132
9 134
9 135
9 136
9 138
9 139
9 140
9 142
9 143
9 144
9 145
9 147
9 148
9 149
10 11
10 13
10 15
10 16
10 18
10 19
10 20
10 22
10 23
10 24
10 25
10 27
10 28
10 30
10 32
10 35
10 36
10 38
10 41
10 42
10 43
10 49
10 52
10 56
10 58
10 60
10 61
10 62
10 65
10 67
10 68
10 72
10 75
10 77
10 78
10 80
10 81
10 83
10 88
10 89
10 91
10 92
10 93
10 95
10 96
10 97
10 98
10 99
10 101
10 103
10 105
10 106
10 107
10 111
10 112
10 115
10 116
10 117
10 119
10 121
10 123
10 127
10 130
10 131
10 132
10 133
10 134
10 135
10 136
10 137
10 138
10 139
10 140
10 142
10 143
10 144
10 146
11 12
11 13
11 15
11 17
11 19
11 21
11 22
11 23
11 27
11 29
11 30
11 31
11 33
11 39
11 41
11 42
11 44
11 45
11 47
11 49
11 52
11 53
11 54
11 55
11 58
11 60
11 61
11 62
11 66
11 67
11 68
11 70
11 71
11 73
11 74
11 76
11 77
11 78
11 79
11 81
11 83
11 84
11 89
11 90
11 91
11 93
11 95
11 96
11 97
11 100
11 107
11 109
11 110
11 111
11 113
11 117
11 120
11 122
11 124
11 125
11 129
11 130
11 131
11 132
11 133
11 135
11 136
11 137
11 138
11 139
11 140
11 141
11 142
11 143
11 144
11 145
11 147
11 149
12 13
12 14
12 15
12 16
12 18
12 19
12 22
12 23
12 24
12 27
12 28
12 29
12 30
12 31
12 33
12 34
12 35
12 38
12 39
12 40
12 43
12 46
12 47
12 49
12 51
12 53
12 57
12 58
12 61
12 62
12 63
12 64
12 65
12 66
12 68
12 69
12 70
12 71
12 72
12 73
12 74
12 76
12 77
12 79
12 81
12 84
12 86
12 87
12 89
12 90
12 97
12 98
12 101
12 102
12 103
12 106
12 107
12 108
12 110
12 111
12 113
12 114
12 115
12 117
12 121
12 122
12 123
12 124
12 125
12 127
12 129
12 132
12 134
12 135
12 136
12 137
12 138
12 139
12 140
12 142
12 143
12 145
12 146
12 148
13 16
13 17
13 18
13 19
13 21
13 23
13 24
13 25
13 26
13 30
13 32
13 33
13 34
13 36
13 38
13 41
13 42
13 43
13 44
13 49
13 53
13 54
13 57
13 58
13 61
13 62
13 63
13 64
13 65
13 66
13 67
13 68
13 69
13 71
13 72
13 74
13 76
13 77
13 81
13 84
13 86
13 88
13 89
13 91
13 92
13 93
13 95
13 96
13 98
13 100
13 101
13 103
13 104
13 105
13 107
13 108
13 109
13 110
13 111
13 112
13 115
13 119
13 121
13 122
13 125
13 127
13 128
13 129
13 133
13 135
13 137
13 138
13 143
13 145
13 146
13 148
13 149
14 15
14 16
14 17
14 18
14 19
14 20
14 21
14 23
14 24
14 26
14 27
14 28
14 31
14 33
14 38
14 39
14 40
14 41
14 42
14 43
14 45
14 47
14 48
14 49
14 50
14 52
14 56
14 57
14 58
14 59
14 60
14 62
14 63
14 66
14 68
14 69
14 71
14 73
14 74
14 76
14 77
14 78
14 79
14 82
14 83
14 84
14 85
14 87
14 88
14 90
14 92
14 93
14 97
14 98
14 99
14 100
14 101
14 104
14 106
14 108
14 109
14 110
14 115
14 118
14 120
14 122
14 127
14 128
14 129
14 130
14 131
14 133
14 134
14 135
14 136
14 140
14 141
14 142
14 145
14 146
14 147
14 148
15 17
15 18
15 19
15 20
15 23
15 24
15 26
15 27
15 28
15 30
15 31
15 33
15 36
15 37
15 39
15 40
15 41
15 42
15 45
15 47
15 49
15 50
15 51
15 52
15 55
15 57
15 58
15 60
15 61
15 65
15 68
15 69
15 70
15 71
15 72
15 73
15 75
15 76
15 77
15 79
15 80
15 81
15 82
15 84
15 86
15 87
15 91
15 93
15 95
15 96
15 99
15 100
15 101
15 102
15 105
15 106
15 109
15 112
15 113
15 116
15 117
15 120
15 121
15 122
15 123
15 124
15 125
15 126
15 127
15 128
15 129
15 130
15 131
15 132
15 133
15 134
15 135
15 137
15 140
15 143
15 144
15 145
15 146
15 149
16 18
16 21
16 23
16 24
16 25
16 27
16 31
16 32
16 34
16 37
16 38
16 39
16 43
16 44
16 47
16 49
16 51
16 53
16 55
16 56
16 58
16 60
16 61
16 62
16 63
16 65
16 66
16 69
16 70
16 71
16 74
16 76
16 85
16 88
16 90
16 91
16 101
16 103
16 105
16 106
16 107
16 110
16 111
16 113
16 116
16 118
16 119
16 120
16 121
16 122
16 128
16 130
16 131
16 132
16 133
16 134
16 135
16 136
16 137
16 138
16 139
16 140
16 141
16 142
16 143
16 145
16 147
17 18
17 19
17 21
17 22
17 23
17 24
17 25
17 27
17 28
17 29
17 30
17 33
17 34
17 35
17 36
17 37
17 38
17 39
17 41
17 42
17 43
17 45
17 46
17 57
17 58
17 60
17 63
17 64
17 66
17 70
17 73
17 74
17 75
17 79
17 80
17 81
17 82
17 86
17 87
17 88
17 89
17 91
17 93
17 96
17 97
17 98
17 100
17 102
17 103
17 104
17 105
17 106
17 107
17 108
17 110
17 111
17 112
17 113
17 115
17 116
17 118
17 119
17 121
17 122
17 123
17 124
17 126
17 127
17 129
17 131
17 132
17 134
17 135
17 136
17 137
17 138
17 139
17 140
17 144
17 147
17 148
18 19
18 20
18 24
18 25
18 26
18 28
18 29
18 31
18 34
18 38
18 39
18 40
18 41
18 42
18 44
18 45
18 46
18 47
18 48
18 49
18 52
18 58
18 61
18 63
18 66
18 67
18 68
18 70
18 71
18 72
18 78
18 79
18 80
18 81
18 83
18 85
18 88
18 90
18 91
18 94
18 97
18 99
18 100
18 101
18 103
18 104
18 106
18 110
18 112
18 118
18 120
18 121
18 124
18 125
18 126
18 127
18 128
18 131
18 134
18 139
18 140
18 142
18 143
18 144
18 145
18 146
19 21
19 22
19 23
19 25
19 26
19 27
19 29
19 30
19 32
19 34
19 35
19 39
19 40
19 41
19 42
19 43
19 46
19 48
19 49
19 50
19 56
19 57
19 58
19 59
19 62
19 63
19 65
19 67
19 69
19 70
19 72
19 73
19 74
19 75
19 78
19 79
19 81
19 82
19 84
19 86
19 87
19 88
19 90
19 93
19 97
19 99
19 100
19 101
19 103
19 104
19 105
19 107
19 108
19 109
19 110
19 111
19 114
19 118
19 119
19 120
19 121
19 122
19 124
19 125
19 127
19 131
19 132
19 133
19 134
19 138
19 141
19 142
19 145
19 148
19 149
20 22
20 23
20 24
20 25
20 26
20 29
20 31
20 33
20 36
20 37
20 38
20 39
20 40
20 41
20 42
20 43
20 45
20 46
20 47
20 48
20 49
20 50
20 52
20 54
20 57
20 58
20 61
20 62
20 63
20 64
20 65
20 67
20 72
20 73
20 76
20 77
20 78
20 79
20 80
20 81
20 82
20 84
20 85
20 86
20 87
20 88
20 89
20 92
20 94
20 97
20 99
20 100
20 101
20 103
20 104
20 105
20 106
20 107
20 110
20 111
20 112
20 113
20 115
20 118
20 119
20 120
20 121
20 122
20 123
20 124
20 125
20 126
20 127
20 130
20 131
20 133
20 135
20 137
20 138
20 139
20 141
20 142
20 143
20 144
20 148
20 149
21 22
21 23
21 24
21 25
21 28
21 30
21 31
21 36
21 38
21 43
21 44
21 45
21 47
21 48
21 49
21 50
21 52
21 53
21 54
21 55
21 58
21 62
21 64
21 67
21 68
21 69
21 70
21 72
21 73
21 78
21 79
21 82
21 84
21 86
21 87
21 88
21 89
21 91
21 92
21 94
21 96
21 97
21 98
21 99
21 102
21 103
21 104
21 105
21 107
21 108
21 109
21 110
21 112
21 113
21 114
21 116
21 117
21 118
21 119
21 122
21 124
21 126
21 129
21 131
21 133
21 136
21 137
21 139
21 141
21 143
21 144
21 145
21 146
21 147
21 148
22 23
22 24
22 27
22 32
22 33
22 35
22 39
22 40
22 44
22 45
22 47
22 51
22 52
22 55
22 57
22 60
22 61
22 62
22 63
22 64
22 65
22 69
22 71
22 72
22 73
22 77
22 79
22 80
22 81
22 83
22 85
22 87
22 88
22 89
22 90
22 91
22 92
22 93
22 94
22 95
22 98
22 99
22 100
22 102
22 104
22 106
22 108
22 109
22 112
22 117
22 119
22 120
22 125
22 126
22 127
22 129
22 130
22 132
22 135
22 137
22 142
22 144
22 146
22 148
23 24
23 25
23 26
23 27
23 28
23 29
23 32
23 33
23 34
23 37
23 38
23 39
23 40
23 42
23 43
23 47
23 48
23 50
23 52
23 53
23 54
23 55
23 56
23 57
23 58
23 61
23 62
23 63
23 65
23 66
23 67
23 68
23 69
23 72
23 74
23 75
23 79
23 83
23 88
23 89
23 93
23 94
23 95
23 96
23 97
23 100
23 101
23 106
23 107
23 109
23 114
23 115
23 117
23 119
23 120
23 122
23 124
23 126
23 127
23 128
23 129
23 130
23 131
23 132
23 133
23 134
23 135
23 139
23 140
23 142
23 143
23 144
23 145
23 148
23 149
24 26
24 27
24 28
24 29
24 30
24 32
24 34
24 38
24 40
24 41
24 42
24 43
24 45
24 47
24 48
24 49
24 50
24 52
24 53
24 54
24 55
24 57
24 58
24 61
24 62
24 63
24 65
24 67
24 68
24 70
24 71
24 72
24 73
24 74
24 75
24 76
24 78
24 79
24 82
24 83
24 84
24 86
24 87
24 88
24 89
24 90
24 92
24 93
24 94
24 97
24 98
24 99
24 100
24 102
24 103
24 104
24 105
24 106
24 107
24 108
24 109
24 111
24 112
24 114
24 115
24 116
24 117
24 120
24 121
24 123
24 125
24 127
24 128
24 130
24 131
24 132
24 134
24 135
24 136
24 139
24 140
24 142
24 144
24 146
24 147
25 26
25 29
25 30
25 31
25 33
25 35
25 36
25 37
25 38
25 39
25 40
25 41
25 44
25 45
25 46
25 47
25 48
25 49
25 50
25 53
25 54
25 55
25 56
25 57
25 58
25 60
25 62
25 65
25 66
25 69
25 70
25 72
25 73
25 76
25 77
25 78
25 80
25 81
25 82
25 83
25 84
25 86
25 87
25 88
25 90
25 92
25 93
25 98
25 100
25 101
25 102
25 104
25 105
25 106
25 107
25 108
25 112
25 116
25 120
25 122
25 125
25 127
25 128
25 130
25 131
25 133
25 135
25 136
25 139
25 140
25 141
25 143
25 144
25 145
25 148
25 149
26 27
26 28
26 30
26 31
26 34
26 35
26 36
26 37
26 40
26 42
26 44
26 45
26 47
26 48
26 49
26 51
26 52
26 53
26 54
26 55
26 56
26 58
26 59
26 60
26 61
26 63
26 64
26 65
26 67
26 68
26 71
26 72
26 73
26 75
26 78
26 80
26 82
26 83
26 86
26 87
26 88
26 89
26 90
26 93
26 94
26 96
26 98
26 99
26 100
26 102
26 103
26 104
26 106
26 108
26 109
26 110
26 111
26 113
26 115
26 116
26 117
26 121
26 123
26 125
26 126
26 127
26 128
26 129
26 131
26 132
26 133
26 134
26 135
26 137
26 138
26 139
26 141
26 142
26 143
26 145
26 148
27 28
27 29
27 33
27 34
27 35
27 36
27 37
27 38
27 39
27 40
27 42
27 43
27 45
27 46
27 52
27 54
27 56
27 62
27 63
27 64
27 65
27 66
27 67
27 69
27 70
27 71
27 73
27 75
27 80
27 81
27 85
27 86
27 87
27 88
27 91
27 92
27 93
27 94
27 95
27 96
27 102
27 104
27 105
27 106
27 107
27 111
27 113
27 115
27 116
27 117
27 118
27 119
27 120
27 121
27 122
27 123
27 124
27 125
27 127
27 129
27 130
27 132
27 133
27 134
27 135
27 138
27 143
27 144
27 146
27 147
27 148
27 149
28 31
28 32
28 35
28 38
28 40
28 41
28 43
28 44
28 45
28 46
28 48
28 49
28 50
28 51
28 52
28 53
28 54
28 56
28 58
28 59
28 60
28 61
28 62
28 63
28 64
28 66
28 67
28 69
28 71
28 72
28 76
28 77
28 78
28 82
28 85
28 87
28 89
28 90
28 94
28 95
28 98
28 101
28 102
28 103
28 104
28 106
28 108
28 112
28 113
28 114
28 115
28 116
28 117
28 120
28 122
28 124
28 127
28 128
28 129
28 130
28 132
28 133
28 134
28 135
28 136
28 137
28 138
28 139
28 140
28 141
28 142
28 143
28 147
28 148
29 31
29 34
29 36
29 37
29 38
29 40
29 41
29 44
29 45
29 46
29 48
29 50
29 51
29 52
29 53
29 54
29 55
29 56
29 57
29 59
29 60
29 61
29 62
29 64
29 65
29 68
29 69
29 70
29 71
29 72
29 74
29 76
29 77
29 78
29 79
29 81
29 82
29 83
29 86
29 87
29 90
29 93
29 94
29 98
29 99
29 100
29 101
29 102
29 103
29 104
29 105
29 108
29 110
29 111
29 112
29 113
29 117
29 119
29 122
29 123
29 124
29 127
29 128
29 129
29 131
29 134
29 135
29 138
29 140
29 142
29 143
29 144
29 146
29 147
29 148
29 149
30 33
30 35
30 36
30 37
30 38
30 40
30 41
30 43
30 45
30 46
30 49
30 50
30 51
30 52
30 53
30 54
30 55
30 56
30 57
30 60
30 63
30 64
30 65
30 68
30 69
30 70
30 71
30 74
30 75
30 76
30 77
30 78
30 79
30 81
30 82
30 85
30 86
30 87
30 88
30 89
30 90
30 92
30 93
30 95
30 96
30 97
30 98
30 99
30 100
30 106
30 109
30 110
30 112
30 113
30 117
30 118
30 120
30 121
30 123
30 126
30 127
30 128
30 131
30 132
30 133
30 134
30 135
30 136
30 137
30 140
30 141
30 142
30 143
30 145
30 146
30 148
30 149
31 32
31 35
31 36
31 37
31 38
31 39
31 40
31 41
31 42
31 46
31 47
31 48
31 49
31 50
31 52
31 53
31 56
31 57
31 58
31 59
31 61
31 62
31 65
31 66
31 67
31 68
31 71
31 72
31 77
31 78
31 79
31 80
31 81
31 82
31 85
31 86
31 87
31 88
31 89
31 91
31 93
31 94
31 95
31 98
31 100
31 101
31 102
31 104
31 109
31 110
31 113
31 119
31 120
31 121
31 123
31 124
31 126
31 127
31 128
31 129
31 130
31 133
31 134
31 135
31 136
31 138
31 142
31 143
31 145
31 146
31 147
31 148
32 33
32 34
32 36
32 37
32 38
32 42
32 43
32 45
32 46
32 47
32 48
32 52
32 53
32 54
32 55
32 57
32 60
32 62
32 63
32 65
32 66
32 67
32 68
32 69
32 70
32 71
32 73
32 76
32 77
32 78
32 81
32 82
32 83
32 84
32 85
32 86
32 87
32 88
32 90
32 91
32 92
32 95
32 97
32 101
32 102
32 104
32 106
32 107
32 108
32 109
32 110
32 113
32 114
32 115
32 116
32 122
32 125
32 127
32 128
32 129
32 130
32 131
32 132
32 134
32 136
32 137
32 138
32 139
32 141
32 142
32 143
32 144
32 146
32 147
32 149
33 34
33 37
33 38
33 39
33 41
33 42
33 43
33 44
33 46
33 47
33 58
33 60
33 61
33 64
33 67
33 68
33 69
33 70
33 71
33 73
33 74
33 79
33 81
33 82
33 83
33 85
33 87
33 88
33 90
33 91
33 92
33 93
33 96
33 97
33 99
33 102
33 103
33 104
33 105
33 110
33 112
33 116
33 118
33 120
33 122
33 123
33 124
33 125
33 126
33 127
33 130
33 133
33 135
33 146
33 147
34 35
34 36
34 37
34 38
34 40
34 41
34 42
34 44
34 48
34 49
34 50
34 52
34 55
34 57
34 58
34 61
34 63
34 65
34 66
34 68
34 70
34 71
34 75
34 76
34 77
34 79
34 80
34 81
34 87
34 89
34 91
34 92
34 95
34 97
34 98
34 99
34 100
34 102
34 104
34 105
34 106
34 107
34 108
34 109
34 110
34 112
34 114
34 115
34 117
34 118
34 119
34 120
34 122
34 126
34 127
34 128
34 129
34 130
34 131
34 133
34 134
34 136
34 137
34 139
34 142
34 143
34 145
34 147
34 149
35 37
35 38
35 40
35 41
35 43
35 45
35 46
35 48
35 50
35 52
35 60
35 61
35 62
35 63
35 65
35 66
35 67
35 68
35 72
35 73
35 74
35 75
35 76
35 77
35 80
35 81
35 82
35 83
35 87
35 90
35 91
35 93
35 95
35 96
35 97
35 98
35 102
35 103
35 104
35 108
35 109
35 110
35 112
35 113
35 114
35 115
35 116
35 117
35 119
35 121
35 122
35 123
35 124
35 127
35 128
35 129
35 130
35 133
35 134
35 135
35 137
35 138
35 140
35 141
35 143
35 145
35 147
35 149
36 37
36 38
36 41
36 45
36 46
36 49
36 50
36 53
36 54
36 57
36 59
36 60
36 61
36 62
36 65
36 66
36 69
36 71
36 72
36 73
36 77
36 79
36 81
36 82
36 83
36 85
36 86
36 87
36 89
36 92
36 93
36 94
36 98
36 100
36 101
36 103
36 106
36 107
36 108
36 110
36 111
36 112
36 113
36 116
36 119
36 120
36 121
36 125
36 126
36 127
36 128
36 130
36 131
36 134
36 135
36 136
36 137
36 138
36 139
36 140
36 141
36 144
37 39
37 40
37 41
37 43
37 45
37 46
37 47
37 48
37 50
37 51
37 52
37 53
37 54
37 55
37 57
37 58
37 60
37 62
37 64
37 72
37 73
37 75
37 76
37 78
37 80
37 86
37 88
37 89
37 91
37 92
37 93
37 94
37 96
37 97
37 98
37 99
37 100
37 103
37 104
37 105
37 106
37 111
37 112
37 113
37 118
37 119
37 123
37 124
37 126
37 127
37 128
37 129
37 131
37 133
37 134
37 135
37 138
37 139
37 141
37 142
37 145
37 146
38 39
38 40
38 42
38 46
38 48
38 51
38 53
38 54
38 55
38 57
38 58
38 61
38 62
38 63
38 68
38 75
38 77
38 79
38 81
38 87
38 92
38 95
38 96
38 97
38 98
38 99
38 100
38 101
38 103
38 105
38 107
38 109
38 111
38 112
38 113
38 114
38 115
38 118
38 119
38 120
38 121
38 122
38 124
38 125
38 127
38 129
38 130
38 131
38 132
38 133
38 134
38 135
38 136
38 138
38 139
38 142
38 143
38 144
38 145
38 146
39 41
39 42
39 43
39 47
39 48
39 49
39 50
39 51
39 53
39 54
39 58
39 60
39 61
39 63
39 64
39 66
39 68
39 69
39 70
39 72
39 73
39 75
39 76
39 77
39 78
39 79
39 80
39 81
39 82
39 83
39 85
39 86
39 89
39 91
39 93
39 94
39 95
39 97
39 100
39 101
39 103
39 104
39 107
39 108
39 111
39 113
39 115
39 116
39 117
39 119
39 120
39 121
39 122
39 123
39 124
39 126
39 127
39 128
39 131
39 134
39 138
39 139
39 140
39 142
39 144
39 145
39 146
39 147
39 148
39 149
40 42
40 44
40 45
40 47
40 48
40 50
40 51
40 52
40 53
40 54
40 55
40 56
40 57
40 58
40 59
40 62
40 64
40 65
40 67
40 68
40 69
40 70
40 71
40 72
40 73
40 76
40 79
40 81
40 83
40 85
40 87
40 88
40 89
40 90
40 92
40 93
40 94
40 97
40 98
40 99
40 100
40 101
40 102
40 103
40 107
40 111
40 114
40 115
40 116
40 117
40 118
40 120
40 123
40 124
40 126
40 127
40 128
40 130
40 131
40 132
40 134
40 135
40 136
40 137
40 139
40 140
40 145
40 146
40 147
40 149
41 43
41 44
41 45
41 46
41 47
41 48
41 49
41 50
41 51
41 52
41 54
41 59
41 60
41 61
41 63
41 64
41 65
41 70
41 71
41 72
41 73
41 74
41 75
41 76
41 77
41 79
41 80
41 82
41 87
41 91
41 92
41 93
41 95
41 97
41 99
41 100
41 101
41 103
41 105
41 106
41 107
41 109
41 110
41 112
41 113
41 114
41 115
41 116
41 118
41 119
41 120
41 124
41 125
41 126
41 129
41 130
41 131
41 132
41 133
41 134
41 137
41 138
41 139
41 140
41 142
41 144
41 145
41 146
42 45
42 46
42 47
42 48
42 50
42 51
42 53
42 54
42 55
42 56
42 57
42 58
42 60
42 63
42 64
42 65
42 66
42 67
42 72
42 75
42 76
42 78
42 79
42 81
42 82
42 86
42 89
42 90
42 91
42 92
42 94
42 96
42 99
42 100
42 102
42 103
42 104
42 105
42 106
42 107
42 111
42 112
42 115
42 117
42 118
42 119
42 121
42 127
42 130
42 132
42 134
42 136
42 138
42 139
42 143
42 144
42 145
42 146
42 148
42 149
43 44
43 46
43 51
43 52
43 55
43 56
43 59
43 61
43 63
43 64
43 65
43 67
43 68
43 70
43 77
43 78
43 80
43 81
43 82
43 84
43 85
43 86
43 87
43 89
43 93
43 94
43 95
43 97
43 98
43 99
43 101
43 102
43 103
43 104
43 106
43 108
43 109
43 110
43 112
43 114
43 116
43 117
43 118
43 119
43 120
43 121
43 122
43 124
43 125
43 126
43 127
43 128
43 131
43 136
43 137
43 138
43 139
43 141
43 142
43 144
43 146
43 148
44 45
44 46
44 47
44 48
44 50
44 51
44 54
44 57
44 58
44 62
44 63
44 65
44 70
44 71
44 72
44 73
44 74
44 76
44 81
44 83
44 85
44 87
44 88
44 89
44 91
44 92
44 93
44 94
44 95
44 98
44 99
44 101
44 102
44 106
44 107
44 108
44 109
44 111
44 112
44 113
44 115
44 116
44 117
44 118
44 121
44 124
44 125
44 126
44 131
44 132
44 133
44 134
44 135
44 136
44 138
44 139
44 140
44 142
44 144
44 145
44 146
44 148
45 46
45 48
45 49
45 50
45 51
45 52
45 53
45 56
45 57
45 58
45 59
45 60
45 61
45 63
45 64
45 69
45 70
45 71
45 74
45 76
45 78
45 80
45 81
45 82
45 85
45 89
45 90
45 92
45 93
45 95
45 96
45 98
45 100
45 101
45 102
45 104
45 106
45 108
45 112
45 113
45 114
45 117
45 118
45 120
45 121
45 123
45 124
45 126
45 128
45 130
45 131
45 132
45 135
45 138
45 140
45 141
45 142
45 143
45 147
45 149
46 47
46 49
46 51
46 52
46 53
46 54
46 55
46 56
46 57
46 58
46 60
46 64
46 66
46 67
46 71
46 72
46 74
46 75
46 76
46 77
46 78
46 79
46 80
46 81
46 82
46 84
46 85
46 87
46 96
46 97
46 98
46 99
46 100
46 101
46 103
46 104
46 105
46 106
46 109
46 111
46 112
46 116
46 117
46 120
46 121
46 123
46 125
46 126
46 127
46 128
46 129
46 134
46 135
46 136
46 139
46 141
46 142
46 143
46 145
46 148
47 48
47 50
47 51
47 52
47 54
47 57
47 59
47 61
47 62
47 64
47 66
47 68
47 73
47 74
47 75
47 76
47 80
47 81
47 83
47 86
47 88
47 89
47 90
47 91
47 93
47 94
47 96
47 97
47 101
47 102
47 103
47 105
47 107
47 109
47 112
47 114
47 115
47 116
47 117
47 118
47 119
47 120
47 122
47 123
47 128
47 129
47 130
47 132
47 133
47 134
47 135
47 137
47 140
47 141
47 143
47 144
47 146
47 149
48 50
48 51
48 52
48 53
48 54
48 55
48 56
48 58
48 60
48 62
48 63
48 64
48 65
48 66
48 68
48 69
48 70
48 71
48 72
48 73
48 75
48 79
48 81
48 82
48 83
48 85
48 90
48 93
48 94
48 95
48 96
48 100
48 101
48 102
48 104
48 105
48 108
48 109
48 110
48 112
48 114
48 116
48 118
48 119
48 122
48 123
48 126
48 127
48 130
48 131
48 132
48 133
48 135
48 137
48 140
48 141
48 145
48 147
48 149
49 50
49 52
49 53
49 55
49 56
49 58
49 59
49 61
49 62
49 63
49 65
49 66
49 67
49 68
49 70
49 73
49 74
49 76
49 77
49 79
49 80
49 83
49 86
49 87
49 88
49 89
49 90
49 94
49 95
49 96
49 97
49 98
49 100
49 101
49 102
49 103
49 105
49 107
49 108
49 109
49 111
49 112
49 113
49 114
49 115
49 116
49 118
49 119
49 120
49 121
49 123
49 126
49 127
49 128
49 130
49 132
49 133
49 134
49 137
49 138
49 139
49 140
49 141
49 142
49 144
49 145
49 146
49 147
49 149
50 52
50 55
50 56
50 57
50 58
50 60
50 61
50 62
50 63
50 69
50 70
50 72
50 76
50 80
50 82
50 83
50 85
50 88
50 89
50 91
50 92
50 94
50 95
50 96
50 97
50 98
50 102
50 103
50 104
50 105
50 106
50 109
50 110
50 112
50 115
50 116
50 119
50 121
50 122
50 123
50 124
50 125
50 126
50 128
50 129
50 130
50 131
50 134
50 135
50 137
50 138
50 140
50 141
50 144
50 145
50 147
51 53
51 55
51 58
51 61
51 64
51 69
51 72
51 74
51 75
51 77
51 80
51 83
51 84
51 87
51 89
51 91
51 92
51 93
51 95
51 96
51 97
51 99
51 100
51 101
51 102
51 104
51 106
51 107
51 108
51 110
51 111
51 112
51 113
51 115
51 116
51 117
51 119
51 120
51 122
51 124
51 126
51 131
51 132
51 133
51 134
51 136
51 138
51 140
51 141
51 143
51 146
51 148
52 53
52 55
52 56
52 59
52 61
52 62
52 63
52 64
52 65
52 66
52 67
52 68
52 69
52 73
52 74
52 76
52 78
52 79
52 81
52 83
52 85
52 86
52 89
52 90
52 91
52 93
52 94
52 98
52 99
52 100
52 102
52 107
52 109
52 110
52 111
52 112
52 114
52 115
52 116
52 117
52 118
52 120
52 121
52 123
52 125
52 126
52 129
52 130
52 132
52 133
52 134
52 136
52 137
52 139
52 140
52 141
52 145
53 57
53 58
53 59
53 62
53 63
53 66
53 68
53 71
53 72
53 73
53 74
53 75
53 78
53 79
53 80
53 81
53 83
53 84
53 85
53 86
53 87
53 88
53 91
53 92
53 93
53 94
53 95
53 97
53 98
53 99
53 100
53 102
53 103
53 106
53 108
53 110
53 111
53 112
53 113
53 118
53 119
53 121
53 125
53 127
53 128
53 129
53 130
53 132
53 133
53 134
53 136
53 137
53 138
53 139
53 141
53 142
53 144
53 145
53 146
53 147
53 148
54 56
54 57
54 58
54 60
54 61
54 63
54 64
54 66
54 67
54 68
54 71
54 72
54 73
54 76
54 77
54 79
54 81
54 87
54 89
54 90
54 91
54 93
54 94
54 95
54 96
54 97
54 99
54 100
54 101
54 104
54 106
54 107
54 108
54 109
54 111
54 113
54 114
54 116
54 118
54 119
54 120
54 121
54 123
54 126
54 127
54 129
54 131
54 137
54 138
54 140
54 143
54 145
54 146
54 148
54 149
55 56
55 58
55 59
55 61
55 62
55 63
55 64
55 66
55 70
55 71
55 72
55 73
55 76
55 78
55 79
55 82
55 83
55 85
55 86
55 87
55 89
55 92
55 94
55 95
55 97
55 99
55 100
55 103
55 104
55 105
55 107
55 109
55 112
55 113
55 114
55 115
55 117
55 118
55 120
55 122
55 123
55 125
55 127
55 128
55 130
55 134
55 135
55 137
55 138
55 140
55 143
55 145
55 146
55 147
55 149
56 59
56 61
56 62
56 64
56 66
56 67
56 68
56 69
56 70
56 71
56 73
56 75
56 76
56 77
56 79
56 81
56 83
56 84
56 86
56 87
56 88
56 89
56 90
56 94
56 96
56 98
56 99
56 102
56 103
56 104
56 105
56 107
56 110
56 113
56 114
56 115
56 117
56 119
56 123
56 124
56 125
56 126
56 127
56 131
56 133
56 135
56 136
56 137
56 138
56 139
56 140
56 142
56 144
56 145
56 146
57 59
57 60
57 61
57 62
57 64
57 65
57 66
57 69
57 73
57 74
57 77
57 78
57 79
57 80
57 81
57 82
57 85
57 86
57 88
57 89
57 90
57 92
57 95
57 101
57 102
57 103
57 105
57 109
57 111
57 113
57 114
57 117
57 118
57 119
57 121
57 123
57 124
57 127
57 129
57 132
57 134
57 135
57 136
57 138
57 141
57 143
57 146
57 147
57 148
57 149
58 59
58 61
58 63
58 64
58 66
58 67
58 69
58 70
58 71
58 73
58 74
58 76
58 77
58 79
58 82
58 83
58 85
58 86
58 87
58 88
58 90
58 91
58 92
58 93
58 94
58 95
58 98
58 99
58 101
58 106
58 109
58 110
58 111
58 113
58 114
58 115
58 117
58 119
58 120
58 122
58 123
58 125
58 132
58 133
58 135
58 138
58 139
58 140
58 141
58 145
58 146
58 148
59 60
59 64
59 66
59 67
59 69
59 70
59 71
59 72
59 73
59 75
59 76
59 77
59 78
59 79
59 81
59 82
59 83
59 85
59 86
59 87
59 88
59 89
59 90
59 91
59 95
59 98
59 99
59 100
59 101
59 102
59 105
59 107
59 108
59 109
59 110
59 111
59 112
59 113
59 114
59 115
59 117
59 121
59 122
59 124
59 129
59 131
59 132
59 134
59 135
59 136
59 137
59 138
59 139
59 140
59 141
59 142
59 143
59 144
59 146
59 148
59 149
60 63
60 65
60 66
60 67
60 68
60 71
60 72
60 73
60 74
60 75
60 76
60 78
60 81
60 82
60 84
60 85
60 86
60 87
60 89
60 90
60 92
60 94
60 95
60 96
60 97
60 99
60 101
60 102
60 108
60 109
60 111
60 112
60 114
60 115
60 116
60 117
60 118
60 120
60 121
60 122
60 125
60 126
60 128
60 129
60 133
60 134
60 138
60 139
60 140
60 141
60 143
60 144
60 146
60 147
60 148
61 62
61 63
61 64
61 66
61 71
61 72
61 73
61 74
61 75
61 78
61 80
61 83
61 84
61 86
61 87
61 88
61 89
61 90
61 91
61 93
61 94
61 95
61 96
61 98
61 100
61 101
61 102
61 104
61 107
61 108
61 109
61 110
61 112
61 113
61 114
61 115
61 116
61 117
61 118
61 120
61 121
61 122
61 124
61 127
61 128
61 131
61 132
61 134
61 138
61 140
61 141
61 143
61 144
61 145
61 146
61 147
61 148
61 149
62 64
62 65
62 67
62 68
62 69
62 70
62 71
62 74
62 77
62 78
62 79
62 80
62 81
62 82
62 83
62 85
62 87
62 88
62 90
62 94
62 95
62 96
62 97
62 100
62 101
62 104
62 105
62 107
62 109
62 110
62 113
62 114
62 115
62 116
62 117
62 120
62 121
62 122
62 123
62 124
62 126
62 128
62 130
62 131
62 132
62 133
62 136
62 137
62 138
62 140
62 141
62 142
62 143
62 144
62 145
62 147
62 149
63 66
63 69
63 71
63 73
63 74
63 75
63 76
63 78
63 80
63 83
63 85
63 87
63 88
63 92
63 98
63 99
63 101
63 102
63 103
63 105
63 108
63 109
63 110
63 112
63 113
63 115
63 116
63 117
63 119
63 122
63 124
63 127
63 128
63 129
63 133
63 135
63 137
63 138
63 140
63 143
63 144
63 146
63 148
63 149
64 66
64 68
64 69
64 71
64 72
64 73
64 74
64 75
64 78
64 79
64 81
64 82
64 83
64 84
64 87
64 90
64 94
64 95
64 98
64 101
64 102
64 103
64 104
64 105
64 108
64 109
64 112
64 113
64 114
64 115
64 116
64 120
64 121
64 122
64 123
64 124
64 129
64 131
64 134
64 135
64 137
64 139
64 140
64 141
64 145
64 146
64 147
64 148
64 149
65 66
65 67
65 69
65 70
65 71
65 73
65 77
65 78
65 79
65 80
65 82
65 84
65 85
65 90
65 93
65 94
65 95
65 96
65 98
65 102
65 104
65 108
65 109
65 110
65 112
65 116
65 118
65 119
65 121
65 122
65 126
65 127
65 130
65 132
65 133
65 134
65 137
65 139
65 140
65 142
65 143
65 145
65 146
65 148
65 149
66 68
66 71
66 73
66 74
66 75
66 76
66 78
66 79
66 80
66 82
66 84
66 86
66 88
66 89
66 91
66 92
66 96
66 98
66 99
66 100
66 101
66 102
66 104
66 108
66 109
66 113
66 115
66 116
66 119
66 121
66 122
66 123
66 124
66 128
66 130
66 132
66 134
66 135
66 136
66 140
66 143
66 144
66 145
66 148
67 68
67 73
67 74
67 75
67 77
67 79
67 81
67 82
67 84
67 85
67 86
67 87
67 88
67 89
67 90
67 92
67 93
67 94
67 95
67 97
67 98
67 99
67 100
67 102
67 103
67 106
67 107
67 108
67 109
67 110
67 111
67 113
67 115
67 116
67 118
67 120
67 122
67 124
67 125
67 126
67 128
67 129
67 131
67 132
67 137
67 141
67 144
67 147
67 148
68 69
68 70
68 71
68 72
68 74
68 76
68 79
68 80
68 81
68 82
68 83
68 85
68 88
68 89
68 90
68 91
68 92
68 94
68 96
68 97
68 99
68 103
68 104
68 105
68 106
68 107
68 108
68 110
68 111
68 112
68 113
68 117
68 118
68 119
68 120
68 122
68 123
68 125
68 128
68 129
68 130
68 133
68 134
68 135
68 136
68 138
68 140
68 143
68 144
68 145
68 146
68 147
68 149
69 72
69 73
69 75
69 78
69 80
69 81
69 82
69 83
69 85
69 87
69 89
69 91
69 92
69 93
69 95
69 96
69 97
69 99
69 100
69 102
69 103
69 104
69 105
69 106
69 107
69 108
69 109
69 111
69 112
69 116
69 117
69 118
69 120
69 121
69 123
69 124
69 125
69 127
69 129
69 130
69 131
69 132
69 134
69 135
69 136
69 137
69 144
69 145
69 147
69 149
70 72
70 73
70 74
70 75
70 77
70 79
70 80
70 81
70 82
70 83
70 85
70 86
70 87
70 88
70 89
70 90
70 91
70 92
70 93
70 94
70 98
70 99
70 102
70 103
70 106
70 107
70 110
70 111
70 112
70 113
70 117
70 118
70 119
70 120
70 121
70 122
70 123
70 124
70 125
70 127
70 129
70 131
70 132
70 135
70 136
70 138
70 142
70 144
70 145
70 149
71 72
71 73
71 75
71 76
71 77
71 79
71 81
71 82
71 83
71 85
71 90
71 92
71 95
71 96
71 97
71 98
71 100
71 102
71 104
71 106
71 110
71 112
71 113
71 114
71 116
71 118
71 119
71 120
71 122
71 123
71 124
71 125
71 126
71 127
71 129
71 130
71 133
71 134
71 135
71 136
71 140
71 141
71 142
71 144
71 147
71 148
72 73
72 74
72 75
72 78
72 80
72 81
72 82
72 85
72 86
72 89
72 90
72 91
72 93
72 94
72 95
72 96
72 98
72 100
72 102
72 104
72 105
72 106
72 107
72 108
72 110
72 114
72 115
72 120
72 121
72 123
72 124
72 128
72 129
72 131
72 132
72 133
72 134
72 135
72 136
72 139
72 141
72 142
72 143
72 144
72 145
72 146
72 149
73 76
73 79
73 81
73 86
73 90
73 94
73 95
73 97
73 100
73 101
73 106
73 107
73 109
73 110
73 111
73 112
73 113
73 115
73 116
73 117
73 119
73 122
73 123
73 124
73 125
73 126
73 127
73 128
73 129
73 130
73 131
73 132
73 133
73 135
73 140
73 141
73 144
73 145
73 149
74 75
74 77
74 78
74 79
74 81
74 83
74 84
74 85
74 86
74 87
74 89
74 91
74 92
74 93
74 94
74 97
74 98
74 99
74 101
74 102
74 103
74 104
74 105
74 106
74 107
74 108
74 110
74 111
74 113
74 114
74 115
74 116
74 117
74 118
74 119
74 121
74 123
74 124
74 126
74 127
74 128
74 131
74 132
74 134
74 137
74 138
74 139
74 140
74 142
74 144
74 145
74 146
74 147
74 149
75 76
75 78
75 79
75 80
75 81
75 84
75 87
75 90
75 91
75 92
75 95
75 96
75 99
75 102
75 103
75 104
75 105
75 109
75 113
75 114
75 116
75 117
75 120
75 124
75 125
75 126
75 127
75 129
75 130
75 134
75 135
75 136
75 137
75 138
75 139
75 141
75 143
75 144
75 145
75 146
75 147
75 148
75 149
76 77
76 78
76 79
76 80
76 81
76 82
76 84
76 86
76 87
76 88
76 89
76 92
76 94
76 95
76 96
76 97
76 101
76 102
76 103
76 105
76 107
76 108
76 109
76 113
76 116
76 117
76 119
76 120
76 121
76 123
76 125
76 126
76 127
76 128
76 129
76 130
76 132
76 133
76 134
76 136
76 137
76 139
76 140
76 142
76 144
76 146
76 147
76 148
76 149
77 78
77 80
77 83
77 91
77 92
77 94
77 98
77 100
77 101
77 102
77 103
77 104
77 108
77 109
77 112
77 115
77 117
77 119
77 120
77 123
77 125
77 126
77 128
77 130
77 131
77 132
77 134
77 136
77 138
77 139
77 140
77 142
77 143
77 144
77 146
77 147
77 148
77 149
78 81
78 83
78 84
78 86
78 87
78 88
78 89
78 90
78 94
78 97
78 98
78 99
78 100
78 102
78 103
78 104
78 106
78 107
78 111
78 112
78 114
78 116
78 117
78 119
78 120
78 121
78 122
78 123
78 126
78 127
78 128
78 129
78 131
78 133
78 134
78 135
78 136
78 137
78 140
78 143
78 144
78 145
78 146
78 148
78 149
79 80
79 81
79 84
79 85
79 86
79 89
79 90
79 92
79 93
79 96
79 98
79 101
79 102
79 103
79 104
79 105
79 106
79 107
79 108
79 110
79 112
79 113
79 114
79 117
79 118
79 119
79 120
79 122
79 124
79 126
79 127
79 128
79 129
79 130
79 132
79 133
79 134
79 136
79 137
79 138
79 141
79 143
79 145
79 148
80 81
80 82
80 83
80 84
80 85
80 86
80 87
80 89
80 91
80 92
80 95
80 96
80 100
80 102
80 103
80 105
80 107
80 108
80 111
80 112
80 114
80 115
80 116
80 117
80 119
80 120
80 124
80 129
80 130
80 131
80 132
80 136
80 137
80 138
80 140
80 142
80 143
80 144
80 146
80 147
80 148
80 149
81 85
81 86
81 87
81 88
81 89
81 91
81 93
81 94
81 95
81 96
81 98
81 101
81 103
81 104
81 105
81 106
81 107
81 109
81 111
81 113
81 114
81 115
81 116
81 117
81 118
81 121
81 122
81 123
81 124
81 125
81 128
81 129
81 130
81 131
81 132
81 135
81 136
81 137
81 139
81 141
81 142
81 143
81 144
81 148
81 149
82 83
82 85
82 86
82 88
82 89
82 93
82 94
82 98
82 100
82 101
82 102
82 103
82 104
82 106
82 108
82 110
82 111
82 112
82 114
82 118
82 119
82 120
82 121
82 123
82 124
82 125
82 126
82 128
82 129
82 131
82 132
82 133
82 135
82 136
82 139
82 143
82 144
82 145
82 146
82 149
83 84
83 85
83 87
83 88
83 89
83 92
83 93
83 96
83 97
83 98
83 100
83 102
83 103
83 104
83 105
83 108
83 109
83 110
83 111
83 112
83 116
83 119
83 121
83 122
83 123
83 124
83 125
83 126
83 127
83 128
83 129
83 130
83 131
83 132
83 133
83 134
83 137
83 138
83 139
83 145
83 146
83 147
84 86
84 88
84 89
84 91
84 93
84 98
84 100
84 101
84 102
84 103
84 104
84 105
84 106
84 107
84 109
84 110
84 112
84 114
84 115
84 116
84 118
84 119
84 121
84 122
84 123
84 124
84 125
84 126
84 129
84 130
84 131
84 133
84 134
84 136
84 139
84 140
84 146
84 149
85 87
85 88
85 89
85 90
85 91
85 92
85 93
85 94
85 95
85 96
85 97
85 98
85 99
85 101
85 102
85 103
85 104
85 105
85 106
85 109
85 110
85 111
85 114
85 117
85 118
85 120
85 121
85 124
85 125
85 126
85 128
85 129
85 132
85 133
85 135
85 136
85 140
85 141
85 142
85 146
85 147
85 149
86 88
86 89
86 92
86 93
86 94
86 95
86 96
86 98
86 100
86 101
86 102
86 103
86 104
86 106
86 107
86 109
86 110
86 111
86 112
86 113
86 114
86 115
86 118
86 119
86 120
86 122
86 123
86 126
86 127
86 128
86 130
86 135
86 136
86 141
86 142
86 143
86 144
86 145
86 149
87 88
87 89
87 91
87 92
87 93
87 94
87 96
87 97
87 98
87 99
87 101
87 102
87 104
87 107
87 108
87 110
87 111
87 113
87 115
87 117
87 118
87 119
87 121
87 122
87 124
87 125
87 126
87 127
87 128
87 129
87 130
87 132
87 133
87 134
87 136
87 137
87 138
87 139
87 140
87 141
87 143
87 145
87 147
88 90
88 91
88 92
88 94
88 96
88 98
88 100
88 101
88 102
88 103
88 105
88 107
88 111
88 112
88 115
88 116
88 117
88 118
88 119
88 120
88 121
88 125
88 126
88 127
88 129
88 132
88 134
88 135
88 138
88 139
88 140
88 141
88 144
88 145
88 146
88 147
88 148
88 149
89 90
89 91
89 92
89 93
89 98
89 99
89 100
89 101
89 102
89 104
89 105
89 107
89 108
89 109
89 110
89 112
89 116
89 117
89 118
89 119
89 120
89 121
89 122
89 126
89 128
89 129
89 131
89 132
89 133
89 134
89 137
89 140
89 141
89 143
89 146
89 147
90 92
90 95
90 96
90 97
90 98
90 104
90 105
90 106
90 107
90 108
90 109
90 111
90 112
90 114
90 116
90 117
90 118
90 120
90 123
90 124
90 125
90 126
90 128
90 129
90 130
90 132
90 134
90 135
90 137
90 140
90 142
90 147
90 149
91 92
91 93
91 94
91 95
91 96
91 98
91 100
91 103
91 107
91 108
91 110
91 113
91 114
91 116
91 119
91 120
91 121
91 122
91 126
91 130
91 131
91 133
91 134
91 137
91 139
91 140
91 141
91 143
91 144
91 146
91 147
91 148
91 149
92 93
92 94
92 96
92 98
92 99
92 101
92 103
92 108
92 109
92 110
92 111
92 112
92 113
92 115
92 116
92 117
92 118
92 119
92 120
92 121
92 124
92 126
92 127
92 128
92 129
92 130
92 131
92 133
92 134
92 135
92 136
92 137
92 138
92 139
92 142
92 143
92 144
92 145
93 94
93 97
93 98
93 99
93 101
93 102
93 103
93 107
93 115
93 117
93 118
93 121
93 122
93 123
93 124
93 125
93 126
93 128
93 129
93 131
93 132
93 133
93 135
93 136
93 138
93 139
93 140
93 142
93 144
93 145
93 147
94 96
94 97
94 98
94 99
94 101
94 102
94 103
94 105
94 106
94 109
94 111
94 112
94 113
94 114
94 115
94 118
94 120
94 122
94 124
94 128
94 129
94 130
94 133
94 134
94 135
94 136
94 138
94 139
94 140
94 144
94 145
94 146
94 147
94 149
95 96
95 97
95 99
95 103
95 104
95 105
95 106
95 108
95 110
95 112
95 114
95 115
95 116
95 121
95 123
95 125
95 126
95 127
95 129
95 131
95 132
95 133
95 135
95 137
95 138
95 140
95 141
95 142
95 143
95 144
95 145
95 147
95 149
96 98
96 99
96 100
96 103
96 107
96 110
96 113
96 114
96 115
96 117
96 119
96 122
96 123
96 124
96 125
96 126
96 128
96 129
96 130
96 131
96 132
96 134
96 135
96 137
96 140
96 141
96 143
96 144
96 145
96 147
96 148
96 149
97 99
97 100
97 101
97 102
97 103
97 104
97 106
97 108
97 110
97 111
97 112
97 113
97 114
97 115
97 118
97 119
97 120
97 121
97 122
97 125
97 126
97 127
97 128
97 132
97 133
97 134
97 135
97 137
97 138
97 141
97 144
97 145
97 146
98 100
98 102
98 103
98 104
98 105
98 108
98 111
98 112
98 114
98 116
98 117
98 118
98 120
98 121
98 122
98 123
98 124
98 126
98 128
98 129
98 131
98 134
98 138
98 139
98 140
98 141
98 143
98 145
98 147
98 149
99 103
99 105
99 108
99 109
99 110
99 111
99 112
99 113
99 114
99 115
99 116
99 117
99 118
99 119
99 120
99 122
99 123
99 125
99 129
99 130
99 132
99 134
99 135
99 138
99 140
99 142
99 143
99 144
99 145
99 146
99 148
100 101
100 104
100 105
100 106
100 107
100 108
100 113
100 114
100 116
100 117
100 118
100 120
100 124
100 126
100 127
100 128
100 131
100 133
100 135
100 136
100 139
100 140
100 141
100 142
100 145
100 146
100 148
100 149
101 102
101 104
101 105
101 107
101 108
101 109
101 110
101 111
101 112
101 116
101 117
101 120
101 121
101 122
101 125
101 126
101 127
101 129
101 130
101 132
101 135
101 137
101 138
101 140
101 141
101 142
101 144
101 146
101 148
102 104
102 106
102 110
102 111
102 112
102 116
102 117
102 120
102 122
102 123
102 124
102 126
102 128
102 129
102 130
102 133
102 134
102 135
102 137
102 139
102 140
102 142
102 145
102 146
102 147
103 104
103 107
103 108
103 109
103 110
103 111
103 113
103 114
103 116
103 117
103 120
103 122
103 123
103 124
103 128
103 129
103 130
103 131
103 132
103 134
103 137
103 138
103 139
103 140
103 145
103 146
103 147
103 148
103 149
104 106
104 107
104 108
104 113
104 115
104 116
104 118
104 119
104 120
104 123
104 124
104 126
104 128
104 130
104 132
104 136
104 137
104 138
104 140
104 142
104 143
104 147
104 148
105 107
105 109
105 110
105 111
105 113
105 114
105 115
105 116
105 117
105 118
105 121
105 124
105 125
105 128
105 131
105 134
105 135
105 137
105 138
105 139
105 140
105 141
105 142
105 143
105 145
105 146
105 147
105 149
106 109
106 112
106 113
106 114
106 115
106 116
106 118
106 119
106 120
106 124
106 125
106 126
106 128
106 129
106 130
106 131
106 132
106 133
106 134
106 135
106 137
106 141
106 142
106 143
106 145
106 146
106 147
106 148
106 149
107 109
107 111
107 112
107 114
107 115
107 117
107 118
107 121
107 124
107 126
107 129
107 130
107 131
107 134
107 138
107 139
107 142
107 143
107 144
107 145
107 146
107 147
107 148
107 149
108 109
108 110
108 113
108 114
108 115
108 116
108 117
108 118
108 122
108 124
108 126
108 127
108 128
108 130
108 132
108 133
108 134
108 135
108 137
108 138
108 139
108 140
108 141
108 142
108 144
108 146
108 148
108 149
109 111
109 112
109 113
109 115
109 116
109 120
109 123
109 125
109 126
109 127
109 128
109 129
109 132
109 136
109 137
109 138
109 139
109 143
109 144
109 145
109 146
109 148
110 113
110 116
110 117
110 118
110 120
110 121
110 123
110 124
110 126
110 127
110 129
110 130
110 131
110 136
110 137
110 138
110 139
110 140
110 141
110 142
110 143
110 144
110 146
110 148
110 149
111 112
111 113
111 115
111 116
111 118
111 123
111 124
111 128
111 129
111 132
111 133
111 135
111 137
111 138
111 139
111 140
111 144
111 145
111 146
111 148
111 149
112 113
112 117
112 118
112 119
112 120
112 122
112 123
112 125
112 128
112 131
112 133
112 134
112 135
112 137
112 144
112 145
112 148
112 149
113 115
113 117
113 118
113 119
113 122
113 123
113 124
113 125
113 126
113 127
113 128
113 130
113 133
113 134
113 136
113 137
113 139
113 140
113 141
113 143
113 145
113 146
113 148
113 149
114 123
114 125
114 126
114 129
114 132
114 133
114 135
114 136
114 137
114 138
114 139
114 140
114 144
114 146
114 147
114 148
114 149
115 117
115 119
115 120
115 124
115 125
115 127
115 131
115 132
115 133
115 135
115 136
115 137
115 139
115 141
115 142
115 143
115 144
115 145
115 147
115 148
116 118
116 120
116 121
116 122
116 123
116 124
116 125
116 129
116 130
116 131
116 132
116 133
116 135
116 136
116 137
116 138
116 139
116 140
116 141
116 142
116 144
116 147
116 148
117 118
117 120
117 121
117 122
117 128
117 129
117 130
117 131
117 132
117 133
117 134
117 135
117 136
117 138
117 139
117 140
117 141
117 142
117 143
117 144
117 147
117 148
118 119
118 120
118 121
118 122
118 123
118 124
118 127
118 129
118 130
118 131
118 133
118 135
118 137
118 140
118 142
118 143
118 147
118 148
119 120
119 121
119 122
119 124
119 125
119 127
119 128
119 129
119 130
119 131
119 133
119 136
119 139
119 140
119 142
119 143
119 144
119 145
119 147
119 148
119 149
120 121
120 122
120 125
120 126
120 127
120 130
120 131
120 132
120 134
120 136
120 138
120 140
120 143
120 144
120 145
120 146
121 125
121 127
121 131
121 132
121 133
121 135
121 136
121 137
121 139
121 141
121 142
121 143
121 148
121 149
122 123
122 125
122 127
122 128
122 131
122 133
122 134
122 135
122 136
122 139
122 140
122 142
122 143
122 145
122 146
122 149
123 124
123 125
123 126
123 130
123 131
123 132
123 133
123 134
123 135
123 136
123 137
123 138
123 141
123 142
123 143
123 144
123 145
123 146
123 148
124 129
124 132
124 134
124 135
124 136
124 140
124 141
124 146
124 147
124 148
124 149
125 127
125 129
125 131
125 133
125 135
125 139
125 140
125 141
125 142
125 144
125 145
125 146
125 147
125 148
126 127
126 128
126 131
126 132
126 133
126 134
126 136
126 138
126 140
126 141
126 142
126 143
126 145
126 149
127 130
127 132
127 136
127 137
127 139
127 140
127 141
127 142
127 143
127 146
127 147
127 148
127 149
128 129
128 131
128 132
128 137
128 138
128 143
128 144
128 146
128 147
128 148
128 149
129 132
129 133
129 134
129 135
129 136
129 137
129 138
129 140
129 141
129 142
129 144
129 145
129 147
129 148
130 131
130 132
130 133
130 134
130 136
130 137
130 138
130 140
130 146
130 147
130 148
130 149
131 132
131 133
131 134
131 135
131 140
131 143
131 149
132 133
132 134
132 135
132 136
132 139
132 140
132 142
132 147
132 149
133 135
133 138
133 139
133 140
133 141
133 142
133 146
133 147
133 148
134 136
134 137
134 138
134 143
134 144
134 145
134 146
134 148
135 136
135 139
135 141
135 143
135 144
135 145
135 146
135 147
135 148
136 138
136 139
136 140
136 141
136 142
136 147
136 148
137 138
137 139
137 140
137 141
137 142
137 143
137 144
137 146
137 149
138 139
138 141
138 143
138 149
139 141
139 142
139 143
139 146
139 147
139 149
140 142
140 143
140 144
140 146
140 147
140 149
141 144
141 145
141 146
141 148
141 149
142 145
142 146
142 147
142 148
142 149
143 145
143 146
144 148
145 146
145 147
146 147
146 148
146 149
147 148
147 149
