200 5436
18 50
49 40
50 74
30 14
83 53
52 45
61 86
52 82
61 100
91 94
13 53
75 60
66 16
87 83
63 87
72 63
57 84
88 47
99 26
44 55
63 53
49 81
21 35
81 97
32 29
46 67
73 44
60 60
10 25
76 23
51 92
48 31
85 79
17 66
54 13
72 36
97 64
73 10
64 26
54 68
94 40
18 73
82 99
38 43
54 95
21 56
88 85
78 57
32 83
61 39
21 56
64 76
74 62
98 96
57 77
45 69
82 26
32 52
36 18
17 50
66 25
48 82
41 16
78 31
100 20
89 13
72 30
28 77
31 88
17 23
83 96
37 29
35 12
30 37
96 93
84 78
12 72
60 34
50 10
25 24
71 65
37 66
90 98
82 28
36 23
83 53
59 50
52 22
51 80
82 25
35 52
46 92
55 81
66 54
99 99
42 88
20 50
66 81
68 84
27 36
68 12
82 41
60 42
17 55
36 72
71 80
67 28
68 26
48 49
83 34
18 98
58 24
77 59
64 77
61 82
98 36
64 62
58 82
38 75
28 80
65 10
28 91
95 18
95 49
13 42
40 26
66 49
29 47
10 53
63 27
24 54
60 94
75 10
60 44
45 50
84 47
98 54
24 55
39 66
83 48
61 65
63 47
50 18
92 65
99 59
57 30
43 24
20 82
49 66
53 55
60 53
57 91
98 47
76 82
79 97
35 46
84 92
15 42
78 16
78 97
63 17
40 45
42 79
64 87
26 86
79 68
86 97
32 71
91 15
68 65
72 88
37 24
48 21
13 55
38 23
98 15
18 10
63 95
69 55
47 24
44 41
97 99
43 72
96 28
37 79
56 23
26 58
59 25
51 13
43 10
21 61
72 33
91 68
36 76
82 82
92 19
71 40
43 48
89 64
30 92
11921
0 1
0 3
0 5
0 11
0 12
0 13
0 15
0 19
0 23
0 24
0 27
0 28
0 29
0 30
0 31
0 34
0 35
0 36
0 37
0 38
0 41
0 42
0 43
0 44
0 46
0 49
0 50
0 53
0 54
0 55
0 56
0 57
0 58
0 59
0 60
0 61
0 64
0 65
0 68
0 69
0 71
0 72
0 73
0 75
0 76
0 77
0 78
0 81
0 84
0 86
0 87
0 91
0 94
0 95
0 96
0 97
0 98
0 99
0 100
0 101
0 102
0 104
0 105
0 108
0 111
0 112
0 113
0 114
0 118
0 119
0 121
0 122
0 124
0 128
0 129
0 130
0 132
0 136
0 137
0 138
0 139
0 140
0 141
0 142
0 143
0 145
0 146
0 147
0 148
0 149
0 151
0 152
0 155
0 156
0 158
0 160
0 161
0 163
0 164
0 167
0 168
0 169
0 172
0 174
0 176
0 177
0 179
0 180
0 182
0 183
0 185
0 186
0 188
0 192
0 193
0 195
0 196
0 198
0 199
1 3
1 7
1 9
1 10
1 12
1 13
1 17
1 19
1 20
1 25
1 26
1 27
1 28
1 29
1 30
1 31
1 32
1 34
1 36
1 39
1 42
1 45
1 48
1 49
1 51
1 53
1 54
1 55
1 56
1 58
1 59
1 60
1 62
1 64
1 68
1 71
1 72
1 75
1 77
1 78
1 81
1 83
1 85
1 87
1 89
1 90
1 91
1 93
1 95
1 97
1 98
1 99
1 100
1 102
1 103
1 104
1 106
1 109
1 110
1 111
1 112
1 114
1 117
1 118
1 120
1 122
1 124
1 125
1 126
1 128
1 129
1 130
1 132
1 136
1 137
1 138
1 139
1 140
1 141
1 142
1 148
1 149
1 152
1 153
1 157
1 160
1 161
1 162
1 163
1 166
1 168
1 170
1 175
1 177
1 178
1 181
1 184
1 185
1 188
1 190
1 192
1 193
1 195
1 197
1 198
1 199
2 3
2 5
2 7
2 8
2 10
2 11
2 13
2 14
2 15
2 16
2 17
2 19
2 20
2 23
2 24
2 25
2 27
2 29
2 30
2 33
2 34
2 35
2 36
2 38
2 39
2 40
2 41
2 42
2 44
2 45
2 46
2 47
2 48
2 50
2 54
2 56
2 57
2 58
2 59
2 61
2 63
2 67
2 68
2 71
2 72
2 74
2 76
2 77
2 78
2 79
2 80
2 81
2 84
2 85
2 86
2 87
2 88
2 90
2 93
2 94
2 95
2 102
2 103
2 105
2 106
2 108
2 110
2 112
2 117
2 118
2 119
2 121
2 123
2 125
2 126
2 127
2 128
2 131
2 132
2 135
2 136
2 138
2 139
2 140
2 141
2 144
2 146
2 147
2 149
2 150
2 152
2 153
2 154
2 155
2 158
2 159
2 160
2 161
2 162
2 163
2 164
2 167
2 169
2 171
2 173
2 174
2 175
2 176
2 177
2 179
2 180
2 188
2 189
2 190
2 192
2 193
2 195
2 196
2 197
3 4
3 6
3 7
3 8
3 14
3 17
3 22
3 23
3 24
3 26
3 27
3 28
3 30
3 32
3 34
3 36
3 37
3 39
3 40
3 42
3 44
3 46
3 47
3 48
3 49
3 50
3 52
3 53
3 54
3 57
3 59
3 65
3 68
3 70
3 72
3 73
3 74
3 76
3 77
3 78
3 81
3 82
3 83
3 84
3 85
3 86
3 88
3 89
3 93
3 96
3 98
3 99
3 100
3 102
3 105
3 106
3 107
3 108
3 109
3 111
3 112
3 113
3 114
3 115
3 120
3 122
3 124
3 125
3 126
3 127
3 128
3 129
3 133
3 137
3 138
3 139
3 140
3 142
3 143
3 144
3 145
3 146
3 147
3 150
3 154
3 155
3 157
3 160
3 161
3 162
3 163
3 166
3 170
3 171
3 172
3 173
3 174
3 177
3 178
3 179
3 182
3 183
3 184
3 187
3 188
3 189
3 192
3 193
3 194
3 195
3 198
4 5
4 6
4 7
4 9
4 11
4 12
4 13
4 14
4 15
4 16
4 17
4 18
4 19
4 20
4 21
4 25
4 29
4 31
4 33
4 34
4 35
4 45
4 47
4 51
4 53
4 55
4 56
4 57
4 58
4 59
4 60
4 61
4 62
4 63
4 65
4 67
4 69
4 70
4 72
4 73
4 75
4 78
4 79
4 80
4 81
4 82
4 83
4 84
4 85
4 87
4 88
4 92
4 93
4 98
4 99
4 102
4 103
4 104
4 106
4 108
4 110
4 112
4 113
4 115
4 116
4 122
4 123
4 125
4 126
4 127
4 128
4 132
4 134
4 136
4 137
4 139
4 141
4 142
4 144
4 145
4 148
4 150
4 151
4 152
4 153
4 156
4 157
4 159
4 160
4 162
4 163
4 166
4 167
4 168
4 169
4 172
4 173
4 174
4 175
4 176
4 178
4 182
4 183
4 185
4 187
4 190
4 192
4 193
4 196
4 197
5 6
5 9
5 12
5 13
5 15
5 17
5 18
5 19
5 22
5 23
5 24
5 25
5 26
5 27
5 28
5 30
5 31
5 33
5 34
5 35
5 36
5 39
5 43
5 44
5 45
5 48
5 51
5 52
5 54
5 56
5 59
5 61
5 62
5 64
5 67
5 69
5 70
5 71
5 72
5 73
5 74
5 77
5 79
5 80
5 82
5 84
5 85
5 86
5 87
5 88
5 91
5 92
5 95
5 98
5 102
5 103
5 104
5 105
5 106
5 108
5 111
5 113
5 116
5 117
5 118
5 119
5 121
5 123
5 124
5 126
5 128
5 135
5 137
5 138
5 139
5 141
5 143
5 144
5 146
5 150
5 151
5 153
5 156
5 158
5 163
5 170
5 171
5 176
5 178
5 179
5 182
5 185
5 187
5 190
5 197
5 198
6 7
6 10
6 13
6 16
6 17
6 18
6 20
6 21
6 22
6 23
6 25
6 26
6 27
6 29
6 30
6 31
6 32
6 33
6 34
6 38
6 39
6 40
6 43
6 44
6 46
6 51
6 54
6 56
6 57
6 58
6 59
6 60
6 61
6 62
6 63
6 64
6 66
6 67
6 71
6 75
6 76
6 77
6 79
6 80
6 82
6 83
6 84
6 85
6 87
6 88
6 89
6 90
6 91
6 92
6 94
6 95
6 98
6 99
6 103
6 104
6 107
6 108
6 111
6 112
6 113
6 115
6 116
6 117
6 122
6 123
6 124
6 125
6 126
6 127
6 129
6 130
6 132
6 134
6 136
6 138
6 139
6 142
6 144
6 145
6 146
6 147
6 148
6 149
6 150
6 151
6 152
6 155
6 157
6 158
6 159
6 160
6 165
6 166
6 168
6 169
6 170
6 171
6 172
6 173
6 175
6 176
6 177
6 179
6 180
6 183
6 184
6 185
6 186
6 187
6 188
6 190
6 191
6 192
6 195
6 197
6 198
7 8
7 9
7 15
7 16
7 17
7 18
7 19
7 21
7 23
7 24
7 26
7 27
7 28
7 30
7 31
7 33
7 37
7 39
7 40
7 41
7 42
7 45
7 50
7 51
7 56
7 57
7 58
7 60
7 61
7 62
7 63
7 67
7 68
7 71
7 72
7 74
7 75
7 76
7 81
7 82
7 85
7 86
7 88
7 94
7 95
7 96
7 97
7 98
7 99
7 101
7 103
7 107
7 108
7 111
7 112
7 113
7 114
7 115
7 116
7 117
7 119
7 122
7 123
7 124
7 125
7 128
7 130
7 132
7 133
7 134
7 136
7 139
7 142
7 144
7 146
7 147
7 148
7 151
7 153
7 154
7 155
7 159
7 160
7 162
7 163
7 164
7 165
7 167
7 170
7 171
7 172
7 173
7 177
7 178
7 179
7 180
7 182
7 184
7 185
7 187
7 189
7 190
7 191
7 192
7 193
7 194
7 198
8 9
8 12
8 13
8 15
8 16
8 18
8 20
8 21
8 23
8 24
8 26
8 28
8 29
8 32
8 35
8 36
8 37
8 38
8 39
8 41
8 42
8 43
8 45
8 46
8 47
8 48
8 50
8 51
8 52
8 53
8 55
8 56
8 57
8 59
8 60
8 62
8 63
8 64
8 66
8 67
8 70
8 72
8 75
8 76
8 81
8 83
8 84
8 87
8 88
8 89
8 90
8 95
8 97
8 98
8 100
8 105
8 107
8 108
8 109
8 110
8 114
8 115
8 116
8 118
8 119
8 123
8 127
8 128
8 129
8 131
8 134
8 135
8 136
8 137
8 140
8 141
8 143
8 144
8 145
8 146
8 147
8 148
8 149
8 151
8 153
8 154
8 155
8 156
8 159
8 160
8 163
8 166
8 168
8 170
8 171
8 172
8 175
8 176
8 179
8 180
8 181
8 182
8 183
8 184
8 185
8 186
8 187
8 188
8 189
8 191
8 193
8 194
8 195
8 196
8 197
9 12
9 14
9 15
9 17
9 18
9 19
9 20
9 21
9 23
9 24
9 25
9 27
9 28
9 30
9 31
9 32
9 34
9 36
9 37
9 38
9 40
9 41
9 42
9 44
9 50
9 51
9 53
9 57
9 59
9 60
9 61
9 63
9 64
9 65
9 68
9 72
9 73
9 74
9 76
9 81
9 85
9 86
9 87
9 89
9 90
9 93
9 94
9 95
9 96
9 104
9 105
9 107
9 109
9 111
9 112
9 116
9 119
9 120
9 121
9 123
9 129
9 132
9 133
9 134
9 135
9 137
9 138
9 139
9 141
9 142
9 143
9 146
9 148
9 150
9 153
9 155
9 156
9 158
9 163
9 165
9 166
9 168
9 170
9 171
9 173
9 174
9 175
9 178
9 179
9 182
9 183
9 184
9 186
9 187
9 189
9 190
9 192
9 193
9 194
9 195
9 197
9 198
10 11
10 12
10 13
10 18
10 19
10 20
10 24
10 25
10 26
10 28
10 29
10 30
10 32
10 35
10 36
10 41
10 42
10 43
10 44
10 45
10 46
10 47
10 48
10 51
10 52
10 53
10 54
10 55
10 57
10 59
10 61
10 63
10 65
10 66
10 70
10 71
10 72
10 73
10 74
10 75
10 76
10 77
10 79
10 81
10 82
10 83
10 84
10 87
10 90
10 91
10 92
10 96
10 98
10 99
10 101
10 102
10 107
10 108
10 110
10 112
10 114
10 116
10 117
10 118
10 121
10 122
10 123
10 126
10 127
10 129
10 131
10 132
10 134
10 136
10 138
10 139
10 142
10 143
10 144
10 146
10 147
10 148
10 150
10 151
10 152
10 153
10 156
10 157
10 159
10 160
10 162
10 163
10 164
10 165
10 166
10 167
10 169
10 171
10 172
10 173
10 174
10 177
10 178
10 179
10 181
10 182
10 184
10 186
10 187
10 189
10 191
10 192
10 193
10 194
10 195
10 196
10 197
10 198
11 13
11 17
11 18
11 23
11 24
11 27
11 29
11 31
11 32
11 33
11 34
11 35
11 39
11 41
11 42
11 43
11 44
11 45
11 46
11 49
11 54
11 58
11 61
11 62
11 64
11 66
11 67
11 69
11 71
11 72
11 73
11 74
11 78
11 79
11 80
11 83
11 85
11 87
11 90
11 93
11 95
11 97
11 98
11 101
11 102
11 104
11 105
11 107
11 110
11 112
11 114
11 116
11 117
11 118
11 121
11 122
11 124
11 125
11 126
11 127
11 128
11 129
11 130
11 131
11 132
11 133
11 134
11 136
11 137
11 138
11 142
11 143
11 144
11 145
11 146
11 147
11 148
11 150
11 151
11 153
11 154
11 155
11 156
11 157
11 158
11 159
11 160
11 161
11 163
11 164
11 165
11 166
11 167
11 168
11 171
11 172
11 173
11 175
11 176
11 178
11 179
11 180
11 181
11 182
11 183
11 184
11 186
11 188
11 189
11 190
11 192
11 193
11 194
11 195
11 196
11 197
11 198
12 13
12 16
12 17
12 19
12 20
12 24
12 25
12 26
12 27
12 28
12 30
12 31
12 32
12 34
12 35
12 37
12 39
12 40
12 42
12 43
12 44
12 46
12 47
12 48
12 49
12 50
12 51
12 52
12 54
12 55
12 59
12 60
12 61
12 62
12 64
12 65
12 66
12 67
12 68
12 69
12 70
12 71
12 73
12 74
12 75
12 76
12 80
12 81
12 82
12 83
12 84
12 88
12 90
12 92
12 94
12 95
12 96
12 99
12 100
12 101
12 103
12 104
12 108
12 110
12 111
12 113
12 115
12 116
12 117
12 118
12 119
12 120
12 121
12 122
12 123
12 126
12 127
12 128
12 130
12 131
12 133
12 135
12 136
12 137
12 140
12 141
12 146
12 149
12 151
12 152
12 153
12 154
12 155
12 165
12 167
12 168
12 170
12 172
12 173
12 174
12 175
12 177
12 181
12 182
12 183
12 185
12 186
12 188
12 189
12 190
12 191
12 192
12 195
12 197
13 15
13 16
13 17
13 19
13 20
13 24
13 26
13 28
13 29
13 30
13 31
13 32
13 33
13 34
13 35
13 36
13 40
13 41
13 42
13 43
13 44
13 45
13 46
13 48
13 49
13 50
13 51
13 53
13 54
13 55
13 57
13 59
13 60
13 61
13 63
13 64
13 65
13 66
13 67
13 70
13 72
13 73
13 75
13 77
13 78
13 83
13 86
13 87
13 88
13 89
13 91
13 92
13 93
13 95
13 96
13 97
13 98
13 100
13 102
13 103
13 105
13 108
13 109
13 111
13 112
13 113
13 115
13 116
13 117
13 119
13 121
13 122
13 123
13 124
13 125
13 126
13 128
13 129
13 131
13 132
13 133
13 134
13 138
13 139
13 140
13 142
13 143
13 145
13 146
13 152
13 153
13 154
13 155
13 156
13 157
13 158
13 159
13 163
13 164
13 165
13 167
13 168
13 172
13 179
13 181
13 182
13 187
13 189
13 190
13 191
13 192
13 195
13 197
13 198
13 199
14 18
14 20
14 21
14 22
14 23
14 24
14 26
14 27
14 29
14 31
14 32
14 35
14 38
14 39
14 40
14 41
14 42
14 43
14 44
14 46
14 47
14 48
14 50
14 52
14 54
14 56
14 59
14 60
14 61
14 62
14 63
14 65
14 66
14 67
14 70
14 71
14 73
14 74
14 77
14 79
14 81
14 82
14 85
14 86
14 87
14 89
14 90
14 91
14 92
14 95
14 96
14 97
14 101
14 103
14 104
14 106
14 107
14 109
14 110
14 111
14 112
14 113
14 114
14 115
14 121
14 122
14 125
14 126
14 128
14 129
14 130
14 131
14 132
14 133
14 135
14 136
14 137
14 138
14 139
14 143
14 144
14 145
14 146
14 147
14 149
14 152
14 154
14 155
14 157
14 158
14 159
14 161
14 162
14 163
14 165
14 166
14 167
14 169
14 170
14 172
14 173
14 174
14 175
14 176
14 177
14 178
14 180
14 181
14 182
14 186
14 188
14 189
14 190
14 191
14 194
14 198
14 199
15 16
15 17
15 18
15 21
15 23
15 25
15 26
15 27
15 29
15 32
15 33
15 34
15 36
15 37
15 38
15 39
15 41
15 44
15 46
15 47
15 48
15 51
15 52
15 54
15 55
15 56
15 57
15 58
15 61
15 65
15 67
15 68
15 70
15 71
15 72
15 74
15 78
15 79
15 82
15 83
15 88
15 89
15 91
15 92
15 93
15 94
15 95
15 97
15 99
15 100
15 103
15 104
15 105
15 106
15 107
15 108
15 113
15 115
15 116
15 117
15 118
15 119
15 120
15 121
15 124
15 125
15 126
15 127
15 131
15 132
15 133
15 137
15 138
15 139
15 140
15 141
15 142
15 143
15 144
15 147
15 148
15 149
15 150
15 151
15 152
15 153
15 154
15 157
15 160
15 161
15 162
15 163
15 164
15 165
15 168
15 169
15 170
15 172
15 173
15 175
15 177
15 180
15 182
15 184
15 185
15 188
15 189
15 190
15 192
15 193
15 196
15 197
15 199
16 17
16 19
16 21
16 24
16 25
16 26
16 27
16 28
16 31
16 34
16 36
16 37
16 39
16 40
16 42
16 45
16 46
16 48
16 50
16 51
16 52
16 53
16 54
16 56
16 57
16 59
16 60
16 62
16 63
16 65
16 66
16 68
16 69
16 71
16 72
16 74
16 75
16 80
16 84
16 85
16 86
16 90
16 93
16 96
16 98
16 99
16 100
16 101
16 102
16 104
16 105
16 106
16 107
16 109
16 111
16 112
16 113
16 115
16 116
16 117
16 119
16 120
16 121
16 123
16 124
16 130
16 133
16 134
16 135
16 136
16 139
16 142
16 144
16 147
16 148
16 151
16 153
16 154
16 158
16 159
16 160
16 162
16 163
16 164
16 165
16 166
16 167
16 169
16 170
16 171
16 172
16 173
16 174
16 178
16 180
16 182
16 185
16 187
16 189
16 192
16 195
16 196
16 198
16 199
17 18
17 19
17 20
17 25
17 26
17 27
17 29
17 30
17 31
17 33
17 38
17 39
17 40
17 41
17 43
17 49
17 50
17 52
17 53
17 55
17 56
17 57
17 58
17 60
17 61
17 62
17 63
17 64
17 68
17 73
17 74
17 75
17 77
17 79
17 80
17 81
17 82
17 84
17 85
17 86
17 87
17 88
17 89
17 90
17 91
17 92
17 95
17 97
17 98
17 100
17 101
17 102
17 103
17 106
17 107
17 108
17 109
17 110
17 113
17 114
17 116
17 117
17 118
17 119
17 120
17 122
17 124
17 125
17 127
17 131
17 133
17 134
17 135
17 136
17 137
17 140
17 141
17 142
17 145
17 146
17 149
17 150
17 151
17 152
17 153
17 155
17 157
17 158
17 160
17 163
17 164
17 165
17 169
17 171
17 173
17 175
17 176
17 178
17 179
17 181
17 182
17 185
17 188
17 192
17 194
17 195
17 198
17 199
18 19
18 20
18 21
18 22
18 23
18 25
18 26
18 27
18 29
18 32
18 34
18 36
18 39
18 40
18 41
18 42
18 45
18 47
18 48
18 50
18 51
18 54
18 56
18 57
18 58
18 59
18 60
18 62
18 66
18 67
18 69
18 71
18 72
18 74
18 75
18 76
18 77
18 80
18 81
18 82
18 83
18 84
18 85
18 88
18 89
18 90
18 92
18 93
18 94
18 96
18 97
18 98
18 99
18 101
18 102
18 103
18 104
18 105
18 106
18 108
18 109
18 110
18 114
18 116
18 120
18 121
18 122
18 125
18 130
18 133
18 134
18 135
18 139
18 143
18 145
18 148
18 149
18 151
18 152
18 153
18 154
18 155
18 156
18 157
18 158
18 160
18 161
18 163
18 164
18 169
18 170
18 172
18 174
18 175
18 177
18 178
18 180
18 183
18 185
18 186
18 187
18 188
18 189
18 192
18 193
18 198
19 22
19 25
19 26
19 27
19 28
19 30
19 31
19 32
19 33
19 35
19 38
19 43
19 44
19 46
19 47
19 48
19 51
19 53
19 56
19 58
19 59
19 60
19 61
19 62
19 65
19 67
19 73
19 76
19 77
19 80
19 85
19 88
19 89
19 91
19 92
19 94
19 96
19 98
19 99
19 101
19 103
19 105
19 106
19 107
19 108
19 109
19 112
19 114
19 115
19 116
19 120
19 121
19 122
19 123
19 125
19 126
19 128
19 129
19 130
19 133
19 138
19 141
19 142
19 144
19 146
19 148
19 150
19 152
19 153
19 155
19 159
19 160
19 163
19 164
19 167
19 169
19 171
19 173
19 174
19 175
19 176
19 178
19 179
19 181
19 182
19 183
19 184
19 185
19 186
19 187
19 189
19 191
19 193
19 196
19 197
19 198
20 23
20 24
20 27
20 30
20 31
20 32
20 33
20 35
20 37
20 38
20 39
20 40
20 41
20 43
20 45
20 46
20 48
20 50
20 52
20 53
20 54
20 55
20 56
20 60
20 61
20 63
20 64
20 65
20 66
20 69
20 70
20 71
20 72
20 73
20 74
20 77
20 78
20 79
20 81
20 83
20 86
20 87
20 88
20 91
20 92
20 94
20 95
20 96
20 97
20 98
20 101
20 102
20 106
20 107
20 110
20 112
20 113
20 115
20 117
20 119
20 120
20 122
20 123
20 126
20 127
20 128
20 129
20 130
20 131
20 132
20 136
20 137
20 138
20 139
20 140
20 143
20 144
20 145
20 146
20 147
20 149
20 150
20 154
20 155
20 156
20 157
20 159
20 160
20 162
20 164
20 165
20 166
20 169
20 170
20 171
20 172
20 174
20 176
20 178
20 182
20 183
20 184
20 185
20 187
20 188
20 190
20 191
20 192
20 193
20 194
20 195
20 197
20 199
21 22
21 23
21 25
21 26
21 27
21 28
21 29
21 33
21 34
21 35
21 37
21 39
21 40
21 41
21 44
21 47
21 48
21 50
21 51
21 53
21 54
21 55
21 57
21 60
21 61
21 62
21 63
21 64
21 65
21 68
21 72
21 73
21 76
21 77
21 79
21 82
21 83
21 84
21 86
21 87
21 90
21 92
21 94
21 96
21 101
21 104
21 105
21 106
21 108
21 109
21 110
21 113
21 116
21 117
21 118
21 119
21 120
21 122
21 124
21 126
21 127
21 131
21 132
21 136
21 138
21 142
21 144
21 145
21 147
21 148
21 149
21 150
21 151
21 153
21 155
21 156
21 157
21 159
21 160
21 161
21 164
21 166
21 168
21 169
21 171
21 172
21 175
21 176
21 179
21 180
21 181
21 183
21 188
21 190
21 191
21 192
21 197
22 23
22 25
22 26
22 27
22 31
22 32
22 33
22 34
22 35
22 36
22 37
22 38
22 39
22 43
22 44
22 45
22 51
22 52
22 56
22 60
22 61
22 63
22 69
22 72
22 74
22 77
22 78
22 79
22 81
22 83
22 85
22 86
22 87
22 91
22 94
22 95
22 97
22 99
22 100
22 101
22 103
22 104
22 105
22 107
22 108
22 109
22 110
22 111
22 113
22 114
22 115
22 116
22 117
22 118
22 119
22 120
22 121
22 122
22 124
22 125
22 127
22 128
22 129
22 130
22 133
22 134
22 135
22 136
22 137
22 138
22 141
22 143
22 145
22 147
22 149
22 150
22 151
22 153
22 154
22 155
22 156
22 157
22 158
22 167
22 168
22 169
22 170
22 172
22 174
22 177
22 179
22 180
22 184
22 187
22 188
22 192
22 193
22 194
22 196
22 197
22 199
23 24
23 26
23 27
23 28
23 29
23 30
23 31
23 32
23 33
23 34
23 35
23 36
23 40
23 42
23 45
23 46
23 49
23 50
23 51
23 54
23 55
23 56
23 58
23 59
23 60
23 61
23 62
23 63
23 64
23 65
23 66
23 68
23 69
23 72
23 73
23 75
23 77
23 78
23 81
23 82
23 83
23 87
23 89
23 90
23 94
23 95
23 97
23 99
23 100
23 102
23 103
23 104
23 105
23 107
23 109
23 110
23 115
23 117
23 119
23 120
23 121
23 122
23 123
23 124
23 125
23 126
23 128
23 129
23 130
23 131
23 132
23 134
23 137
23 138
23 139
23 143
23 145
23 148
23 150
23 152
23 154
23 155
23 156
23 158
23 159
23 160
23 161
23 163
23 164
23 167
23 168
23 169
23 170
23 172
23 173
23 177
23 179
23 181
23 182
23 184
23 185
23 186
23 188
23 189
23 190
23 191
23 192
23 193
23 197
23 199
24 26
24 27
24 33
24 34
24 35
24 36
24 39
24 41
24 43
24 44
24 47
24 48
24 49
24 52
24 55
24 56
24 57
24 59
24 60
24 63
24 65
24 66
24 67
24 68
24 70
24 71
24 72
24 73
24 74
24 78
24 80
24 81
24 82
24 83
24 84
24 85
24 86
24 88
24 89
24 90
24 92
24 93
24 94
24 95
24 97
24 98
24 99
24 103
24 104
24 106
24 107
24 108
24 111
24 112
24 113
24 115
24 117
24 120
24 121
24 122
24 123
24 124
24 125
24 126
24 129
24 130
24 131
24 132
24 133
24 134
24 136
24 137
24 138
24 139
24 140
24 141
24 143
24 144
24 148
24 151
24 155
24 157
24 158
24 161
24 163
24 164
24 166
24 167
24 168
24 169
24 170
24 171
24 172
24 173
24 174
24 175
24 176
24 178
24 182
24 185
24 187
24 188
24 189
24 190
24 193
24 196
24 197
24 198
25 26
25 29
25 31
25 32
25 33
25 36
25 39
25 40
25 42
25 43
25 44
25 45
25 47
25 48
25 51
25 53
25 54
25 56
25 57
25 58
25 59
25 61
25 63
25 64
25 65
25 68
25 69
25 74
25 78
25 79
25 80
25 82
25 83
25 84
25 85
25 86
25 87
25 88
25 89
25 90
25 91
25 92
25 94
25 95
25 96
25 97
25 99
25 105
25 106
25 107
25 108
25 109
25 111
25 112
25 113
25 117
25 118
25 119
25 120
25 122
25 123
25 125
25 126
25 127
25 131
25 134
25 135
25 137
25 138
25 139
25 140
25 143
25 144
25 148
25 149
25 151
25 152
25 155
25 156
25 157
25 158
25 159
25 160
25 161
25 162
25 163
25 165
25 166
25 167
25 168
25 169
25 170
25 173
25 174
25 177
25 178
25 179
25 180
25 181
25 183
25 184
25 185
25 186
25 187
25 189
25 190
25 192
25 193
25 194
25 195
25 196
25 197
25 198
25 199
26 27
26 28
26 29
26 31
26 32
26 33
26 35
26 36
26 37
26 39
26 40
26 43
26 44
26 47
26 48
26 51
26 52
26 54
26 55
26 56
26 59
26 60
26 61
26 64
26 65
26 66
26 67
26 68
26 69
26 71
26 74
26 75
26 76
26 77
26 78
26 79
26 80
26 81
26 82
26 83
26 84
26 85
26 87
26 88
26 89
26 92
26 96
26 97
26 98
26 100
26 101
26 104
26 105
26 106
26 108
26 109
26 110
26 111
26 112
26 113
26 114
26 117
26 119
26 120
26 121
26 124
26 125
26 126
26 127
26 128
26 129
26 132
26 134
26 135
26 136
26 139
26 140
26 141
26 143
26 145
26 147
26 151
26 152
26 154
26 155
26 158
26 160
26 161
26 163
26 167
26 168
26 172
26 176
26 178
26 179
26 180
26 181
26 183
26 185
26 187
26 189
26 190
26 192
26 193
26 195
26 196
26 198
26 199
27 28
27 29
27 33
27 34
27 35
27 36
27 37
27 38
27 39
27 40
27 41
27 43
27 45
27 46
27 47
27 48
27 49
27 54
27 55
27 56
27 58
27 61
27 63
27 64
27 65
27 66
27 68
27 70
27 72
27 74
27 75
27 76
27 77
27 80
27 83
27 87
27 91
27 93
27 95
27 96
27 99
27 100
27 103
27 105
27 106
27 108
27 109
27 111
27 115
27 116
27 117
27 118
27 119
27 120
27 123
27 128
27 129
27 130
27 131
27 132
27 133
27 135
27 137
27 138
27 139
27 140
27 141
27 142
27 143
27 145
27 147
27 148
27 152
27 153
27 154
27 155
27 158
27 160
27 162
27 165
27 166
27 167
27 168
27 169
27 170
27 172
27 173
27 174
27 175
27 179
27 183
27 186
27 187
27 192
27 193
27 195
27 197
27 198
27 199
28 32
28 37
28 38
28 39
28 40
28 41
28 42
28 43
28 45
28 46
28 47
28 49
28 52
28 53
28 56
28 57
28 58
28 59
28 60
28 63
28 64
28 65
28 66
28 67
28 68
28 70
28 71
28 72
28 74
28 75
28 77
28 79
28 80
28 81
28 82
28 83
28 84
28 86
28 89
28 90
28 91
28 93
28 95
28 96
28 98
28 100
28 101
28 102
28 103
28 104
28 105
28 107
28 108
28 114
28 116
28 117
28 118
28 119
28 120
28 121
28 122
28 124
28 126
28 130
28 132
28 133
28 135
28 136
28 139
28 140
28 141
28 142
28 145
28 147
28 149
28 150
28 152
28 153
28 155
28 157
28 158
28 159
28 160
28 161
28 162
28 164
28 165
28 166
28 168
28 169
28 170
28 176
28 177
28 178
28 180
28 183
28 185
28 186
28 188
28 192
28 194
28 195
28 196
28 198
29 32
29 33
29 34
29 36
29 37
29 40
29 41
29 42
29 43
29 47
29 48
29 49
29 51
29 52
29 53
29 55
29 56
29 59
29 61
29 66
29 67
29 69
29 70
29 71
29 72
29 73
29 75
29 76
29 78
29 80
29 81
29 82
29 84
29 86
29 88
29 90
29 91
29 94
29 95
29 97
29 98
29 101
29 105
29 108
29 109
29 110
29 111
29 112
29 116
29 118
29 119
29 120
29 122
29 123
29 128
29 129
29 130
29 134
29 136
29 137
29 139
29 144
29 145
29 146
29 148
29 149
29 151
29 153
29 156
29 157
29 158
29 161
29 162
29 163
29 164
29 165
29 166
29 167
29 169
29 170
29 171
29 174
29 175
29 177
29 178
29 180
29 181
29 182
29 183
29 184
29 185
29 187
29 189
29 190
29 191
29 192
29 193
29 194
29 196
29 197
29 198
29 199
30 31
30 32
30 35
30 36
30 38
30 39
30 40
30 42
30 43
30 45
30 47
30 48
30 52
30 53
30 55
30 56
30 58
30 60
30 61
30 62
30 64
30 66
30 67
30 68
30 70
30 71
30 72
30 74
30 75
30 76
30 79
30 80
30 81
30 82
30 83
30 84
30 86
30 87
30 88
30 90
30 91
30 93
30 95
30 99
30 101
30 102
30 103
30 104
30 106
30 107
30 108
30 110
30 112
30 113
30 115
30 116
30 117
30 118
30 119
30 120
30 121
30 123
30 125
30 126
30 132
30 133
30 134
30 135
30 136
30 137
30 138
30 139
30 140
30 141
30 142
30 143
30 144
30 145
30 148
30 152
30 153
30 155
30 156
30 157
30 158
30 159
30 160
30 161
30 162
30 164
30 165
30 168
30 170
30 172
30 173
30 174
30 176
30 178
30 179
30 180
30 181
30 182
30 184
30 186
30 188
30 191
30 192
30 194
30 195
30 199
31 32
31 35
31 36
31 37
31 38
31 39
31 41
31 43
31 44
31 45
31 47
31 48
31 49
31 51
31 52
31 53
31 54
31 55
31 56
31 58
31 59
31 60
31 61
31 63
31 66
31 67
31 68
31 69
31 70
31 71
31 73
31 77
31 78
31 79
31 82
31 83
31 84
31 86
31 88
31 90
31 91
31 92
31 93
31 96
31 99
31 101
31 102
31 103
31 105
31 108
31 111
31 112
31 113
31 115
31 117
31 118
31 121
31 122
31 123
31 126
31 127
31 130
31 131
31 133
31 134
31 135
31 136
31 137
31 138
31 139
31 143
31 144
31 145
31 146
31 147
31 148
31 149
31 150
31 152
31 153
31 155
31 156
31 158
31 159
31 160
31 162
31 165
31 166
31 168
31 169
31 170
31 171
31 172
31 175
31 176
31 178
31 181
31 184
31 188
31 189
31 190
31 191
31 193
31 195
31 196
31 197
31 199
32 33
32 35
32 36
32 37
32 38
32 39
32 40
32 41
32 42
32 43
32 45
32 47
32 48
32 49
32 51
32 52
32 54
32 58
32 59
32 62
32 64
32 65
32 66
32 67
32 69
32 70
32 71
32 73
32 74
32 76
32 77
32 79
32 80
32 82
32 84
32 88
32 89
32 93
32 94
32 95
32 96
32 97
32 98
32 99
32 100
32 101
32 102
32 103
32 105
32 108
32 109
32 110
32 112
32 113
32 114
32 115
32 116
32 118
32 120
32 121
32 124
32 125
32 128
32 129
32 130
32 131
32 132
32 133
32 134
32 135
32 136
32 137
32 139
32 142
32 144
32 146
32 148
32 149
32 152
32 153
32 155
32 156
32 158
32 159
32 160
32 161
32 162
32 163
32 164
32 167
32 170
32 171
32 172
32 173
32 174
32 175
32 176
32 181
32 182
32 183
32 188
32 189
32 190
32 191
32 193
32 194
32 197
32 198
32 199
33 37
33 38
33 40
33 41
33 42
33 45
33 46
33 47
33 48
33 50
33 51
33 52
33 54
33 55
33 56
33 58
33 59
33 60
33 61
33 64
33 66
33 68
33 71
33 72
33 73
33 74
33 75
33 76
33 77
33 82
33 83
33 86
33 87
33 88
33 90
33 91
33 95
33 96
33 98
33 99
33 100
33 103
33 104
33 105
33 106
33 108
33 109
33 111
33 112
33 113
33 114
33 116
33 117
33 118
33 120
33 123
33 125
33 126
33 127
33 130
33 131
33 133
33 134
33 136
33 137
33 139
33 140
33 141
33 145
33 147
33 148
33 149
33 150
33 153
33 154
33 156
33 158
33 162
33 163
33 164
33 165
33 166
33 168
33 169
33 170
33 171
33 173
33 174
33 175
33 177
33 178
33 181
33 182
33 186
33 188
33 189
33 190
33 193
33 194
33 195
33 197
33 198
33 199
34 37
34 38
34 39
34 40
34 41
34 43
34 44
34 46
34 48
34 49
34 51
34 52
34 54
34 56
34 57
34 60
34 61
34 66
34 69
34 70
34 71
34 74
34 75
34 76
34 77
34 78
34 79
34 80
34 81
34 82
34 83
34 84
34 85
34 86
34 87
34 88
34 91
34 92
34 93
34 94
34 96
34 97
34 98
34 99
34 100
34 101
34 102
34 103
34 105
34 108
34 109
34 110
34 111
34 113
34 114
34 115
34 116
34 117
34 119
34 121
34 122
34 123
34 124
34 125
34 129
34 131
34 132
34 135
34 136
34 137
34 138
34 141
34 142
34 143
34 146
34 147
34 149
34 151
34 152
34 153
34 156
34 159
34 160
34 162
34 163
34 165
34 167
34 168
34 169
34 170
34 172
34 174
34 175
34 176
34 177
34 179
34 180
34 181
34 183
34 184
34 185
34 186
34 187
34 190
34 191
34 194
34 195
34 199
35 36
35 37
35 39
35 43
35 44
35 46
35 47
35 49
35 52
35 53
35 54
35 55
35 56
35 57
35 58
35 59
35 60
35 61
35 63
35 64
35 65
35 67
35 68
35 69
35 71
35 72
35 73
35 74
35 75
35 77
35 79
35 80
35 83
35 84
35 86
35 87
35 89
35 90
35 93
35 94
35 95
35 96
35 97
35 98
35 103
35 104
35 105
35 106
35 107
35 111
35 114
35 115
35 116
35 117
35 118
35 119
35 120
35 121
35 122
35 123
35 126
35 127
35 132
35 133
35 134
35 135
35 138
35 139
35 140
35 146
35 148
35 149
35 150
35 151
35 153
35 156
35 157
35 159
35 162
35 165
35 166
35 167
35 168
35 172
35 173
35 178
35 180
35 181
35 182
35 183
35 185
35 186
35 187
35 188
35 190
35 191
35 195
35 197
35 199
36 38
36 41
36 43
36 44
36 50
36 51
36 52
36 53
36 54
36 56
36 57
36 58
36 59
36 60
36 61
36 62
36 64
36 65
36 67
36 68
36 69
36 70
36 72
36 73
36 74
36 78
36 80
36 83
36 85
36 89
36 90
36 91
36 93
36 94
36 95
36 97
36 98
36 100
36 103
36 105
36 106
36 108
36 109
36 112
36 113
36 115
36 116
36 117
36 119
36 120
36 121
36 122
36 123
36 124
36 126
36 127
36 128
36 129
36 131
36 136
36 137
36 138
36 139
36 140
36 142
36 145
36 147
36 148
36 152
36 153
36 156
36 158
36 159
36 160
36 161
36 162
36 163
36 164
36 165
36 166
36 167
36 171
36 172
36 175
36 176
36 179
36 180
36 183
36 184
36 185
36 186
36 188
36 189
36 190
36 191
36 194
36 195
36 196
36 197
37 39
37 40
37 41
37 43
37 44
37 45
37 46
37 48
37 52
37 53
37 54
37 56
37 57
37 58
37 62
37 63
37 65
37 66
37 68
37 69
37 70
37 71
37 74
37 76
37 77
37 78
37 79
37 80
37 82
37 83
37 85
37 86
37 91
37 92
37 93
37 94
37 95
37 96
37 99
37 100
37 103
37 106
37 108
37 109
37 111
37 113
37 115
37 116
37 118
37 120
37 121
37 122
37 124
37 126
37 127
37 128
37 129
37 130
37 131
37 132
37 133
37 134
37 135
37 138
37 140
37 141
37 142
37 144
37 146
37 147
37 148
37 154
37 157
37 159
37 160
37 162
37 163
37 164
37 166
37 167
37 168
37 169
37 171
37 173
37 175
37 176
37 177
37 178
37 181
37 182
37 186
37 193
37 195
37 196
37 199
38 39
38 40
38 46
38 48
38 49
38 52
38 55
38 56
38 58
38 60
38 61
38 62
38 63
38 64
38 65
38 66
38 68
38 69
38 70
38 71
38 72
38 74
38 75
38 78
38 79
38 80
38 81
38 83
38 84
38 85
38 87
38 88
38 89
38 90
38 91
38 93
38 96
38 99
38 103
38 104
38 106
38 107
38 108
38 110
38 111
38 113
38 114
38 115
38 118
38 120
38 121
38 122
38 125
38 127
38 128
38 129
38 131
38 132
38 133
38 134
38 137
38 138
38 140
38 141
38 142
38 144
38 145
38 146
38 148
38 149
38 151
38 152
38 154
38 155
38 156
38 157
38 158
38 161
38 164
38 168
38 173
38 174
38 175
38 176
38 177
38 178
38 181
38 183
38 184
38 186
38 187
38 188
38 189
38 190
38 191
38 192
38 193
38 195
38 196
38 197
39 44
39 45
39 48
39 53
39 54
39 55
39 56
39 57
39 58
39 59
39 60
39 63
39 64
39 66
39 67
39 68
39 70
39 74
39 75
39 76
39 78
39 80
39 86
39 87
39 88
39 89
39 90
39 91
39 92
39 93
39 95
39 96
39 97
39 98
39 99
39 100
39 101
39 103
39 104
39 105
39 107
39 109
39 111
39 112
39 114
39 115
39 116
39 117
39 118
39 119
39 122
39 125
39 127
39 128
39 129
39 130
39 131
39 133
39 134
39 136
39 138
39 139
39 141
39 142
39 143
39 144
39 145
39 146
39 147
39 148
39 149
39 150
39 151
39 152
39 153
39 154
39 155
39 156
39 157
39 159
39 160
39 161
39 162
39 163
39 164
39 165
39 166
39 167
39 168
39 169
39 170
39 171
39 174
39 178
39 180
39 182
39 184
39 185
39 186
39 187
39 189
39 190
39 195
39 196
39 198
40 43
40 44
40 46
40 47
40 49
40 50
40 51
40 53
40 55
40 56
40 58
40 60
40 62
40 65
40 66
40 68
40 69
40 70
40 71
40 72
40 76
40 78
40 81
40 84
40 87
40 88
40 90
40 94
40 95
40 96
40 97
40 99
40 100
40 102
40 104
40 108
40 110
40 114
40 115
40 121
40 123
40 124
40 126
40 129
40 131
40 132
40 133
40 135
40 136
40 137
40 140
40 142
40 144
40 145
40 146
40 147
40 149
40 150
40 151
40 154
40 156
40 157
40 159
40 162
40 163
40 164
40 165
40 166
40 168
40 169
40 170
40 172
40 173
40 174
40 175
40 176
40 178
40 183
40 184
40 185
40 191
40 192
40 193
40 194
40 197
40 198
40 199
41 43
41 45
41 46
41 47
41 49
41 50
41 52
41 53
41 55
41 56
41 57
41 58
41 59
41 60
41 62
41 64
41 67
41 68
41 69
41 71
41 73
41 75
41 77
41 79
41 80
41 83
41 85
41 86
41 87
41 90
41 91
41 92
41 94
41 95
41 98
41 99
41 101
41 102
41 104
41 107
41 109
41 110
41 111
41 112
41 113
41 119
41 120
41 121
41 122
41 126
41 127
41 128
41 129
41 131
41 132
41 133
41 136
41 137
41 138
41 140
41 141
41 144
41 146
41 147
41 148
41 150
41 151
41 154
41 155
41 158
41 162
41 163
41 164
41 165
41 166
41 168
41 169
41 171
41 172
41 174
41 177
41 178
41 179
41 181
41 183
41 184
41 185
41 189
41 191
41 192
41 193
41 194
41 195
41 196
41 197
41 199
42 43
42 44
42 45
42 47
42 49
42 50
42 52
42 54
42 56
42 57
42 61
42 64
42 66
42 68
42 69
42 70
42 71
42 72
42 73
42 80
42 81
42 83
42 85
42 86
42 88
42 90
42 91
42 93
42 94
42 95
42 96
42 97
42 98
42 100
42 101
42 103
42 105
42 107
42 108
42 109
42 111
42 112
42 113
42 114
42 115
42 116
42 118
42 119
42 120
42 121
42 122
42 126
42 127
42 128
42 129
42 131
42 132
42 133
42 135
42 136
42 137
42 140
42 141
42 142
42 146
42 147
42 148
42 151
42 152
42 153
42 154
42 159
42 161
42 164
42 165
42 166
42 169
42 170
42 171
42 172
42 173
42 174
42 178
42 179
42 181
42 184
42 186
42 191
42 193
42 194
42 196
42 197
42 199
43 45
43 46
43 47
43 51
43 52
43 53
43 55
43 56
43 57
43 58
43 60
43 62
43 63
43 64
43 67
43 68
43 69
43 71
43 74
43 75
43 77
43 78
43 79
43 82
43 83
43 84
43 85
43 86
43 87
43 88
43 89
43 91
43 94
43 95
43 100
43 101
43 104
43 105
43 106
43 107
43 109
43 110
43 111
43 113
43 114
43 116
43 120
43 123
43 126
43 127
43 128
43 129
43 130
43 131
43 132
43 133
43 135
43 136
43 138
43 139
43 142
43 144
43 146
43 147
43 148
43 149
43 150
43 151
43 152
43 153
43 155
43 156
43 157
43 160
43 161
43 163
43 165
43 166
43 167
43 168
43 169
43 171
43 173
43 174
43 176
43 177
43 178
43 180
43 182
43 183
43 185
43 189
43 190
43 191
43 192
43 193
43 194
43 195
43 196
43 197
43 199
44 45
44 47
44 50
44 52
44 54
44 57
44 58
44 59
44 60
44 61
44 62
44 63
44 65
44 68
44 69
44 70
44 72
44 73
44 75
44 76
44 77
44 78
44 80
44 85
44 87
44 89
44 90
44 91
44 92
44 93
44 96
44 97
44 98
44 99
44 101
44 102
44 104
44 107
44 108
44 109
44 110
44 111
44 112
44 113
44 118
44 119
44 123
44 127
44 132
44 133
44 134
44 137
44 138
44 139
44 141
44 144
44 145
44 147
44 150
44 151
44 153
44 154
44 155
44 156
44 158
44 161
44 164
44 168
44 170
44 171
44 172
44 173
44 174
44 176
44 179
44 180
44 181
44 182
44 183
44 189
44 190
44 191
44 192
44 193
44 199
45 50
45 53
45 54
45 56
45 58
45 60
45 61
45 62
45 63
45 64
45 69
45 70
45 71
45 72
45 75
45 78
45 79
45 80
45 83
45 84
45 86
45 87
45 88
45 91
45 92
45 95
45 96
45 97
45 99
45 100
45 101
45 103
45 104
45 107
45 108
45 112
45 113
45 114
45 116
45 117
45 118
45 119
45 120
45 121
45 122
45 127
45 128
45 129
45 133
45 134
45 135
45 137
45 139
45 140
45 141
45 142
45 144
45 145
45 146
45 147
45 151
45 153
45 154
45 155
45 156
45 159
45 163
45 164
45 165
45 167
45 168
45 169
45 170
45 171
45 172
45 173
45 174
45 176
45 177
45 178
45 179
45 180
45 182
45 183
45 184
45 185
45 187
45 188
45 189
45 190
45 193
45 194
45 199
46 48
46 49
46 50
46 52
46 53
46 54
46 57
46 59
46 60
46 62
46 64
46 66
46 67
46 71
46 72
46 73
46 74
46 75
46 77
46 78
46 80
46 81
46 82
46 85
46 86
46 92
46 93
46 94
46 97
46 99
46 100
46 101
46 103
46 104
46 107
46 108
46 112
46 114
46 117
46 120
46 122
46 124
46 125
46 127
46 128
46 129
46 130
46 131
46 132
46 134
46 135
46 139
46 140
46 141
46 142
46 144
46 146
46 147
46 149
46 151
46 152
46 154
46 157
46 160
46 161
46 162
46 163
46 164
46 166
46 168
46 171
46 172
46 175
46 177
46 178
46 179
46 183
46 184
46 185
46 187
46 188
46 190
46 191
46 194
46 195
46 196
46 197
46 199
47 49
47 50
47 51
47 53
47 56
47 57
47 58
47 59
47 61
47 62
47 64
47 65
47 66
47 67
47 68
47 70
47 71
47 72
47 73
47 74
47 75
47 76
47 77
47 82
47 83
47 85
47 87
47 88
47 90
47 91
47 92
47 94
47 96
47 98
47 99
47 100
47 102
47 103
47 104
47 105
47 106
47 107
47 108
47 109
47 110
47 112
47 113
47 114
47 116
47 118
47 119
47 120
47 124
47 125
47 126
47 128
47 129
47 131
47 132
47 133
47 134
47 135
47 136
47 137
47 138
47 142
47 146
47 147
47 148
47 150
47 151
47 152
47 153
47 154
47 156
47 157
47 158
47 160
47 161
47 162
47 163
47 164
47 166
47 168
47 169
47 170
47 172
47 173
47 174
47 175
47 176
47 177
47 180
47 183
47 185
47 186
47 187
47 188
47 189
47 194
47 195
47 196
47 197
48 51
48 55
48 56
48 57
48 61
48 64
48 65
48 67
48 68
48 70
48 74
48 75
48 77
48 79
48 80
48 81
48 82
48 84
48 85
48 86
48 87
48 89
48 91
48 95
48 96
48 98
48 99
48 101
48 102
48 103
48 107
48 110
48 111
48 113
48 114
48 115
48 116
48 118
48 120
48 122
48 123
48 124
48 125
48 126
48 127
48 129
48 130
48 132
48 133
48 134
48 135
48 137
48 139
48 140
48 141
48 143
48 144
48 145
48 146
48 151
48 152
48 155
48 156
48 159
48 160
48 162
48 163
48 164
48 165
48 166
48 167
48 168
48 169
48 171
48 172
48 173
48 177
48 178
48 179
48 181
48 184
48 185
48 186
48 187
48 188
48 190
48 192
48 193
48 195
48 196
48 197
49 51
49 53
49 54
49 58
49 60
49 62
49 63
49 67
49 68
49 70
49 71
49 72
49 74
49 77
49 78
49 79
49 81
49 83
49 85
49 86
49 89
49 90
49 92
49 93
49 94
49 95
49 96
49 97
49 99
49 100
49 101
49 105
49 107
49 109
49 115
49 117
49 118
49 119
49 120
49 122
49 124
49 125
49 126
49 128
49 130
49 131
49 132
49 136
49 137
49 139
49 144
49 145
49 147
49 150
49 151
49 153
49 154
49 155
49 156
49 157
49 158
49 159
49 160
49 161
49 162
49 163
49 165
49 166
49 167
49 169
49 172
49 174
49 175
49 176
49 179
49 180
49 182
49 185
49 186
49 187
49 192
49 193
49 194
49 195
49 196
49 197
49 198
50 52
50 53
50 55
50 56
50 57
50 58
50 59
50 60
50 61
50 62
50 63
50 64
50 65
50 66
50 67
50 69
50 71
50 76
50 78
50 79
50 81
50 87
50 89
50 90
50 93
50 94
50 95
50 98
50 100
50 101
50 102
50 105
50 106
50 107
50 108
50 109
50 110
50 111
50 115
50 120
50 121
50 122
50 123
50 125
50 127
50 131
50 132
50 134
50 136
50 138
50 141
50 143
50 144
50 145
50 146
50 148
50 149
50 150
50 158
50 159
50 160
50 162
50 163
50 164
50 165
50 166
50 168
50 170
50 171
50 173
50 174
50 177
50 178
50 179
50 180
50 184
50 185
50 188
50 191
50 192
50 193
50 194
50 195
50 196
50 198
50 199
51 53
51 56
51 57
51 61
51 62
51 64
51 66
51 67
51 68
51 70
51 72
51 73
51 74
51 77
51 78
51 81
51 83
51 85
51 86
51 88
51 90
51 91
51 94
51 95
51 96
51 98
51 101
51 103
51 104
51 105
51 106
51 107
51 108
51 110
51 111
51 115
51 119
51 123
51 124
51 126
51 127
51 128
51 130
51 131
51 132
51 136
51 137
51 138
51 139
51 141
51 143
51 145
51 146
51 147
51 148
51 149
51 150
51 151
51 152
51 154
51 156
51 157
51 161
51 165
51 167
51 168
51 169
51 170
51 171
51 172
51 176
51 177
51 178
51 180
51 181
51 184
51 187
51 188
51 193
51 197
51 198
52 53
52 55
52 56
52 57
52 63
52 64
52 65
52 66
52 69
52 72
52 73
52 74
52 75
52 76
52 77
52 81
52 82
52 88
52 89
52 90
52 93
52 97
52 99
52 103
52 104
52 108
52 110
52 111
52 112
52 114
52 116
52 118
52 119
52 120
52 122
52 124
52 125
52 126
52 127
52 128
52 130
52 131
52 136
52 139
52 140
52 141
52 142
52 143
52 144
52 146
52 148
52 150
52 151
52 152
52 154
52 155
52 156
52 157
52 158
52 160
52 162
52 163
52 165
52 166
52 170
52 172
52 174
52 175
52 176
52 177
52 179
52 180
52 183
52 184
52 185
52 187
52 188
52 189
52 191
52 192
52 193
52 194
52 197
52 198
52 199
53 54
53 57
53 59
53 60
53 62
53 63
53 64
53 66
53 67
53 68
53 69
53 70
53 71
53 72
53 73
53 74
53 75
53 76
53 78
53 80
53 81
53 82
53 83
53 86
53 87
53 88
53 89
53 90
53 91
53 93
53 95
53 98
53 99
53 100
53 104
53 105
53 106
53 107
53 108
53 110
53 111
53 112
53 114
53 116
53 117
53 118
53 119
53 124
53 125
53 126
53 127
53 128
53 129
53 131
53 132
53 133
53 134
53 135
53 139
53 140
53 143
53 144
53 145
53 146
53 147
53 148
53 149
53 150
53 151
53 152
53 154
53 155
53 157
53 158
53 160
53 161
53 162
53 164
53 167
53 168
53 169
53 171
53 172
53 173
53 174
53 175
53 179
53 182
53 183
53 185
53 186
53 188
53 190
53 191
53 192
53 195
53 196
53 197
54 58
54 59
54 60
54 62
54 65
54 66
54 68
54 69
54 70
54 72
54 73
54 75
54 77
54 78
54 79
54 80
54 83
54 84
54 86
54 87
54 88
54 89
54 91
54 92
54 93
54 94
54 95
54 100
54 101
54 102
54 103
54 105
54 107
54 108
54 109
54 110
54 111
54 114
54 115
54 116
54 117
54 118
54 122
54 123
54 124
54 125
54 126
54 128
54 133
54 134
54 135
54 136
54 138
54 139
54 140
54 141
54 142
54 143
54 144
54 148
54 149
54 150
54 151
54 153
54 154
54 156
54 157
54 158
54 159
54 162
54 163
54 164
54 166
54 167
54 168
54 169
54 170
54 171
54 175
54 176
54 177
54 178
54 179
54 180
54 182
54 183
54 185
54 186
54 188
54 190
54 191
54 192
54 194
54 196
54 197
55 56
55 58
55 59
55 60
55 61
55 63
55 66
55 67
55 69
55 70
55 71
55 72
55 73
55 77
55 79
55 80
55 81
55 82
55 84
55 86
55 89
55 90
55 91
55 93
55 94
55 96
55 97
55 98
55 99
55 102
55 103
55 104
55 105
55 106
55 109
55 110
55 111
55 112
55 113
55 115
55 118
55 119
55 120
55 123
55 124
55 126
55 128
55 131
55 132
55 133
55 134
55 139
55 140
55 142
55 145
55 146
55 147
55 148
55 150
55 151
55 152
55 153
55 154
55 157
55 159
55 160
55 161
55 163
55 164
55 165
55 167
55 170
55 171
55 173
55 174
55 176
55 177
55 178
55 179
55 180
55 182
55 186
55 187
55 188
55 190
55 193
55 194
55 198
56 58
56 59
56 61
56 63
56 64
56 68
56 69
56 70
56 71
56 72
56 74
56 80
56 81
56 84
56 85
56 87
56 90
56 91
56 92
56 93
56 94
56 96
56 103
56 104
56 105
56 106
56 107
56 108
56 111
56 113
56 114
56 115
56 116
56 121
56 122
56 123
56 124
56 125
56 126
56 127
56 128
56 129
56 133
56 135
56 136
56 138
56 139
56 140
56 143
56 145
56 146
56 147
56 148
56 149
56 150
56 151
56 154
56 156
56 157
56 158
56 161
56 162
56 164
56 165
56 166
56 168
56 170
56 172
56 173
56 174
56 175
56 177
56 178
56 179
56 180
56 181
56 183
56 185
56 186
56 187
56 188
56 189
56 190
56 191
56 192
56 193
56 194
56 195
56 196
56 199
57 58
57 59
57 60
57 62
57 64
57 65
57 66
57 67
57 68
57 70
57 71
57 73
57 75
57 77
57 78
57 79
57 80
57 81
57 82
57 85
57 86
57 87
57 90
57 91
57 92
57 93
57 96
57 99
57 100
57 101
57 103
57 104
57 105
57 106
57 107
57 109
57 111
57 113
57 116
57 118
57 119
57 120
57 122
57 123
57 128
57 131
57 132
57 133
57 134
57 135
57 137
57 139
57 140
57 141
57 142
57 143
57 144
57 145
57 146
57 147
57 148
57 153
57 154
57 155
57 156
57 157
57 160
57 161
57 162
57 167
57 171
57 173
57 175
57 176
57 179
57 181
57 182
57 183
57 184
57 186
57 189
57 190
57 192
57 193
57 194
57 196
57 198
57 199
58 61
58 64
58 65
58 66
58 68
58 69
58 71
58 72
58 77
58 79
58 81
58 82
58 87
58 89
58 93
58 94
58 95
58 96
58 99
58 100
58 101
58 102
58 103
58 104
58 105
58 106
58 107
58 110
58 111
58 112
58 113
58 114
58 118
58 121
58 122
58 123
58 125
58 126
58 128
58 129
58 130
58 133
58 134
58 135
58 136
58 137
58 138
58 140
58 141
58 144
58 145
58 146
58 147
58 148
58 150
58 151
58 153
58 154
58 156
58 157
58 158
58 160
58 161
58 164
58 166
58 167
58 168
58 173
58 174
58 177
58 178
58 179
58 180
58 181
58 182
58 183
58 184
58 185
58 188
58 191
58 192
58 193
58 197
58 198
59 60
59 61
59 62
59 64
59 65
59 67
59 69
59 75
59 78
59 79
59 81
59 82
59 84
59 86
59 88
59 89
59 92
59 93
59 94
59 97
59 98
59 99
59 100
59 101
59 102
59 103
59 105
59 107
59 114
59 117
59 118
59 119
59 120
59 122
59 123
59 124
59 125
59 126
59 127
59 128
59 129
59 130
59 136
59 137
59 138
59 140
59 141
59 143
59 144
59 146
59 149
59 150
59 152
59 153
59 154
59 155
59 156
59 158
59 159
59 161
59 162
59 164
59 165
59 167
59 168
59 169
59 170
59 172
59 173
59 174
59 176
59 179
59 180
59 181
59 183
59 185
59 188
59 189
59 193
59 194
59 197
59 198
60 62
60 63
60 64
60 65
60 68
60 69
60 71
60 72
60 74
60 76
60 77
60 79
60 82
60 83
60 84
60 85
60 87
60 88
60 89
60 90
60 91
60 96
60 97
60 98
60 99
60 101
60 104
60 105
60 107
60 108
60 111
60 112
60 114
60 116
60 117
60 118
60 120
60 121
60 122
60 124
60 127
60 129
60 130
60 132
60 133
60 136
60 137
60 138
60 143
60 146
60 148
60 149
60 150
60 151
60 152
60 154
60 155
60 156
60 157
60 158
60 159
60 160
60 161
60 162
60 163
60 165
60 166
60 167
60 168
60 169
60 170
60 171
60 172
60 173
60 175
60 177
60 178
60 180
60 181
60 183
60 185
60 186
60 187
60 191
60 192
60 194
60 195
60 196
60 197
60 199
61 66
61 68
61 70
61 71
61 72
61 73
61 74
61 75
61 79
61 80
61 82
61 83
61 85
61 87
61 90
61 91
61 93
61 94
61 96
61 97
61 98
61 99
61 101
61 103
61 109
61 112
61 114
61 116
61 118
61 120
61 124
61 127
61 128
61 131
61 133
61 135
61 136
61 137
61 139
61 140
61 141
61 142
61 144
61 145
61 147
61 148
61 149
61 150
61 151
61 154
61 155
61 156
61 158
61 159
61 163
61 164
61 167
61 168
61 169
61 170
61 171
61 174
61 176
61 177
61 179
61 180
61 183
61 184
61 185
61 186
61 187
61 189
61 190
61 193
61 195
61 197
61 198
61 199
62 65
62 67
62 69
62 70
62 71
62 72
62 73
62 74
62 76
62 77
62 78
62 79
62 80
62 81
62 83
62 84
62 85
62 86
62 87
62 88
62 89
62 90
62 91
62 92
62 94
62 97
62 98
62 99
62 100
62 101
62 102
62 103
62 106
62 107
62 108
62 111
62 114
62 116
62 118
62 119
62 120
62 121
62 126
62 127
62 129
62 130
62 131
62 133
62 135
62 137
62 139
62 140
62 142
62 143
62 147
62 149
62 150
62 152
62 153
62 154
62 157
62 158
62 159
62 160
62 162
62 163
62 164
62 165
62 169
62 170
62 172
62 173
62 175
62 177
62 179
62 180
62 183
62 184
62 185
62 187
62 189
62 190
62 194
62 195
63 64
63 67
63 68
63 71
63 72
63 73
63 74
63 75
63 76
63 77
63 80
63 83
63 91
63 92
63 93
63 94
63 95
63 98
63 99
63 100
63 101
63 102
63 106
63 108
63 110
63 112
63 113
63 114
63 115
63 117
63 121
63 122
63 124
63 127
63 128
63 129
63 132
63 134
63 136
63 137
63 140
63 144
63 145
63 146
63 147
63 148
63 149
63 151
63 152
63 154
63 158
63 159
63 161
63 162
63 163
63 164
63 166
63 167
63 168
63 169
63 171
63 173
63 176
63 179
63 180
63 184
63 185
63 186
63 187
63 189
63 191
63 195
63 196
64 65
64 66
64 67
64 70
64 73
64 74
64 82
64 84
64 85
64 89
64 92
64 94
64 95
64 96
64 101
64 103
64 108
64 111
64 114
64 117
64 118
64 120
64 122
64 124
64 125
64 127
64 128
64 130
64 131
64 135
64 136
64 138
64 139
64 140
64 142
64 144
64 145
64 146
64 148
64 149
64 152
64 153
64 155
64 156
64 157
64 159
64 161
64 162
64 167
64 170
64 171
64 173
64 174
64 175
64 176
64 177
64 181
64 182
64 183
64 185
64 186
64 190
64 192
64 193
64 195
64 198
64 199
65 67
65 68
65 73
65 75
65 76
65 77
65 78
65 80
65 81
65 83
65 85
65 86
65 87
65 89
65 92
65 93
65 95
65 96
65 98
65 99
65 102
65 103
65 104
65 106
65 111
65 112
65 113
65 114
65 115
65 116
65 120
65 121
65 122
65 123
65 124
65 125
65 126
65 128
65 129
65 130
65 131
65 132
65 134
65 135
65 136
65 137
65 138
65 139
65 140
65 141
65 144
65 145
65 146
65 149
65 150
65 151
65 154
65 155
65 156
65 158
65 159
65 160
65 161
65 162
65 164
65 166
65 168
65 171
65 173
65 174
65 177
65 178
65 179
65 183
65 185
65 186
65 188
65 189
65 190
65 191
65 192
65 197
65 198
66 70
66 71
66 72
66 75
66 77
66 79
66 80
66 81
66 82
66 85
66 86
66 87
66 89
66 90
66 93
66 94
66 95
66 96
66 97
66 98
66 99
66 100
66 104
66 105
66 106
66 108
66 109
66 111
66 113
66 114
66 115
66 116
66 118
66 122
66 124
66 125
66 126
66 127
66 128
66 129
66 131
66 132
66 133
66 134
66 135
66 136
66 137
66 138
66 139
66 140
66 142
66 143
66 144
66 145
66 147
66 148
66 149
66 150
66 151
66 152
66 153
66 154
66 155
66 161
66 162
66 163
66 164
66 166
66 167
66 170
66 172
66 173
66 175
66 178
66 180
66 181
66 182
66 183
66 184
66 185
66 186
66 187
66 189
66 190
66 191
66 194
66 195
66 198
66 199
67 68
67 70
67 71
67 72
67 73
67 74
67 76
67 77
67 78
67 79
67 80
67 81
67 82
67 84
67 85
67 86
67 88
67 91
67 95
67 100
67 102
67 103
67 104
67 107
67 110
67 112
67 113
67 114
67 116
67 117
67 118
67 119
67 120
67 123
67 124
67 126
67 127
67 128
67 129
67 131
67 134
67 135
67 137
67 139
67 143
67 144
67 148
67 149
67 150
67 151
67 152
67 155
67 156
67 158
67 159
67 160
67 161
67 162
67 165
67 166
67 172
67 173
67 175
67 176
67 178
67 180
67 181
67 182
67 183
67 184
67 186
67 187
67 188
67 189
67 192
67 194
67 198
67 199
68 69
68 70
68 71
68 72
68 73
68 74
68 76
68 77
68 78
68 79
68 82
68 84
68 87
68 88
68 89
68 90
68 91
68 92
68 93
68 97
68 98
68 100
68 101
68 102
68 104
68 106
68 107
68 109
68 111
68 112
68 114
68 115
68 117
68 118
68 120
68 121
68 123
68 125
68 126
68 127
68 129
68 132
68 133
68 134
68 135
68 139
68 142
68 145
68 146
68 148
68 149
68 150
68 151
68 155
68 162
68 164
68 165
68 166
68 169
68 170
68 171
68 173
68 174
68 175
68 177
68 178
68 181
68 182
68 183
68 185
68 187
68 191
68 192
68 195
68 196
68 199
69 71
69 72
69 75
69 76
69 77
69 78
69 84
69 86
69 87
69 88
69 91
69 92
69 95
69 98
69 99
69 101
69 102
69 105
69 107
69 111
69 112
69 113
69 115
69 117
69 118
69 120
69 122
69 124
69 125
69 127
69 129
69 130
69 133
69 134
69 136
69 138
69 139
69 140
69 145
69 146
69 150
69 151
69 152
69 153
69 154
69 155
69 156
69 157
69 159
69 160
69 162
69 163
69 164
69 165
69 166
69 168
69 170
69 174
69 177
69 179
69 180
69 181
69 182
69 183
69 185
69 187
69 188
69 189
69 190
69 192
69 194
69 195
69 196
69 197
69 198
70 71
70 72
70 73
70 76
70 77
70 78
70 79
70 80
70 81
70 82
70 83
70 85
70 87
70 88
70 89
70 90
70 91
70 92
70 93
70 94
70 95
70 96
70 97
70 100
70 101
70 102
70 103
70 104
70 105
70 107
70 108
70 109
70 110
70 112
70 113
70 114
70 115
70 117
70 121
70 125
70 127
70 128
70 129
70 130
70 131
70 132
70 134
70 135
70 138
70 139
70 140
70 141
70 144
70 146
70 148
70 149
70 150
70 151
70 152
70 153
70 154
70 156
70 159
70 161
70 163
70 164
70 165
70 166
70 168
70 169
70 171
70 174
70 176
70 177
70 178
70 179
70 180
70 181
70 182
70 184
70 188
70 190
70 192
70 193
70 195
70 196
70 197
70 198
70 199
71 72
71 73
71 74
71 78
71 81
71 84
71 85
71 87
71 89
71 90
71 91
71 92
71 96
71 98
71 101
71 104
71 107
71 110
71 111
71 114
71 116
71 117
71 118
71 119
71 120
71 121
71 123
71 125
71 126
71 127
71 129
71 130
71 131
71 132
71 135
71 136
71 139
71 140
71 141
71 142
71 146
71 148
71 149
71 150
71 151
71 152
71 153
71 154
71 159
71 160
71 162
71 164
71 165
71 166
71 167
71 168
71 169
71 170
71 171
71 172
71 173
71 174
71 175
71 176
71 177
71 179
71 180
71 181
71 184
71 187
71 192
71 193
71 194
71 197
71 198
71 199
72 80
72 82
72 83
72 85
72 86
72 87
72 90
72 91
72 92
72 93
72 94
72 95
72 98
72 101
72 102
72 103
72 104
72 107
72 108
72 111
72 112
72 113
72 117
72 119
72 121
72 122
72 124
72 126
72 128
72 129
72 130
72 137
72 138
72 140
72 142
72 145
72 147
72 148
72 154
72 156
72 159
72 160
72 161
72 162
72 165
72 167
72 173
72 174
72 176
72 177
72 178
72 181
72 183
72 184
72 185
72 189
72 192
72 194
72 195
72 196
72 198
72 199
73 74
73 75
73 76
73 77
73 78
73 79
73 82
73 83
73 85
73 86
73 87
73 89
73 91
73 92
73 93
73 97
73 98
73 100
73 101
73 105
73 108
73 109
73 110
73 112
73 114
73 116
73 117
73 118
73 120
73 125
73 127
73 128
73 129
73 130
73 131
73 132
73 133
73 135
73 136
73 138
73 139
73 141
73 142
73 143
73 147
73 148
73 151
73 153
73 154
73 155
73 156
73 157
73 158
73 162
73 164
73 165
73 166
73 168
73 169
73 170
73 171
73 172
73 176
73 177
73 178
73 180
73 181
73 182
73 184
73 186
73 189
73 190
73 192
73 195
74 78
74 79
74 80
74 82
74 83
74 84
74 89
74 90
74 91
74 94
74 95
74 96
74 98
74 99
74 100
74 101
74 102
74 103
74 105
74 106
74 109
74 111
74 113
74 114
74 115
74 116
74 118
74 120
74 123
74 124
74 125
74 127
74 128
74 129
74 130
74 132
74 133
74 134
74 135
74 138
74 139
74 142
74 143
74 144
74 147
74 148
74 149
74 150
74 151
74 155
74 157
74 159
74 162
74 163
74 164
74 165
74 166
74 168
74 169
74 170
74 172
74 173
74 174
74 176
74 177
74 179
74 180
74 182
74 183
74 184
74 185
74 186
74 188
74 189
74 190
74 194
74 196
74 197
74 199
75 77
75 78
75 79
75 81
75 82
75 84
75 85
75 89
75 90
75 91
75 93
75 95
75 96
75 97
75 98
75 100
75 101
75 102
75 103
75 104
75 107
75 108
75 109
75 110
75 111
75 112
75 113
75 114
75 115
75 116
75 117
75 118
75 120
75 121
75 122
75 123
75 124
75 127
75 128
75 130
75 133
75 135
75 140
75 143
75 144
75 145
75 148
75 149
75 150
75 151
75 152
75 154
75 155
75 156
75 159
75 161
75 167
75 170
75 171
75 172
75 174
75 176
75 178
75 179
75 180
75 184
75 185
75 190
75 191
75 192
75 193
75 194
75 195
75 196
75 198
75 199
76 77
76 78
76 79
76 81
76 82
76 83
76 84
76 85
76 86
76 89
76 90
76 91
76 92
76 95
76 96
76 97
76 100
76 102
76 103
76 105
76 107
76 108
76 111
76 112
76 113
76 117
76 118
76 120
76 122
76 123
76 125
76 127
76 128
76 131
76 134
76 135
76 138
76 139
76 140
76 141
76 143
76 145
76 148
76 149
76 150
76 153
76 156
76 157
76 159
76 161
76 162
76 165
76 166
76 169
76 170
76 171
76 172
76 173
76 174
76 175
76 177
76 178
76 179
76 181
76 182
76 183
76 184
76 186
76 188
76 189
76 190
76 194
76 195
76 198
76 199
77 78
77 79
77 80
77 81
77 84
77 85
77 86
77 90
77 92
77 95
77 96
77 97
77 99
77 100
77 101
77 103
77 105
77 107
77 109
77 111
77 112
77 114
77 117
77 120
77 122
77 123
77 124
77 125
77 126
77 130
77 132
77 133
77 135
77 137
77 140
77 141
77 142
77 144
77 148
77 149
77 151
77 152
77 153
77 154
77 155
77 156
77 157
77 159
77 160
77 161
77 163
77 164
77 165
77 166
77 167
77 169
77 170
77 175
77 176
77 178
77 179
77 182
77 183
77 184
77 185
77 186
77 187
77 188
77 192
77 193
77 194
77 196
77 197
77 199
78 79
78 81
78 82
78 83
78 84
78 85
78 86
78 87
78 88
78 89
78 90
78 91
78 92
78 94
78 98
78 99
78 104
78 110
78 111
78 113
78 114
78 115
78 116
78 122
78 123
78 124
78 126
78 127
78 128
78 129
78 130
78 133
78 134
78 135
78 136
78 137
78 138
78 139
78 140
78 141
78 144
78 145
78 147
78 148
78 150
78 153
78 154
78 155
78 156
78 157
78 162
78 165
78 168
78 169
78 170
78 171
78 172
78 173
78 174
78 175
78 177
78 179
78 180
78 181
78 183
78 184
78 186
78 187
78 188
78 190
78 192
78 194
78 195
78 196
78 198
79 80
79 81
79 82
79 85
79 86
79 87
79 88
79 89
79 92
79 94
79 95
79 96
79 97
79 103
79 105
79 111
79 112
79 113
79 117
79 118
79 119
79 120
79 121
79 122
79 125
79 127
79 128
79 131
79 132
79 133
79 134
79 135
79 136
79 137
79 138
79 139
79 142
79 143
79 144
79 149
79 150
79 151
79 154
79 158
79 159
79 162
79 163
79 166
79 168
79 169
79 172
79 173
79 174
79 177
79 178
79 179
79 180
79 181
79 182
79 183
79 185
79 186
79 188
79 191
79 192
79 193
79 194
79 195
79 197
79 198
80 83
80 84
80 85
80 87
80 88
80 89
80 90
80 92
80 93
80 94
80 95
80 96
80 99
80 105
80 106
80 107
80 108
80 110
80 111
80 113
80 114
80 115
80 117
80 118
80 120
80 121
80 122
80 124
80 126
80 127
80 128
80 131
80 133
80 134
80 135
80 136
80 137
80 138
80 141
80 142
80 145
80 146
80 147
80 149
80 150
80 153
80 155
80 156
80 157
80 160
80 161
80 162
80 163
80 164
80 165
80 166
80 168
80 169
80 170
80 171
80 173
80 174
80 176
80 177
80 179
80 180
80 181
80 184
80 189
80 191
80 192
80 194
80 196
80 198
81 83
81 84
81 85
81 86
81 90
81 92
81 93
81 94
81 95
81 96
81 97
81 98
81 100
81 101
81 102
81 103
81 104
81 106
81 107
81 110
81 111
81 112
81 114
81 115
81 116
81 117
81 118
81 119
81 120
81 121
81 123
81 124
81 125
81 126
81 128
81 129
81 130
81 131
81 132
81 134
81 135
81 137
81 139
81 140
81 141
81 142
81 143
81 145
81 147
81 149
81 150
81 151
81 152
81 153
81 154
81 155
81 157
81 159
81 160
81 161
81 165
81 167
81 168
81 169
81 170
81 171
81 172
81 173
81 176
81 177
81 179
81 180
81 182
81 184
81 187
81 188
81 189
81 191
81 192
81 193
81 195
81 196
81 197
82 84
82 88
82 90
82 93
82 95
82 96
82 97
82 99
82 101
82 102
82 103
82 104
82 114
82 115
82 117
82 120
82 121
82 122
82 124
82 125
82 127
82 129
82 130
82 132
82 133
82 135
82 136
82 139
82 140
82 145
82 148
82 149
82 150
82 152
82 153
82 154
82 155
82 157
82 158
82 160
82 161
82 164
82 166
82 170
82 171
82 173
82 175
82 176
82 177
82 180
82 182
82 183
82 184
82 185
82 186
82 188
82 189
82 192
82 193
82 197
82 199
83 86
83 90
83 91
83 92
83 94
83 95
83 99
83 100
83 101
83 103
83 107
83 110
83 111
83 115
83 118
83 120
83 123
83 124
83 125
83 126
83 127
83 128
83 130
83 131
83 133
83 136
83 137
83 138
83 139
83 140
83 141
83 142
83 143
83 144
83 145
83 146
83 147
83 149
83 151
83 152
83 153
83 154
83 155
83 156
83 158
83 159
83 168
83 170
83 171
83 172
83 173
83 177
83 178
83 179
83 180
83 184
83 186
83 187
83 188
83 189
83 191
83 193
83 197
83 198
83 199
84 91
84 94
84 95
84 96
84 97
84 99
84 100
84 101
84 102
84 103
84 104
84 107
84 108
84 110
84 111
84 112
84 113
84 114
84 115
84 118
84 119
84 120
84 121
84 122
84 123
84 124
84 125
84 126
84 127
84 129
84 131
84 132
84 134
84 136
84 137
84 138
84 139
84 140
84 141
84 142
84 143
84 144
84 146
84 148
84 149
84 150
84 154
84 156
84 157
84 158
84 160
84 162
84 164
84 165
84 166
84 167
84 168
84 171
84 172
84 175
84 179
84 180
84 181
84 182
84 183
84 186
84 187
84 190
84 192
84 194
84 196
84 197
84 198
85 90
85 91
85 92
85 93
85 94
85 95
85 96
85 99
85 101
85 102
85 105
85 106
85 107
85 109
85 110
85 112
85 113
85 117
85 118
85 119
85 122
85 123
85 125
85 126
85 128
85 129
85 131
85 136
85 138
85 139
85 140
85 142
85 145
85 146
85 148
85 150
85 151
85 154
85 155
85 156
85 158
85 159
85 163
85 164
85 168
85 169
85 170
85 171
85 172
85 176
85 178
85 180
85 181
85 184
85 186
85 187
85 189
85 190
85 193
85 196
85 197
85 198
85 199
86 87
86 88
86 90
86 91
86 93
86 95
86 98
86 99
86 108
86 110
86 112
86 114
86 115
86 116
86 117
86 118
86 119
86 120
86 121
86 122
86 124
86 125
86 126
86 127
86 128
86 130
86 132
86 133
86 134
86 135
86 136
86 137
86 139
86 140
86 141
86 142
86 143
86 146
86 147
86 148
86 149
86 150
86 151
86 155
86 157
86 160
86 161
86 162
86 166
86 168
86 169
86 170
86 171
86 173
86 174
86 177
86 178
86 179
86 181
86 182
86 186
86 187
86 188
86 189
86 190
86 191
86 194
86 195
86 196
86 198
87 88
87 92
87 93
87 98
87 99
87 100
87 102
87 103
87 107
87 108
87 109
87 111
87 112
87 114
87 115
87 116
87 117
87 120
87 124
87 125
87 126
87 130
87 132
87 133
87 134
87 135
87 136
87 139
87 140
87 142
87 145
87 146
87 147
87 148
87 152
87 155
87 156
87 157
87 159
87 163
87 164
87 165
87 168
87 169
87 171
87 173
87 174
87 177
87 178
87 181
87 182
87 183
87 184
87 187
87 189
87 190
87 191
87 192
87 193
87 195
87 197
87 199
88 89
88 90
88 93
88 95
88 97
88 98
88 101
88 102
88 103
88 104
88 105
88 108
88 111
88 112
88 115
88 117
88 118
88 119
88 120
88 121
88 122
88 123
88 124
88 125
88 126
88 127
88 128
88 130
88 131
88 133
88 135
88 136
88 140
88 141
88 142
88 143
88 144
88 145
88 149
88 150
88 153
88 156
88 157
88 158
88 159
88 160
88 161
88 162
88 163
88 165
88 166
88 167
88 169
88 170
88 171
88 172
88 173
88 175
88 176
88 177
88 179
88 181
88 182
88 183
88 184
88 185
88 188
88 191
88 192
88 194
88 196
88 199
89 90
89 91
89 92
89 93
89 94
89 95
89 96
89 99
89 101
89 102
89 103
89 105
89 107
89 108
89 111
89 115
89 118
89 121
89 122
89 124
89 127
89 128
89 129
89 132
89 135
89 138
89 139
89 140
89 142
89 145
89 146
89 147
89 148
89 150
89 152
89 157
89 158
89 159
89 160
89 163
89 166
89 170
89 171
89 174
89 175
89 176
89 177
89 178
89 179
89 181
89 182
89 184
89 185
89 186
89 188
89 190
89 191
89 193
89 195
89 196
89 197
89 199
90 91
90 93
90 94
90 99
90 100
90 102
90 103
90 104
90 105
90 106
90 111
90 112
90 113
90 114
90 119
90 120
90 121
90 123
90 125
90 127
90 128
90 129
90 132
90 133
90 134
90 135
90 136
90 138
90 139
90 140
90 141
90 144
90 146
90 149
90 153
90 154
90 155
90 156
90 158
90 160
90 163
90 166
90 167
90 168
90 170
90 171
90 174
90 176
90 177
90 180
90 182
90 183
90 184
90 185
90 186
90 187
90 190
90 196
90 197
90 199
91 92
91 93
91 94
91 96
91 97
91 98
91 99
91 100
91 101
91 102
91 106
91 107
91 108
91 109
91 110
91 112
91 113
91 114
91 115
91 116
91 118
91 119
91 120
91 122
91 123
91 124
91 126
91 128
91 129
91 130
91 131
91 132
91 133
91 134
91 135
91 137
91 138
91 140
91 141
91 144
91 145
91 146
91 147
91 148
91 149
91 150
91 151
91 152
91 155
91 156
91 157
91 158
91 161
91 162
91 164
91 165
91 169
91 173
91 174
91 175
91 176
91 177
91 178
91 179
91 180
91 182
91 183
91 186
91 190
91 191
91 194
91 195
91 196
91 197
91 198
91 199
92 94
92 95
92 98
92 100
92 101
92 102
92 105
92 106
92 107
92 109
92 110
92 111
92 112
92 113
92 114
92 116
92 118
92 119
92 120
92 121
92 122
92 125
92 126
92 127
92 129
92 132
92 133
92 135
92 138
92 139
92 140
92 141
92 142
92 143
92 144
92 145
92 146
92 147
92 150
92 152
92 154
92 156
92 157
92 159
92 162
92 165
92 166
92 167
92 169
92 171
92 172
92 174
92 175
92 176
92 177
92 178
92 179
92 182
92 183
92 184
92 185
92 187
92 193
92 194
92 195
92 196
92 199
93 94
93 95
93 96
93 97
93 99
93 101
93 102
93 103
93 105
93 106
93 109
93 110
93 111
93 113
93 117
93 118
93 119
93 120
93 121
93 123
93 127
93 128
93 130
93 131
93 139
93 140
93 141
93 142
93 145
93 146
93 147
93 148
93 149
93 150
93 151
93 155
93 156
93 157
93 158
93 159
93 162
93 166
93 168
93 170
93 171
93 172
93 173
93 175
93 176
93 178
93 179
93 180
93 181
93 182
93 184
93 185
93 186
93 187
93 189
93 190
93 192
93 194
93 195
93 196
93 197
93 198
94 95
94 96
94 98
94 99
94 100
94 101
94 102
94 103
94 104
94 105
94 109
94 112
94 113
94 114
94 115
94 117
94 118
94 119
94 120
94 121
94 123
94 124
94 125
94 126
94 128
94 129
94 130
94 134
94 135
94 136
94 140
94 141
94 142
94 143
94 145
94 146
94 149
94 150
94 155
94 158
94 159
94 162
94 163
94 164
94 165
94 166
94 168
94 171
94 172
94 174
94 175
94 179
94 180
94 182
94 184
94 186
94 187
94 188
94 189
94 190
94 194
94 195
94 196
94 197
94 199
95 96
95 97
95 98
95 99
95 100
95 102
95 103
95 105
95 106
95 111
95 113
95 114
95 115
95 116
95 117
95 121
95 122
95 124
95 125
95 128
95 129
95 136
95 137
95 138
95 141
95 142
95 143
95 144
95 147
95 150
95 153
95 154
95 156
95 157
95 158
95 159
95 160
95 161
95 165
95 166
95 167
95 169
95 171
95 172
95 173
95 174
95 178
95 181
95 183
95 185
95 187
95 188
95 189
95 191
95 192
95 193
95 194
96 98
96 100
96 101
96 102
96 103
96 106
96 108
96 109
96 110
96 111
96 112
96 114
96 116
96 117
96 119
96 120
96 121
96 124
96 125
96 126
96 128
96 129
96 130
96 131
96 133
96 135
96 138
96 139
96 140
96 142
96 143
96 144
96 146
96 147
96 148
96 149
96 150
96 151
96 152
96 153
96 154
96 155
96 156
96 157
96 158
96 159
96 160
96 163
96 169
96 170
96 171
96 172
96 174
96 175
96 177
96 178
96 179
96 181
96 182
96 183
96 184
96 185
96 186
96 188
96 192
96 193
96 194
96 197
96 198
96 199
97 98
97 101
97 102
97 103
97 105
97 106
97 107
97 108
97 110
97 112
97 114
97 116
97 117
97 119
97 125
97 127
97 128
97 131
97 132
97 133
97 135
97 136
97 137
97 138
97 140
97 141
97 145
97 146
97 147
97 148
97 149
97 151
97 152
97 153
97 154
97 156
97 157
97 158
97 159
97 160
97 161
97 162
97 163
97 164
97 165
97 170
97 172
97 174
97 175
97 176
97 177
97 179
97 181
97 182
97 183
97 184
97 186
97 187
97 188
97 189
97 193
97 194
97 196
97 198
97 199
98 99
98 101
98 103
98 106
98 107
98 109
98 115
98 116
98 118
98 121
98 123
98 125
98 127
98 128
98 129
98 130
98 131
98 132
98 133
98 135
98 136
98 139
98 141
98 143
98 145
98 146
98 147
98 149
98 150
98 151
98 153
98 154
98 157
98 158
98 159
98 161
98 164
98 165
98 167
98 169
98 170
98 171
98 173
98 177
98 182
98 184
98 186
98 190
98 192
98 193
98 195
98 196
98 199
99 102
99 103
99 107
99 108
99 109
99 112
99 113
99 115
99 116
99 117
99 119
99 120
99 121
99 122
99 124
99 125
99 128
99 129
99 130
99 132
99 134
99 135
99 137
99 138
99 141
99 142
99 143
99 145
99 146
99 147
99 149
99 150
99 151
99 152
99 155
99 156
99 161
99 162
99 164
99 166
99 170
99 171
99 172
99 173
99 174
99 175
99 177
99 180
99 182
99 183
99 186
99 188
99 192
99 193
99 194
99 196
99 197
100 103
100 104
100 106
100 109
100 110
100 111
100 113
100 114
100 116
100 118
100 120
100 121
100 124
100 125
100 126
100 127
100 132
100 133
100 134
100 135
100 136
100 138
100 140
100 141
100 142
100 143
100 145
100 146
100 147
100 148
100 149
100 153
100 154
100 156
100 157
100 158
100 159
100 160
100 162
100 163
100 164
100 167
100 168
100 169
100 170
100 172
100 176
100 179
100 180
100 181
100 183
100 184
100 185
100 186
100 188
100 190
100 192
100 193
100 194
100 196
100 198
100 199
101 103
101 105
101 106
101 107
101 113
101 115
101 117
101 118
101 119
101 120
101 121
101 123
101 124
101 125
101 127
101 129
101 131
101 132
101 133
101 134
101 136
101 137
101 138
101 142
101 143
101 146
101 148
101 149
101 151
101 152
101 154
101 155
101 156
101 157
101 158
101 159
101 161
101 162
101 163
101 164
101 166
101 167
101 168
101 170
101 171
101 172
101 174
101 175
101 176
101 177
101 178
101 179
101 181
101 184
101 186
101 187
101 188
101 189
101 190
101 191
101 192
101 193
101 194
101 195
101 196
101 198
102 104
102 105
102 106
102 108
102 110
102 113
102 115
102 116
102 117
102 118
102 119
102 120
102 121
102 122
102 124
102 125
102 126
102 128
102 129
102 131
102 137
102 140
102 143
102 144
102 145
102 146
102 147
102 148
102 149
102 150
102 151
102 152
102 153
102 157
102 161
102 162
102 163
102 164
102 165
102 169
102 171
102 174
102 175
102 176
102 177
102 180
102 181
102 184
102 185
102 189
102 192
102 194
102 197
102 198
103 105
103 107
103 112
103 116
103 118
103 120
103 125
103 126
103 127
103 128
103 129
103 130
103 132
103 133
103 134
103 138
103 141
103 142
103 143
103 144
103 146
103 147
103 148
103 150
103 151
103 152
103 153
103 154
103 156
103 157
103 159
103 160
103 161
103 162
103 163
103 164
103 165
103 166
103 167
103 168
103 169
103 172
103 173
103 174
103 177
103 179
103 180
103 181
103 184
103 186
103 187
103 189
103 191
103 192
103 194
103 195
103 196
103 197
103 199
104 105
104 106
104 108
104 109
104 111
104 112
104 115
104 116
104 117
104 119
104 120
104 121
104 122
104 124
104 125
104 126
104 127
104 129
104 130
104 132
104 133
104 134
104 136
104 137
104 138
104 142
104 143
104 147
104 148
104 149
104 150
104 153
104 154
104 157
104 159
104 161
104 162
104 163
104 164
104 165
104 166
104 167
104 168
104 172
104 173
104 175
104 176
104 178
104 179
104 180
104 182
104 185
104 187
104 188
104 192
104 193
104 194
104 195
104 196
104 197
104 199
105 107
105 108
105 109
105 110
105 111
105 112
105 114
105 117
105 118
105 119
105 121
105 122
105 123
105 124
105 128
105 129
105 131
105 133
105 135
105 136
105 138
105 139
105 142
105 144
105 146
105 148
105 149
105 151
105 152
105 154
105 155
105 160
105 161
105 166
105 167
105 168
105 169
105 170
105 172
105 173
105 175
105 177
105 179
105 180
105 181
105 182
105 184
105 185
105 186
105 187
105 188
105 190
105 195
105 196
105 198
106 108
106 109
106 110
106 113
106 114
106 115
106 118
106 122
106 125
106 127
106 131
106 132
106 133
106 134
106 136
106 138
106 139
106 140
106 144
106 145
106 146
106 147
106 148
106 150
106 151
106 154
106 155
106 156
106 157
106 159
106 160
106 161
106 162
106 163
106 164
106 168
106 169
106 172
106 177
106 178
106 179
106 180
106 182
106 184
106 186
106 187
106 188
106 189
106 191
106 194
106 195
106 197
106 198
106 199
107 108
107 109
107 111
107 114
107 116
107 118
107 120
107 121
107 122
107 123
107 124
107 126
107 131
107 135
107 136
107 137
107 139
107 141
107 142
107 144
107 147
107 153
107 154
107 156
107 157
107 160
107 161
107 162
107 163
107 164
107 170
107 171
107 175
107 178
107 179
107 181
107 182
107 184
107 185
107 189
107 191
107 194
107 195
107 196
107 197
107 198
108 109
108 110
108 112
108 115
108 117
108 118
108 119
108 123
108 124
108 125
108 128
108 129
108 131
108 132
108 134
108 135
108 137
108 141
108 142
108 145
108 150
108 151
108 152
108 153
108 155
108 156
108 157
108 165
108 166
108 167
108 168
108 170
108 171
108 172
108 174
108 176
108 177
108 178
108 179
108 181
108 182
108 183
108 184
108 185
108 186
108 187
108 188
108 189
108 190
108 191
108 192
108 194
108 197
109 111
109 113
109 116
109 117
109 118
109 119
109 120
109 123
109 124
109 125
109 126
109 128
109 129
109 130
109 131
109 132
109 135
109 136
109 137
109 138
109 141
109 142
109 145
109 146
109 148
109 149
109 150
109 151
109 153
109 154
109 155
109 158
109 159
109 160
109 163
109 164
109 167
109 169
109 170
109 172
109 173
109 175
109 176
109 177
109 178
109 180
109 181
109 182
109 184
109 189
109 193
109 194
109 196
109 198
109 199
110 111
110 112
110 113
110 114
110 115
110 117
110 119
110 121
110 124
110 125
110 126
110 127
110 128
110 129
110 130
110 131
110 132
110 133
110 134
110 135
110 139
110 140
110 145
110 146
110 147
110 148
110 149
110 150
110 152
110 154
110 157
110 158
110 159
110 161
110 162
110 164
110 165
110 167
110 169
110 170
110 172
110 174
110 175
110 177
110 180
110 181
110 182
110 183
110 185
110 187
110 188
110 190
110 192
110 193
110 194
110 195
110 196
110 197
110 198
110 199
111 114
111 115
111 116
111 118
111 119
111 120
111 121
111 125
111 126
111 128
111 130
111 131
111 133
111 134
111 136
111 138
111 139
111 140
111 141
111 142
111 143
111 146
111 147
111 148
111 149
111 150
111 151
111 152
111 153
111 154
111 155
111 158
111 160
111 161
111 165
111 167
111 169
111 170
111 171
111 173
111 174
111 175
111 176
111 177
111 179
111 180
111 183
111 184
111 188
111 189
111 190
111 191
111 194
111 195
111 199
112 114
112 115
112 117
112 118
112 119
112 123
112 124
112 126
112 127
112 128
112 129
112 130
112 134
112 138
112 140
112 141
112 143
112 144
112 145
112 148
112 149
112 150
112 156
112 161
112 162
112 168
112 169
112 170
112 171
112 174
112 177
112 179
112 181
112 182
112 183
112 184
112 186
112 189
112 190
112 193
112 194
112 196
112 199
113 114
113 116
113 117
113 121
113 123
113 124
113 127
113 128
113 129
113 130
113 133
113 134
113 135
113 136
113 137
113 138
113 139
113 140
113 141
113 143
113 144
113 145
113 148
113 149
113 150
113 151
113 152
113 154
113 156
113 158
113 161
113 165
113 168
113 169
113 171
113 172
113 174
113 175
113 177
113 178
113 180
113 181
113 183
113 184
113 189
113 191
113 195
113 197
114 119
114 120
114 123
114 124
114 125
114 126
114 128
114 130
114 132
114 133
114 134
114 139
114 141
114 143
114 144
114 145
114 146
114 147
114 149
114 151
114 154
114 155
114 156
114 158
114 159
114 160
114 164
114 165
114 166
114 168
114 171
114 172
114 173
114 174
114 176
114 179
114 180
114 182
114 183
114 184
114 185
114 186
114 188
114 191
114 192
114 198
114 199
115 116
115 118
115 119
115 121
115 122
115 125
115 126
115 127
115 128
115 132
115 133
115 134
115 136
115 137
115 139
115 141
115 143
115 144
115 145
115 146
115 147
115 148
115 149
115 150
115 151
115 153
115 154
115 155
115 156
115 160
115 161
115 162
115 163
115 165
115 167
115 168
115 170
115 171
115 172
115 174
115 175
115 177
115 180
115 181
115 182
115 185
115 188
115 190
115 194
115 196
115 198
115 199
116 118
116 119
116 120
116 123
116 125
116 126
116 127
116 128
116 129
116 130
116 132
116 134
116 135
116 139
116 140
116 142
116 144
116 145
116 146
116 147
116 150
116 151
116 152
116 153
116 154
116 155
116 157
116 158
116 159
116 160
116 165
116 166
116 168
116 169
116 171
116 174
116 175
116 176
116 177
116 178
116 179
116 180
116 182
116 184
116 185
116 187
116 188
116 192
116 193
116 195
116 196
116 197
116 198
117 119
117 120
117 121
117 123
117 124
117 125
117 127
117 128
117 129
117 131
117 132
117 135
117 137
117 139
117 140
117 141
117 142
117 144
117 145
117 146
117 147
117 148
117 149
117 151
117 155
117 156
117 158
117 160
117 162
117 163
117 164
117 165
117 166
117 168
117 170
117 171
117 173
117 174
117 175
117 176
117 177
117 178
117 180
117 181
117 182
117 184
117 185
117 187
117 189
117 190
117 191
117 192
117 193
117 197
118 119
118 122
118 123
118 124
118 125
118 126
118 127
118 128
118 129
118 131
118 134
118 135
118 136
118 137
118 140
118 143
118 144
118 145
118 148
118 149
118 150
118 153
118 154
118 155
118 156
118 157
118 158
118 159
118 160
118 162
118 165
118 166
118 167
118 168
118 169
118 170
118 173
118 174
118 176
118 179
118 181
118 185
118 186
118 189
118 194
118 195
118 196
118 197
118 198
119 120
119 121
119 123
119 127
119 128
119 129
119 130
119 131
119 133
119 134
119 135
119 136
119 138
119 139
119 141
119 142
119 143
119 144
119 146
119 150
119 151
119 153
119 154
119 155
119 156
119 157
119 159
119 161
119 163
119 164
119 165
119 166
119 167
119 169
119 173
119 174
119 175
119 177
119 181
119 184
119 189
119 192
119 194
119 195
119 198
119 199
120 121
120 122
120 123
120 124
120 125
120 127
120 129
120 130
120 135
120 136
120 137
120 139
120 141
120 144
120 147
120 152
120 153
120 154
120 155
120 156
120 157
120 158
120 161
120 162
120 163
120 165
120 166
120 168
120 170
120 171
120 172
120 174
120 175
120 178
120 179
120 181
120 185
120 186
120 187
120 188
120 191
120 195
120 197
121 122
121 126
121 128
121 130
121 136
121 137
121 140
121 141
121 145
121 148
121 149
121 150
121 151
121 153
121 154
121 155
121 157
121 158
121 159
121 160
121 161
121 163
121 164
121 165
121 166
121 167
121 168
121 169
121 170
121 173
121 176
121 180
121 181
121 182
121 185
121 188
121 189
121 190
121 191
121 192
121 193
121 194
121 197
121 198
121 199
122 123
122 124
122 126
122 127
122 132
122 133
122 136
122 137
122 138
122 139
122 141
122 142
122 144
122 147
122 149
122 152
122 153
122 154
122 155
122 156
122 157
122 158
122 159
122 160
122 162
122 163
122 168
122 169
122 170
122 171
122 173
122 175
122 176
122 177
122 179
122 180
122 184
122 187
122 188
122 189
122 192
122 195
122 198
123 125
123 126
123 128
123 130
123 131
123 133
123 134
123 135
123 136
123 137
123 142
123 147
123 149
123 152
123 154
123 155
123 156
123 158
123 162
123 164
123 166
123 167
123 168
123 170
123 172
123 173
123 174
123 176
123 179
123 181
123 182
123 186
123 190
123 191
123 192
123 193
123 194
123 197
123 198
123 199
124 125
124 126
124 127
124 128
124 129
124 133
124 134
124 135
124 136
124 137
124 139
124 140
124 142
124 143
124 146
124 147
124 148
124 149
124 151
124 156
124 159
124 161
124 162
124 164
124 165
124 166
124 167
124 168
124 169
124 171
124 172
124 176
124 177
124 179
124 180
124 181
124 182
124 183
124 184
124 185
124 189
124 190
124 191
124 193
124 195
124 196
124 197
124 198
125 126
125 127
125 128
125 131
125 133
125 134
125 135
125 137
125 138
125 139
125 140
125 141
125 142
125 143
125 145
125 148
125 149
125 150
125 151
125 152
125 154
125 155
125 156
125 157
125 158
125 161
125 162
125 163
125 165
125 167
125 168
125 170
125 171
125 173
125 175
125 177
125 178
125 179
125 180
125 181
125 182
125 185
125 186
125 189
125 191
125 192
125 194
125 195
125 196
125 197
126 128
126 131
126 132
126 133
126 134
126 137
126 142
126 143
126 144
126 145
126 146
126 148
126 151
126 152
126 153
126 159
126 160
126 161
126 164
126 167
126 168
126 169
126 170
126 171
126 173
126 175
126 178
126 182
126 183
126 185
126 186
126 189
126 190
126 191
126 194
126 195
126 196
126 199
127 130
127 133
127 134
127 136
127 138
127 139
127 141
127 143
127 147
127 150
127 152
127 154
127 156
127 157
127 161
127 162
127 165
127 166
127 168
127 169
127 170
127 173
127 174
127 175
127 176
127 177
127 178
127 179
127 181
127 184
127 187
127 190
127 191
127 193
127 194
127 196
127 197
127 199
128 130
128 131
128 132
128 133
128 134
128 136
128 138
128 140
128 141
128 143
128 144
128 145
128 147
128 149
128 150
128 152
128 154
128 156
128 157
128 158
128 159
128 160
128 161
128 163
128 164
128 165
128 168
128 169
128 171
128 174
128 175
128 178
128 179
128 181
128 182
128 183
128 184
128 186
128 187
128 190
128 193
128 196
128 197
129 130
129 132
129 133
129 135
129 136
129 137
129 138
129 139
129 140
129 141
129 142
129 143
129 144
129 145
129 146
129 149
129 151
129 152
129 153
129 154
129 155
129 156
129 157
129 158
129 159
129 160
129 161
129 164
129 165
129 166
129 167
129 168
129 170
129 171
129 172
129 173
129 174
129 181
129 182
129 184
129 185
129 188
129 189
129 190
129 191
129 193
129 194
129 195
129 197
129 198
130 131
130 133
130 134
130 136
130 137
130 139
130 141
130 144
130 145
130 146
130 149
130 150
130 151
130 152
130 154
130 159
130 162
130 163
130 164
130 166
130 168
130 169
130 170
130 171
130 172
130 173
130 174
130 175
130 176
130 178
130 179
130 180
130 181
130 182
130 183
130 184
130 185
130 186
130 187
130 188
130 191
130 192
130 193
130 195
130 196
130 199
131 133
131 134
131 135
131 136
131 138
131 141
131 143
131 145
131 146
131 147
131 150
131 151
131 154
131 155
131 157
131 160
131 161
131 163
131 166
131 170
131 171
131 172
131 173
131 175
131 177
131 181
131 182
131 184
131 185
131 187
131 188
131 190
131 191
131 192
131 193
131 194
131 199
132 133
132 134
132 135
132 136
132 137
132 139
132 141
132 142
132 143
132 146
132 148
132 149
132 151
132 152
132 154
132 157
132 161
132 164
132 165
132 166
132 169
132 173
132 174
132 178
132 181
132 182
132 184
132 186
132 187
132 188
132 190
132 191
132 194
132 195
132 198
132 199
133 135
133 138
133 139
133 140
133 141
133 144
133 145
133 147
133 152
133 153
133 157
133 158
133 159
133 161
133 162
133 163
133 165
133 167
133 168
133 171
133 173
133 176
133 180
133 183
133 184
133 186
133 187
133 188
133 191
133 192
133 194
133 195
133 198
133 199
134 138
134 139
134 140
134 143
134 144
134 145
134 146
134 148
134 149
134 151
134 152
134 153
134 154
134 157
134 159
134 160
134 161
134 162
134 164
134 165
134 170
134 172
134 174
134 177
134 178
134 179
134 181
134 182
134 183
134 189
134 190
134 193
134 195
134 198
134 199
135 136
135 138
135 139
135 141
135 144
135 145
135 148
135 149
135 150
135 153
135 154
135 156
135 158
135 160
135 162
135 163
135 165
135 169
135 170
135 172
135 173
135 174
135 177
135 178
135 179
135 180
135 185
135 186
135 187
135 189
135 192
135 193
135 194
135 196
135 197
136 137
136 138
136 139
136 140
136 142
136 143
136 144
136 146
136 147
136 148
136 150
136 151
136 152
136 154
136 161
136 162
136 163
136 164
136 165
136 166
136 167
136 169
136 171
136 174
136 175
136 177
136 178
136 179
136 181
136 182
136 183
136 184
136 185
136 186
136 188
136 189
136 190
136 191
136 194
136 195
136 197
136 199
137 138
137 139
137 148
137 150
137 151
137 152
137 155
137 156
137 157
137 158
137 160
137 161
137 162
137 163
137 164
137 168
137 169
137 170
137 171
137 172
137 173
137 174
137 175
137 176
137 177
137 179
137 180
137 181
137 182
137 183
137 188
137 190
137 191
137 192
137 194
137 195
137 198
137 199
138 141
138 143
138 144
138 145
138 146
138 147
138 149
138 151
138 152
138 154
138 156
138 161
138 162
138 163
138 164
138 166
138 168
138 171
138 172
138 174
138 175
138 176
138 177
138 178
138 179
138 181
138 182
138 183
138 184
138 186
138 187
138 188
138 189
138 190
138 191
138 192
138 193
138 195
138 196
138 198
138 199
139 140
139 141
139 142
139 147
139 150
139 152
139 154
139 155
139 161
139 162
139 164
139 165
139 167
139 168
139 169
139 171
139 175
139 176
139 178
139 182
139 184
139 188
139 189
139 193
139 195
139 196
139 197
139 199
140 141
140 144
140 146
140 147
140 148
140 149
140 150
140 151
140 154
140 157
140 158
140 161
140 162
140 164
140 166
140 167
140 168
140 169
140 170
140 171
140 172
140 173
140 174
140 175
140 177
140 178
140 180
140 181
140 189
140 190
140 191
140 193
140 194
140 196
140 197
140 199
141 142
141 144
141 146
141 149
141 151
141 152
141 155
141 156
141 157
141 167
141 168
141 169
141 170
141 172
141 177
141 178
141 179
141 180
141 182
141 183
141 184
141 185
141 187
141 189
141 190
141 192
141 193
141 194
141 195
141 197
141 198
142 144
142 146
142 147
142 148
142 149
142 151
142 153
142 154
142 155
142 156
142 157
142 158
142 159
142 160
142 163
142 164
142 166
142 169
142 171
142 172
142 175
142 176
142 179
142 180
142 181
142 182
142 184
142 185
142 186
142 187
142 188
142 189
142 190
142 193
142 195
143 144
143 146
143 147
143 151
143 152
143 155
143 156
143 157
143 159
143 160
143 161
143 163
143 165
143 166
143 168
143 169
143 170
143 172
143 174
143 175
143 176
143 178
143 181
143 183
143 186
143 188
143 189
143 190
143 191
143 193
143 194
143 195
143 196
143 197
143 198
144 145
144 146
144 147
144 148
144 150
144 151
144 153
144 154
144 155
144 157
144 158
144 160
144 161
144 163
144 166
144 167
144 168
144 169
144 170
144 173
144 174
144 175
144 178
144 180
144 181
144 185
144 187
144 188
144 194
144 195
144 196
144 198
144 199
145 146
145 148
145 152
145 153
145 154
145 156
145 158
145 160
145 161
145 162
145 163
145 165
145 167
145 169
145 170
145 171
145 172
145 173
145 177
145 178
145 180
145 181
145 184
145 186
145 188
145 190
145 191
145 192
145 193
145 194
145 196
145 197
145 199
146 147
146 148
146 149
146 151
146 152
146 153
146 156
146 157
146 159
146 160
146 161
146 163
146 166
146 168
146 169
146 170
146 171
146 172
146 175
146 176
146 178
146 179
146 181
146 182
146 183
146 184
146 185
146 186
146 188
146 189
146 190
146 192
146 194
146 196
147 148
147 149
147 150
147 154
147 156
147 157
147 158
147 160
147 164
147 166
147 167
147 169
147 171
147 172
147 173
147 175
147 176
147 177
147 178
147 180
147 181
147 182
147 183
147 184
147 185
147 186
147 188
147 190
147 191
147 192
147 193
147 194
147 195
147 197
148 150
148 153
148 154
148 156
148 157
148 158
148 159
148 163
148 166
148 167
148 170
148 173
148 174
148 175
148 176
148 177
148 178
148 181
148 183
148 184
148 186
148 187
148 188
148 190
148 191
148 192
148 193
148 196
148 198
148 199
149 150
149 151
149 153
149 154
149 155
149 156
149 159
149 160
149 161
149 162
149 163
149 164
149 165
149 168
149 170
149 171
149 176
149 177
149 178
149 181
149 182
149 183
149 184
149 186
149 189
149 190
149 193
149 194
149 195
149 196
149 197
149 198
149 199
150 153
150 156
150 158
150 160
150 161
150 164
150 165
150 166
150 168
150 169
150 170
150 171
150 172
150 173
150 175
150 177
150 179
150 180
150 184
150 185
150 186
150 188
150 192
150 194
150 195
150 199
151 152
151 154
151 155
151 159
151 160
151 161
151 163
151 164
151 165
151 166
151 167
151 172
151 174
151 175
151 176
151 177
151 178
151 179
151 180
151 181
151 184
151 185
151 186
151 188
151 189
151 192
151 193
151 196
151 197
151 199
152 153
152 155
152 156
152 158
152 159
152 160
152 162
152 164
152 166
152 167
152 168
152 169
152 170
152 174
152 178
152 180
152 182
152 183
152 184
152 186
152 189
152 191
152 193
152 194
152 196
152 197
152 198
152 199
153 154
153 155
153 159
153 160
153 162
153 163
153 164
153 167
153 168
153 171
153 173
153 175
153 178
153 179
153 180
153 181
153 182
153 183
153 184
153 185
153 189
153 194
153 195
153 196
153 197
153 198
153 199
154 155
154 156
154 157
154 159
154 164
154 167
154 169
154 170
154 171
154 172
154 175
154 176
154 179
154 182
154 183
154 184
154 185
154 186
154 188
154 189
154 190
154 193
154 194
154 196
154 198
154 199
155 158
155 159
155 160
155 161
155 162
155 164
155 168
155 170
155 172
155 176
155 177
155 178
155 179
155 180
155 181
155 184
155 186
155 188
155 191
155 195
155 196
155 197
155 198
155 199
156 159
156 161
156 162
156 163
156 164
156 165
156 166
156 168
156 169
156 171
156 172
156 173
156 177
156 179
156 180
156 181
156 183
156 185
156 187
156 189
156 190
156 191
156 193
156 194
156 195
156 196
156 197
157 158
157 160
157 161
157 163
157 165
157 166
157 167
157 168
157 171
157 173
157 174
157 175
157 176
157 177
157 178
157 179
157 180
157 181
157 183
157 184
157 186
157 188
157 189
157 190
157 191
157 192
157 193
157 195
157 196
157 197
158 159
158 160
158 161
158 164
158 165
158 166
158 167
158 170
158 171
158 173
158 174
158 176
158 177
158 178
158 179
158 180
158 181
158 184
158 185
158 186
158 187
158 191
158 193
158 194
158 196
158 197
158 198
159 164
159 165
159 167
159 170
159 171
159 172
159 173
159 175
159 176
159 177
159 179
159 180
159 185
159 186
159 187
159 188
159 189
159 190
159 191
159 193
159 194
159 196
159 198
159 199
160 161
160 162
160 165
160 166
160 167
160 168
160 169
160 171
160 172
160 173
160 176
160 177
160 178
160 179
160 182
160 183
160 184
160 186
160 187
160 189
160 190
160 191
160 192
160 199
161 163
161 164
161 165
161 168
161 169
161 171
161 173
161 175
161 181
161 182
161 184
161 185
161 187
161 190
161 191
161 193
161 194
161 195
161 197
161 198
161 199
162 163
162 164
162 165
162 167
162 168
162 170
162 171
162 172
162 173
162 175
162 176
162 177
162 178
162 179
162 180
162 181
162 185
162 187
162 189
162 190
162 193
162 195
162 196
162 198
162 199
163 164
163 167
163 169
163 170
163 172
163 174
163 176
163 180
163 181
163 182
163 183
163 184
163 185
163 187
163 188
163 189
163 190
163 191
163 193
163 198
163 199
164 166
164 167
164 168
164 169
164 170
164 171
164 172
164 173
164 174
164 175
164 178
164 179
164 180
164 182
164 183
164 184
164 185
164 186
164 187
164 189
164 190
164 191
164 192
164 195
164 196
164 197
165 169
165 170
165 171
165 173
165 175
165 177
165 178
165 179
165 180
165 181
165 182
165 183
165 184
165 185
165 186
165 187
165 190
165 191
165 192
165 194
165 195
165 196
165 197
166 167
166 168
166 172
166 174
166 176
166 177
166 178
166 181
166 183
166 184
166 185
166 188
166 190
166 191
166 192
166 193
166 194
166 196
166 197
166 198
166 199
167 170
167 171
167 172
167 173
167 176
167 177
167 178
167 181
167 182
167 183
167 184
167 185
167 186
167 187
167 188
167 189
167 190
167 192
167 193
167 195
167 198
167 199
168 169
168 171
168 175
168 178
168 179
168 181
168 183
168 185
168 187
168 190
168 191
168 193
168 198
168 199
169 175
169 176
169 177
169 178
169 180
169 181
169 182
169 183
169 185
169 188
169 189
169 190
169 192
169 194
169 197
169 198
170 172
170 177
170 178
170 179
170 180
170 181
170 182
170 186
170 187
170 191
170 194
170 196
170 198
170 199
171 175
171 177
171 180
171 181
171 182
171 183
171 185
171 186
171 187
171 189
171 190
171 191
171 193
171 195
171 196
172 173
172 175
172 177
172 178
172 180
172 181
172 182
172 183
172 185
172 186
172 187
172 188
172 190
172 193
172 196
172 197
172 199
173 174
173 175
173 177
173 178
173 179
173 180
173 184
173 187
173 188
173 189
173 194
173 197
173 199
174 175
174 177
174 178
174 179
174 180
174 181
174 184
174 187
174 188
174 189
174 190
174 191
174 192
174 194
174 196
174 197
174 198
175 176
175 181
175 182
175 184
175 187
175 189
175 190
175 191
175 192
175 193
175 196
175 197
175 199
176 179
176 180
176 181
176 182
176 183
176 185
176 186
176 187
176 188
176 189
176 192
176 193
176 194
176 195
176 196
176 197
176 198
177 179
177 180
177 181
177 184
177 187
177 188
177 191
177 193
177 194
177 197
177 198
177 199
178 179
178 180
178 181
178 182
178 184
178 186
178 187
178 190
178 192
178 194
178 195
178 197
178 199
179 181
179 182
179 188
179 189
179 191
179 192
179 193
179 194
179 197
179 198
179 199
180 181
180 182
180 186
180 187
180 188
180 190
180 192
180 195
180 196
180 197
180 199
181 182
181 183
181 184
181 188
181 190
181 192
181 193
181 194
181 196
181 197
181 199
182 183
182 184
182 185
182 186
182 189
182 190
182 192
182 193
182 194
182 196
182 197
182 198
182 199
183 185
183 186
183 187
183 188
183 189
183 190
183 192
183 195
183 196
183 197
183 198
183 199
184 188
184 189
184 190
184 191
184 193
184 199
185 186
185 189
185 191
185 194
186 187
186 188
186 190
186 191
186 193
186 194
186 195
186 196
186 197
186 199
187 188
187 191
187 192
187 193
187 194
187 195
187 196
187 197
188 190
188 191
188 192
188 194
188 195
188 196
188 197
188 199
189 190
189 197
190 191
190 192
190 193
190 197
190 199
191 192
191 193
191 196
191 198
191 199
192 193
192 198
193 194
193 195
193 197
193 198
193 199
194 195
194 196
194 198
194 199
195 197
195 198
196 197
196 199
197 198
