150 4129
84 51
42 25
77 80
88 30
38 35
89 68
31 40
66 17
72 27
31 90
43 27
61 94
60 31
38 83
50 21
84 24
63 40
94 56
71 71
20 54
87 83
53 27
13 95
86 46
10 86
77 62
84 46
15 34
91 76
22 21
72 19
68 28
19 56
13 96
77 53
37 95
53 80
26 23
15 51
96 99
30 91
78 48
29 93
71 41
11 89
90 75
61 31
68 85
52 63
94 78
58 95
96 38
62 83
64 88
11 65
24 68
15 77
71 68
78 83
90 37
31 43
68 67
69 11
67 51
59 15
50 34
38 73
42 64
21 13
63 47
37 66
26 32
97 51
97 90
90 99
11 39
51 41
51 28
61 10
46 46
27 27
47 41
82 53
78 94
88 40
16 100
91 47
16 70
87 23
89 13
20 39
24 71
38 26
97 55
92 33
39 44
80 28
54 89
97 56
50 25
13 100
44 49
93 89
14 100
39 48
58 55
59 32
55 19
60 68
12 28
69 71
16 50
73 24
62 66
99 15
56 54
14 98
13 27
39 96
91 95
74 14
74 66
65 71
59 19
87 95
79 49
55 54
21 63
31 56
60 30
22 10
59 39
20 60
25 65
43 35
53 73
18 42
33 30
99 97
70 27
16 99
13 54
33 50
52 92
54 46
47 62
34 36
21 66
85 69
13 75
4508
0 1
0 6
0 7
0 8
0 12
0 13
0 15
0 19
0 21
0 24
0 25
0 29
0 32
0 33
0 35
0 38
0 46
0 47
0 50
0 56
0 57
0 60
0 64
0 66
0 71
0 73
0 75
0 76
0 79
0 81
0 84
0 87
0 88
0 89
0 91
0 92
0 96
0 97
0 98
0 100
0 103
0 105
0 106
0 108
0 110
0 114
0 115
0 116
0 118
0 122
0 124
0 126
0 127
0 130
0 131
0 136
0 138
0 139
0 140
0 142
1 4
1 5
1 6
1 7
1 10
1 12
1 13
1 15
1 16
1 17
1 22
1 24
1 29
1 30
1 33
1 36
1 37
1 39
1 40
1 43
1 44
1 47
1 50
1 51
1 53
1 54
1 56
1 60
1 65
1 67
1 68
1 69
1 70
1 71
1 73
1 75
1 77
1 78
1 80
1 81
1 87
1 91
1 94
1 102
1 116
1 118
1 119
1 120
1 122
1 123
1 124
1 127
1 128
1 131
1 133
1 134
1 138
1 141
1 143
1 145
1 147
2 12
2 19
2 22
2 23
2 31
2 32
2 33
2 35
2 36
2 37
2 39
2 44
2 46
2 49
2 53
2 54
2 56
2 58
2 59
2 64
2 70
2 75
2 76
2 79
2 81
2 82
2 84
2 89
2 90
2 91
2 92
2 94
2 95
2 96
2 97
2 99
2 100
2 101
2 102
2 104
2 108
2 110
2 116
2 117
2 118
2 119
2 120
2 122
2 124
2 125
2 126
2 134
2 135
2 138
2 140
3 4
3 5
3 6
3 8
3 12
3 14
3 15
3 18
3 19
3 24
3 25
3 26
3 30
3 31
3 33
3 34
3 35
3 39
3 40
3 43
3 49
3 50
3 56
3 65
3 67
3 69
3 70
3 71
3 72
3 76
3 81
3 83
3 84
3 87
3 93
3 97
3 98
3 101
3 103
3 104
3 107
3 109
3 111
3 112
3 113
3 117
3 119
3 120
3 122
3 127
3 128
3 129
3 130
3 131
3 135
3 136
3 140
3 141
3 142
3 146
4 9
4 14
4 15
4 17
4 18
4 19
4 23
4 26
4 27
4 33
4 34
4 37
4 41
4 44
4 50
4 54
4 57
4 58
4 59
4 62
4 65
4 66
4 67
4 68
4 70
4 72
4 74
4 82
4 83
4 86
4 93
4 94
4 95
4 96
4 100
4 107
4 108
4 110
4 111
4 113
4 117
4 118
4 120
4 121
4 126
4 127
4 128
4 132
4 133
4 134
4 136
4 137
4 138
4 139
4 141
4 144
4 145
4 146
4 149
5 6
5 7
5 8
5 10
5 13
5 15
5 16
5 18
5 20
5 23
5 26
5 28
5 36
5 37
5 40
5 41
5 45
5 46
5 49
5 50
5 51
5 55
5 57
5 59
5 60
5 65
5 66
5 70
5 77
5 78
5 81
5 84
5 85
5 87
5 90
5 97
5 98
5 100
5 102
5 104
5 107
5 109
5 113
5 114
5 119
5 120
5 121
5 122
5 127
5 131
5 133
5 134
5 135
5 137
5 139
5 142
5 145
5 146
5 149
6 8
6 9
6 12
6 17
6 19
6 20
6 21
6 23
6 24
6 28
6 38
6 39
6 41
6 47
6 48
6 49
6 52
6 55
6 56
6 57
6 58
6 59
6 61
6 64
6 66
6 69
6 71
6 75
6 76
6 82
6 84
6 86
6 87
6 93
6 96
6 100
6 108
6 109
6 111
6 112
6 115
6 116
6 122
6 125
6 126
6 129
6 130
6 135
6 136
6 139
6 143
7 9
7 12
7 13
7 15
7 19
7 21
7 27
7 29
7 32
7 35
7 36
7 39
7 42
7 44
7 45
7 46
7 56
7 57
7 58
7 60
7 64
7 67
7 68
7 71
7 72
7 75
7 77
7 79
7 80
7 82
7 83
7 88
7 89
7 91
7 93
7 95
7 96
7 97
7 99
7 101
7 102
7 104
7 106
7 107
7 109
7 111
7 112
7 115
7 116
7 117
7 118
7 120
7 123
7 133
7 139
7 140
7 141
7 142
7 145
7 147
7 148
7 149
8 13
8 16
8 17
8 20
8 22
8 25
8 29
8 38
8 39
8 41
8 44
8 45
8 46
8 53
8 54
8 55
8 58
8 59
8 60
8 65
8 68
8 69
8 70
8 72
8 73
8 78
8 79
8 82
8 84
8 86
8 89
8 91
8 96
8 97
8 98
8 99
8 103
8 108
8 109
8 112
8 115
8 119
8 123
8 127
8 128
8 129
8 130
8 132
8 135
8 139
8 143
8 146
8 148
9 18
9 21
9 22
9 24
9 29
9 31
9 33
9 34
9 35
9 36
9 40
9 41
9 43
9 45
9 46
9 47
9 49
9 50
9 53
9 57
9 58
9 59
9 63
9 67
9 68
9 70
9 73
9 78
9 79
9 80
9 81
9 82
9 83
9 85
9 87
9 88
9 93
9 96
9 97
9 99
9 100
9 101
9 103
9 104
9 106
9 109
9 110
9 111
9 113
9 115
9 117
9 118
9 119
9 120
9 121
9 134
9 138
9 139
9 143
9 144
9 149
10 11
10 13
10 14
10 17
10 18
10 19
10 22
10 25
10 26
10 27
10 30
10 31
10 32
10 34
10 41
10 42
10 43
10 45
10 46
10 47
10 52
10 53
10 54
10 57
10 61
10 64
10 65
10 67
10 70
10 73
10 76
10 77
10 78
10 81
10 87
10 88
10 91
10 95
10 97
10 101
10 102
10 104
10 106
10 107
10 108
10 110
10 115
10 116
10 117
10 120
10 124
10 125
10 126
10 127
10 129
10 130
10 136
10 139
10 142
10 143
10 147
10 148
10 149
11 12
11 13
11 16
11 18
11 20
11 22
11 23
11 30
11 31
11 33
11 34
11 35
11 37
11 40
11 41
11 43
11 44
11 46
11 47
11 48
11 52
11 54
11 55
11 56
11 60
11 61
11 62
11 63
11 64
11 65
11 69
11 71
11 73
11 74
11 77
11 79
11 82
11 88
11 90
11 94
11 95
11 97
11 98
11 100
11 101
11 102
11 104
11 107
11 111
11 113
11 117
11 121
11 127
11 128
11 131
11 133
11 134
11 135
11 137
11 140
11 149
12 19
12 29
12 30
12 35
12 36
12 39
12 42
12 44
12 47
12 50
12 54
12 55
12 57
12 58
12 64
12 65
12 66
12 70
12 71
12 72
12 74
12 75
12 77
12 79
12 81
12 87
12 88
12 89
12 92
12 93
12 94
12 95
12 99
12 101
12 102
12 103
12 105
12 109
12 112
12 119
12 121
12 130
12 132
12 135
12 136
12 138
12 139
12 142
12 144
12 148
12 149
13 16
13 19
13 20
13 21
13 23
13 25
13 26
13 30
13 32
13 33
13 34
13 35
13 37
13 38
13 41
13 46
13 48
13 52
13 53
13 54
13 55
13 60
13 61
13 62
13 63
13 68
13 69
13 70
13 72
13 73
13 75
13 78
13 82
13 83
13 86
13 87
13 88
13 89
13 90
13 93
13 94
13 99
13 101
13 104
13 106
13 110
13 111
13 113
13 118
13 119
13 120
13 123
13 132
13 134
13 135
13 136
13 138
13 142
13 147
13 148
14 15
14 17
14 18
14 22
14 25
14 26
14 27
14 28
14 30
14 33
14 36
14 38
14 42
14 47
14 48
14 54
14 58
14 60
14 61
14 65
14 75
14 83
14 84
14 86
14 87
14 89
14 91
14 93
14 94
14 95
14 99
14 105
14 106
14 112
14 115
14 116
14 119
14 120
14 121
14 125
14 126
14 127
14 128
14 130
14 136
14 141
14 142
14 143
14 146
14 147
14 148
14 149
15 17
15 18
15 19
15 23
15 27
15 28
15 31
15 36
15 38
15 43
15 47
15 48
15 55
15 56
15 67
15 75
15 81
15 82
15 85
15 86
15 87
15 90
15 94
15 96
15 97
15 99
15 100
15 101
15 102
15 103
15 105
15 106
15 107
15 111
15 113
15 116
15 118
15 120
15 123
15 125
15 127
15 129
15 130
15 133
15 135
15 138
15 140
15 143
15 146
16 17
16 19
16 22
16 23
16 27
16 28
16 29
16 32
16 39
16 41
16 42
16 44
16 45
16 49
16 51
16 52
16 55
16 58
16 59
16 61
16 62
16 63
16 64
16 66
16 76
16 80
16 81
16 83
16 84
16 85
16 86
16 87
16 90
16 91
16 95
16 96
16 97
16 98
16 101
16 102
16 103
16 110
16 112
16 115
16 116
16 119
16 120
16 121
16 122
16 123
16 127
16 134
16 135
16 141
16 144
16 148
17 18
17 20
17 21
17 22
17 26
17 27
17 28
17 29
17 30
17 34
17 35
17 37
17 40
17 42
17 43
17 44
17 52
17 55
17 56
17 59
17 62
17 63
17 68
17 71
17 73
17 74
17 78
17 81
17 84
17 86
17 89
17 93
17 94
17 95
17 96
17 97
17 98
17 100
17 102
17 106
17 107
17 108
17 110
17 111
17 114
17 116
17 121
17 122
17 123
17 126
17 130
17 134
17 136
17 139
17 140
17 142
17 143
17 144
17 145
17 146
18 19
18 23
18 24
18 25
18 30
18 31
18 36
18 39
18 40
18 48
18 49
18 51
18 54
18 60
18 61
18 65
18 70
18 74
18 75
18 76
18 79
18 80
18 83
18 84
18 85
18 86
18 87
18 88
18 89
18 90
18 91
18 93
18 99
18 100
18 102
18 106
18 107
18 108
18 110
18 112
18 114
18 117
18 118
18 121
18 127
18 133
18 134
18 135
18 137
18 138
18 139
18 140
18 142
18 149
19 20
19 22
19 25
19 26
19 27
19 30
19 37
19 38
19 41
19 44
19 45
19 47
19 48
19 49
19 50
19 53
19 55
19 56
19 58
19 61
19 62
19 63
19 67
19 72
19 75
19 76
19 84
19 89
19 90
19 92
19 93
19 94
19 97
19 99
19 114
19 115
19 117
19 123
19 126
19 128
19 129
19 130
19 131
19 132
19 148
20 21
20 22
20 25
20 28
20 29
20 31
20 33
20 34
20 36
20 37
20 41
20 43
20 45
20 54
20 56
20 60
20 62
20 63
20 64
20 66
20 67
20 69
20 70
20 73
20 74
20 75
20 76
20 79
20 81
20 82
20 85
20 93
20 100
20 101
20 102
20 103
20 105
20 109
20 112
20 113
20 117
20 118
20 120
20 124
20 126
20 127
20 128
20 130
20 134
20 136
20 137
20 140
20 143
20 144
20 145
20 148
21 22
21 26
21 29
21 30
21 32
21 33
21 34
21 35
21 36
21 37
21 38
21 39
21 42
21 46
21 51
21 53
21 54
21 55
21 59
21 61
21 65
21 67
21 69
21 72
21 78
21 79
21 80
21 82
21 88
21 90
21 91
21 92
21 95
21 100
21 102
21 103
21 104
21 105
21 107
21 111
21 112
21 114
21 117
21 123
21 126
21 127
21 131
21 132
21 136
21 137
21 139
21 141
21 142
21 147
21 148
21 149
22 23
22 24
22 29
22 32
22 33
22 36
22 45
22 46
22 50
22 51
22 53
22 55
22 57
22 59
22 64
22 67
22 69
22 70
22 71
22 72
22 73
22 75
22 76
22 78
22 80
22 83
22 87
22 88
22 89
22 94
22 95
22 96
22 97
22 99
22 100
22 101
22 102
22 106
22 107
22 108
22 112
22 115
22 117
22 119
22 121
22 122
22 124
22 125
22 126
22 127
22 132
22 133
22 134
22 135
22 137
22 147
23 25
23 27
23 31
23 32
23 34
23 35
23 37
23 39
23 41
23 44
23 48
23 49
23 52
23 54
23 57
23 61
23 64
23 66
23 67
23 68
23 69
23 72
23 73
23 75
23 77
23 79
23 81
23 82
23 88
23 90
23 92
23 96
23 99
23 100
23 101
23 102
23 103
23 105
23 108
23 110
23 111
23 113
23 115
23 117
23 120
23 122
23 123
23 126
23 127
23 129
23 132
23 133
23 137
23 141
23 146
23 147
23 148
23 149
24 31
24 34
24 36
24 37
24 39
24 40
24 43
24 44
24 51
24 53
24 54
24 58
24 60
24 61
24 62
24 65
24 68
24 69
24 72
24 73
24 74
24 81
24 85
24 86
24 87
24 88
24 89
24 92
24 93
24 94
24 98
24 101
24 103
24 106
24 107
24 108
24 109
24 114
24 116
24 118
24 119
24 120
24 122
24 123
24 124
24 125
24 126
24 130
24 131
24 132
24 135
24 141
24 142
24 144
24 146
24 149
25 27
25 29
25 31
25 37
25 38
25 42
25 47
25 49
25 50
25 53
25 56
25 57
25 60
25 61
25 63
25 67
25 69
25 70
25 72
25 73
25 74
25 76
25 77
25 79
25 81
25 82
25 83
25 84
25 85
25 87
25 94
25 95
25 97
25 100
25 103
25 106
25 108
25 109
25 111
25 112
25 113
25 118
25 122
25 130
25 132
25 136
25 138
25 140
26 27
26 28
26 29
26 30
26 32
26 34
26 35
26 37
26 38
26 47
26 49
26 58
26 60
26 63
26 67
26 68
26 72
26 76
26 78
26 79
26 81
26 83
26 84
26 87
26 88
26 89
26 90
26 91
26 96
26 101
26 103
26 104
26 105
26 107
26 110
26 111
26 112
26 113
26 115
26 117
26 118
26 122
26 125
26 126
26 128
26 129
26 131
26 132
26 133
26 134
26 135
26 137
26 139
26 140
26 147
27 28
27 29
27 33
27 37
27 41
27 42
27 43
27 46
27 47
27 50
27 52
27 53
27 54
27 58
27 66
27 68
27 72
27 76
27 80
27 82
27 84
27 85
27 87
27 88
27 94
27 95
27 99
27 103
27 108
27 111
27 112
27 113
27 114
27 115
27 119
27 121
27 128
27 131
27 139
27 145
28 30
28 31
28 36
28 38
28 39
28 40
28 41
28 43
28 44
28 45
28 48
28 49
28 50
28 51
28 52
28 54
28 56
28 57
28 62
28 67
28 69
28 70
28 71
28 72
28 74
28 78
28 79
28 86
28 87
28 93
28 97
28 104
28 107
28 113
28 115
28 118
28 120
28 124
28 134
28 142
28 143
28 147
28 148
28 149
29 31
29 33
29 34
29 35
29 36
29 38
29 39
29 40
29 41
29 44
29 46
29 48
29 57
29 58
29 59
29 60
29 63
29 69
29 70
29 71
29 72
29 75
29 79
29 81
29 83
29 84
29 86
29 88
29 92
29 93
29 94
29 99
29 100
29 101
29 104
29 105
29 106
29 107
29 110
29 111
29 112
29 113
29 114
29 117
29 118
29 119
29 123
29 126
29 127
29 129
29 133
29 136
29 141
29 142
29 144
29 146
29 148
29 149
30 31
30 33
30 37
30 38
30 39
30 40
30 48
30 50
30 52
30 54
30 56
30 57
30 60
30 62
30 63
30 64
30 66
30 69
30 72
30 73
30 78
30 79
30 81
30 83
30 85
30 86
30 87
30 89
30 93
30 95
30 98
30 101
30 102
30 103
30 104
30 105
30 107
30 109
30 110
30 112
30 115
30 116
30 119
30 124
30 125
30 126
30 128
30 129
30 131
30 132
30 141
30 144
30 146
30 147
30 149
31 34
31 35
31 37
31 39
31 41
31 43
31 44
31 46
31 48
31 49
31 50
31 52
31 54
31 55
31 58
31 59
31 63
31 64
31 65
31 67
31 69
31 73
31 76
31 78
31 80
31 82
31 83
31 84
31 89
31 91
31 92
31 101
31 108
31 109
31 110
31 111
31 115
31 118
31 119
31 120
31 122
31 124
31 125
31 127
31 132
31 133
31 134
31 135
31 138
31 142
31 143
31 146
31 147
31 148
32 36
32 41
32 46
32 49
32 50
32 51
32 52
32 56
32 60
32 61
32 63
32 66
32 68
32 70
32 71
32 74
32 75
32 76
32 77
32 78
32 80
32 84
32 86
32 87
32 88
32 90
32 91
32 92
32 93
32 96
32 98
32 101
32 102
32 106
32 111
32 113
32 114
32 124
32 128
32 133
32 135
32 136
32 137
32 140
32 144
32 147
33 34
33 35
33 37
33 38
33 39
33 40
33 41
33 42
33 45
33 46
33 47
33 52
33 53
33 55
33 56
33 57
33 58
33 61
33 64
33 67
33 72
33 77
33 78
33 79
33 81
33 82
33 83
33 84
33 86
33 87
33 91
33 93
33 96
33 102
33 104
33 107
33 108
33 111
33 114
33 118
33 119
33 123
33 131
33 134
33 136
33 137
33 138
33 139
33 141
33 143
33 144
33 146
33 147
33 148
33 149
34 35
34 36
34 38
34 42
34 44
34 46
34 47
34 48
34 49
34 53
34 56
34 58
34 60
34 63
34 65
34 73
34 74
34 75
34 77
34 78
34 79
34 81
34 82
34 86
34 88
34 89
34 90
34 91
34 92
34 93
34 98
34 99
34 102
34 105
34 107
34 110
34 111
34 112
34 122
34 127
34 129
34 133
34 135
34 138
34 139
34 141
34 148
34 149
35 37
35 38
35 43
35 44
35 45
35 46
35 49
35 52
35 54
35 55
35 58
35 60
35 64
35 65
35 66
35 70
35 71
35 74
35 78
35 79
35 82
35 88
35 89
35 92
35 93
35 96
35 97
35 100
35 103
35 107
35 108
35 112
35 113
35 115
35 116
35 120
35 121
35 124
35 125
35 126
35 128
35 129
35 130
35 134
35 138
35 139
35 140
35 141
35 142
35 143
35 144
35 146
35 147
35 149
36 38
36 40
36 41
36 42
36 44
36 45
36 48
36 49
36 52
36 53
36 57
36 58
36 68
36 70
36 71
36 72
36 74
36 76
36 77
36 78
36 79
36 80
36 83
36 89
36 91
36 92
36 94
36 95
36 96
36 99
36 104
36 106
36 107
36 111
36 114
36 116
36 120
36 122
36 123
36 126
36 127
36 132
36 134
36 135
36 136
36 137
36 139
36 140
36 142
36 146
36 148
36 149
37 42
37 44
37 46
37 60
37 62
37 67
37 69
37 70
37 76
37 77
37 78
37 87
37 88
37 89
37 90
37 92
37 96
37 99
37 105
37 107
37 109
37 110
37 111
37 112
37 117
37 118
37 121
37 122
37 123
37 124
37 131
37 132
37 133
37 135
37 137
37 138
37 140
37 144
38 39
38 40
38 42
38 43
38 44
38 45
38 46
38 51
38 53
38 54
38 55
38 58
38 63
38 64
38 65
38 66
38 67
38 71
38 75
38 76
38 81
38 82
38 85
38 86
38 91
38 92
38 93
38 95
38 96
38 100
38 101
38 107
38 108
38 109
38 112
38 115
38 120
38 121
38 122
38 123
38 125
38 129
38 133
38 134
38 136
38 140
38 141
38 143
38 146
38 149
39 40
39 41
39 42
39 43
39 46
39 47
39 49
39 53
39 55
39 56
39 57
39 60
39 65
39 66
39 67
39 69
39 71
39 74
39 75
39 76
39 80
39 83
39 85
39 86
39 87
39 88
39 89
39 90
39 93
39 94
39 98
39 109
39 111
39 113
39 116
39 118
39 119
39 123
39 126
39 129
39 130
39 132
39 137
39 138
39 139
39 140
39 141
39 142
39 143
39 145
39 147
39 148
40 41
40 42
40 45
40 46
40 49
40 53
40 56
40 72
40 73
40 74
40 75
40 77
40 80
40 83
40 84
40 87
40 95
40 97
40 98
40 100
40 102
40 108
40 111
40 113
40 120
40 121
40 122
40 125
40 132
40 133
40 135
40 138
40 143
40 146
40 148
40 149
41 42
41 46
41 47
41 52
41 53
41 57
41 60
41 67
41 75
41 80
41 83
41 84
41 86
41 93
41 94
41 97
41 98
41 100
41 106
41 111
41 112
41 114
41 116
41 119
41 120
41 121
41 122
41 123
41 124
41 125
41 126
41 127
41 129
41 131
41 133
41 134
41 135
41 136
41 138
41 140
41 141
41 143
41 144
41 145
41 148
41 149
42 45
42 47
42 51
42 55
42 57
42 58
42 59
42 60
42 63
42 66
42 69
42 70
42 72
42 75
42 76
42 77
42 79
42 81
42 82
42 84
42 86
42 89
42 94
42 96
42 97
42 99
42 101
42 104
42 109
42 110
42 113
42 116
42 117
42 118
42 120
42 121
42 122
42 124
42 126
42 127
42 128
42 129
42 131
42 136
42 137
42 143
42 144
42 145
42 146
42 147
43 44
43 45
43 48
43 52
43 54
43 55
43 56
43 58
43 59
43 61
43 66
43 68
43 72
43 73
43 74
43 75
43 81
43 82
43 83
43 84
43 89
43 92
43 93
43 95
43 99
43 100
43 101
43 102
43 104
43 105
43 107
43 111
43 116
43 117
43 118
43 122
43 125
43 126
43 127
43 131
43 134
43 136
43 138
43 145
43 146
43 147
43 148
44 45
44 46
44 49
44 50
44 53
44 62
44 65
44 69
44 70
44 71
44 72
44 74
44 79
44 82
44 89
44 90
44 91
44 93
44 94
44 96
44 99
44 100
44 104
44 106
44 107
44 108
44 109
44 110
44 114
44 117
44 121
44 124
44 126
44 127
44 129
44 130
44 135
44 139
44 141
44 143
44 149
45 49
45 52
45 54
45 55
45 60
45 61
45 69
45 70
45 71
45 72
45 74
45 77
45 79
45 80
45 83
45 84
45 86
45 89
45 92
45 93
45 94
45 100
45 104
45 105
45 106
45 109
45 112
45 115
45 122
45 125
45 126
45 129
45 130
45 132
45 137
45 143
45 145
45 147
46 48
46 49
46 52
46 55
46 57
46 58
46 60
46 65
46 74
46 76
46 78
46 83
46 84
46 86
46 87
46 89
46 92
46 93
46 94
46 97
46 101
46 102
46 103
46 104
46 106
46 108
46 110
46 113
46 115
46 119
46 121
46 124
46 128
46 129
46 131
46 134
46 135
46 137
46 139
46 141
46 142
47 49
47 51
47 52
47 58
47 64
47 67
47 69
47 70
47 72
47 75
47 77
47 81
47 84
47 88
47 89
47 90
47 91
47 97
47 99
47 101
47 102
47 103
47 109
47 110
47 111
47 116
47 118
47 122
47 123
47 125
47 131
47 133
47 139
47 141
47 142
47 145
47 147
48 49
48 50
48 52
48 53
48 57
48 58
48 63
48 66
48 72
48 74
48 83
48 84
48 86
48 90
48 91
48 92
48 93
48 94
48 98
48 99
48 100
48 112
48 119
48 121
48 124
48 125
48 126
48 128
48 130
48 132
48 135
48 141
48 143
48 144
48 148
48 149
49 53
49 59
49 63
49 64
49 65
49 66
49 68
49 69
49 71
49 73
49 76
49 77
49 80
49 82
49 85
49 89
49 93
49 95
49 96
49 99
49 100
49 101
49 104
49 109
49 111
49 113
49 114
49 125
49 131
49 133
49 139
49 143
49 144
49 146
49 148
49 149
50 51
50 52
50 54
50 66
50 67
50 69
50 70
50 72
50 75
50 78
50 84
50 87
50 88
50 91
50 92
50 95
50 99
50 100
50 102
50 103
50 104
50 105
50 107
50 109
50 113
50 119
50 123
50 124
50 127
50 131
50 132
50 133
50 136
50 139
50 144
50 145
50 146
50 148
51 56
51 57
51 61
51 63
51 67
51 69
51 71
51 74
51 75
51 76
51 77
51 78
51 81
51 83
51 88
51 89
51 91
51 92
51 101
51 102
51 106
51 107
51 108
51 109
51 110
51 113
51 117
51 118
51 119
51 120
51 123
51 126
51 130
51 133
51 134
51 135
51 136
51 137
51 141
51 147
51 149
52 53
52 54
52 56
52 60
52 61
52 62
52 64
52 65
52 68
52 80
52 91
52 95
52 98
52 102
52 105
52 112
52 115
52 120
52 121
52 125
52 130
52 131
52 133
52 135
52 136
52 138
52 139
52 140
52 143
52 144
52 145
52 147
53 54
53 55
53 58
53 66
53 70
53 72
53 73
53 74
53 75
53 76
53 77
53 78
53 79
53 82
53 83
53 84
53 86
53 90
53 91
53 92
53 94
53 103
53 104
53 110
53 111
53 112
53 115
53 116
53 118
53 120
53 122
53 123
53 124
53 125
53 128
53 131
53 134
53 137
53 139
53 140
53 141
53 148
54 56
54 58
54 59
54 60
54 66
54 67
54 70
54 71
54 72
54 75
54 79
54 80
54 82
54 83
54 85
54 89
54 90
54 96
54 97
54 98
54 99
54 102
54 103
54 104
54 105
54 106
54 107
54 109
54 110
54 111
54 113
54 115
54 118
54 119
54 122
54 123
54 124
54 125
54 126
54 127
54 128
54 132
54 133
54 134
54 139
54 140
54 142
54 143
54 145
54 146
54 147
54 148
55 57
55 59
55 60
55 64
55 65
55 67
55 68
55 71
55 73
55 77
55 80
55 81
55 83
55 88
55 89
55 90
55 95
55 96
55 98
55 99
55 100
55 101
55 107
55 109
55 110
55 114
55 117
55 120
55 122
55 125
55 126
55 128
55 131
55 132
55 137
55 140
55 141
55 143
56 58
56 61
56 67
56 70
56 71
56 73
56 74
56 79
56 81
56 83
56 90
56 93
56 94
56 97
56 98
56 100
56 101
56 102
56 107
56 110
56 112
56 117
56 120
56 121
56 122
56 129
56 130
56 133
56 134
56 136
56 144
56 148
56 149
57 71
57 73
57 74
57 80
57 81
57 90
57 93
57 94
57 101
57 107
57 108
57 111
57 112
57 114
57 116
57 119
57 121
57 122
57 125
57 126
57 128
57 130
57 132
57 141
57 142
57 145
57 146
57 147
57 148
58 60
58 62
58 63
58 68
58 69
58 71
58 72
58 73
58 75
58 76
58 79
58 81
58 85
58 87
58 89
58 93
58 94
58 99
58 101
58 105
58 109
58 110
58 112
58 114
58 117
58 120
58 121
58 122
58 123
58 124
58 130
58 135
58 136
58 137
58 140
58 143
58 146
58 149
59 63
59 64
59 69
59 74
59 75
59 76
59 83
59 85
59 88
59 89
59 90
59 94
59 98
59 99
59 100
59 101
59 102
59 103
59 107
59 108
59 110
59 111
59 118
59 121
59 123
59 125
59 127
59 130
59 131
59 133
59 135
59 136
59 137
59 138
59 140
59 141
59 142
59 148
60 63
60 64
60 65
60 67
60 68
60 74
60 78
60 80
60 81
60 85
60 89
60 91
60 94
60 95
60 96
60 99
60 101
60 102
60 104
60 106
60 107
60 108
60 109
60 110
60 113
60 124
60 126
60 128
60 131
60 133
60 134
60 135
60 136
60 137
60 138
60 139
60 140
60 142
60 144
60 145
60 148
60 149
61 64
61 65
61 66
61 68
61 69
61 70
61 71
61 72
61 73
61 74
61 76
61 77
61 78
61 79
61 80
61 81
61 83
61 84
61 87
61 88
61 94
61 95
61 96
61 98
61 100
61 103
61 104
61 105
61 110
61 112
61 114
61 115
61 118
61 120
61 121
61 122
61 124
61 129
61 135
61 136
61 137
61 138
61 143
61 144
61 145
61 147
61 148
61 149
62 64
62 66
62 67
62 70
62 71
62 72
62 76
62 86
62 87
62 88
62 89
62 91
62 95
62 96
62 100
62 102
62 104
62 105
62 111
62 112
62 113
62 116
62 120
62 122
62 123
62 124
62 128
62 130
62 131
62 133
62 134
62 135
62 136
62 140
62 141
62 148
62 149
63 70
63 72
63 76
63 77
63 79
63 80
63 82
63 85
63 88
63 92
63 93
63 94
63 96
63 97
63 98
63 101
63 106
63 111
63 114
63 126
63 131
63 134
63 136
63 138
63 142
63 147
64 65
64 69
64 70
64 73
64 78
64 84
64 85
64 86
64 88
64 90
64 93
64 94
64 95
64 104
64 109
64 110
64 113
64 118
64 120
64 122
64 124
64 129
64 130
64 131
64 133
64 134
64 135
64 138
64 139
64 144
64 146
64 149
65 66
65 74
65 77
65 79
65 80
65 81
65 84
65 85
65 86
65 90
65 92
65 94
65 95
65 98
65 102
65 103
65 107
65 110
65 111
65 114
65 115
65 116
65 118
65 121
65 122
65 123
65 126
65 128
65 131
65 134
65 136
65 139
65 140
65 141
65 147
66 68
66 73
66 74
66 77
66 78
66 82
66 84
66 85
66 89
66 90
66 95
66 96
66 100
66 104
66 108
66 110
66 111
66 112
66 114
66 121
66 127
66 129
66 132
66 133
66 134
66 136
66 137
66 141
66 147
66 148
67 70
67 74
67 75
67 81
67 83
67 86
67 91
67 98
67 99
67 101
67 103
67 104
67 105
67 109
67 110
67 114
67 118
67 119
67 124
67 126
67 127
67 128
67 130
67 131
67 136
67 141
67 144
68 69
68 70
68 71
68 72
68 75
68 77
68 81
68 85
68 87
68 88
68 92
68 93
68 97
68 100
68 107
68 108
68 109
68 113
68 114
68 116
68 117
68 125
68 126
68 131
68 136
68 145
68 147
68 148
68 149
69 70
69 72
69 73
69 74
69 77
69 78
69 79
69 81
69 82
69 84
69 87
69 90
69 91
69 93
69 96
69 97
69 101
69 102
69 103
69 104
69 105
69 107
69 109
69 110
69 111
69 113
69 117
69 121
69 125
69 126
69 127
69 129
69 130
69 134
69 135
69 137
69 138
69 140
69 143
70 72
70 74
70 78
70 81
70 83
70 90
70 91
70 96
70 97
70 98
70 102
70 105
70 108
70 109
70 113
70 115
70 117
70 121
70 122
70 125
70 126
70 130
70 131
70 132
70 134
70 138
70 142
70 143
70 144
70 146
70 147
71 78
71 81
71 84
71 86
71 87
71 90
71 92
71 96
71 101
71 104
71 105
71 107
71 117
71 119
71 121
71 125
71 128
71 132
71 135
71 140
71 141
71 142
71 146
72 73
72 75
72 76
72 77
72 78
72 79
72 82
72 83
72 86
72 89
72 94
72 95
72 104
72 108
72 109
72 110
72 111
72 112
72 114
72 117
72 119
72 121
72 129
72 133
72 135
72 137
72 140
72 142
72 144
73 75
73 77
73 78
73 79
73 80
73 81
73 83
73 87
73 88
73 90
73 91
73 94
73 95
73 96
73 100
73 101
73 102
73 107
73 112
73 119
73 120
73 122
73 126
73 128
73 130
73 132
73 135
73 139
73 140
73 141
73 143
73 144
73 145
74 75
74 77
74 80
74 84
74 85
74 86
74 87
74 90
74 91
74 96
74 97
74 101
74 103
74 108
74 114
74 118
74 119
74 125
74 130
74 131
74 132
74 134
74 137
74 139
74 140
74 143
74 144
74 147
75 76
75 77
75 80
75 82
75 85
75 86
75 90
75 93
75 96
75 101
75 102
75 108
75 110
75 112
75 113
75 116
75 117
75 122
75 126
75 127
75 128
75 132
75 133
75 137
75 138
75 141
75 145
75 146
75 147
76 78
76 82
76 83
76 85
76 87
76 93
76 96
76 99
76 100
76 102
76 106
76 108
76 113
76 117
76 121
76 123
76 124
76 125
76 126
76 127
76 129
76 131
76 134
76 135
76 138
76 140
76 145
76 146
77 80
77 81
77 83
77 85
77 88
77 93
77 94
77 95
77 96
77 98
77 103
77 104
77 109
77 115
77 119
77 126
77 127
77 129
77 134
77 137
77 139
77 143
77 144
77 145
77 149
78 80
78 82
78 87
78 89
78 90
78 91
78 97
78 98
78 100
78 102
78 107
78 108
78 113
78 114
78 122
78 125
78 127
78 128
78 135
78 136
78 139
78 141
78 143
78 146
78 147
78 148
79 83
79 87
79 92
79 96
79 97
79 99
79 102
79 106
79 107
79 108
79 109
79 110
79 118
79 120
79 121
79 123
79 125
79 128
79 131
79 134
79 136
79 146
79 149
80 88
80 91
80 93
80 95
80 96
80 97
80 98
80 103
80 104
80 106
80 107
80 109
80 111
80 117
80 118
80 119
80 120
80 122
80 129
80 133
80 134
80 137
80 138
80 141
80 142
81 84
81 86
81 87
81 89
81 90
81 91
81 92
81 93
81 97
81 99
81 100
81 102
81 103
81 106
81 108
81 109
81 110
81 111
81 113
81 123
81 124
81 125
81 126
81 128
81 130
81 131
81 132
81 134
81 135
81 136
81 138
81 141
81 145
81 148
82 83
82 87
82 90
82 94
82 95
82 96
82 97
82 102
82 103
82 106
82 108
82 109
82 110
82 113
82 119
82 120
82 121
82 123
82 125
82 131
82 132
82 133
82 134
82 135
82 138
82 139
82 141
82 145
82 147
83 84
83 86
83 87
83 88
83 90
83 95
83 96
83 97
83 102
83 103
83 104
83 105
83 106
83 110
83 111
83 115
83 117
83 118
83 121
83 124
83 127
83 128
83 130
83 132
83 133
83 137
83 143
83 144
83 147
84 85
84 86
84 89
84 91
84 92
84 93
84 96
84 97
84 98
84 99
84 101
84 105
84 106
84 107
84 108
84 112
84 114
84 115
84 116
84 118
84 119
84 120
84 124
84 126
84 127
84 128
84 131
84 138
84 139
84 141
84 142
84 146
84 147
85 87
85 91
85 93
85 96
85 99
85 105
85 111
85 112
85 113
85 116
85 117
85 129
85 131
85 133
85 140
85 144
85 146
86 89
86 91
86 93
86 94
86 98
86 99
86 101
86 102
86 103
86 109
86 115
86 120
86 122
86 123
86 126
86 128
86 130
86 131
86 133
86 134
86 136
86 137
86 138
86 142
86 143
86 146
87 89
87 90
87 93
87 101
87 102
87 103
87 104
87 106
87 109
87 115
87 124
87 129
87 130
87 132
87 134
87 135
87 136
87 139
87 140
87 142
87 143
87 146
88 91
88 94
88 96
88 100
88 105
88 109
88 110
88 114
88 115
88 117
88 118
88 131
88 136
88 137
88 139
88 141
88 142
88 143
88 146
89 91
89 94
89 102
89 103
89 111
89 113
89 114
89 115
89 118
89 123
89 124
89 126
89 128
89 129
89 142
89 144
89 145
90 94
90 97
90 101
90 106
90 107
90 111
90 112
90 113
90 114
90 115
90 116
90 117
90 119
90 122
90 123
90 124
90 125
90 127
90 129
90 130
90 131
90 134
90 139
90 144
90 145
90 147
90 148
90 149
91 92
91 95
91 98
91 99
91 101
91 105
91 107
91 109
91 111
91 113
91 119
91 123
91 125
91 128
91 130
91 131
91 132
91 139
91 140
91 143
91 145
91 146
91 147
91 148
92 95
92 99
92 100
92 104
92 113
92 119
92 120
92 122
92 129
92 131
92 134
92 136
92 142
92 145
92 147
92 149
93 96
93 101
93 105
93 111
93 112
93 114
93 120
93 123
93 124
93 125
93 127
93 132
93 133
93 135
93 138
93 139
93 141
93 145
94 96
94 97
94 100
94 101
94 103
94 105
94 109
94 110
94 111
94 112
94 114
94 118
94 120
94 128
94 130
94 132
94 136
94 139
94 140
94 142
94 144
94 149
95 97
95 99
95 101
95 104
95 107
95 111
95 112
95 115
95 116
95 122
95 124
95 125
95 128
95 130
95 134
95 136
95 145
95 149
96 97
96 106
96 112
96 114
96 115
96 118
96 127
96 131
96 132
96 136
96 137
96 139
96 142
96 145
96 147
96 148
97 98
97 101
97 102
97 108
97 111
97 124
97 125
97 127
97 132
97 134
97 138
97 139
97 141
97 142
97 144
97 146
98 99
98 100
98 102
98 106
98 108
98 109
98 110
98 113
98 115
98 116
98 120
98 124
98 125
98 126
98 128
98 129
98 130
98 132
98 133
98 134
98 138
98 141
98 142
98 144
98 145
98 148
98 149
99 102
99 108
99 110
99 111
99 114
99 117
99 120
99 121
99 122
99 124
99 125
99 128
99 129
99 130
99 133
99 138
99 143
99 144
99 149
100 107
100 111
100 112
100 116
100 120
100 121
100 126
100 134
100 135
100 136
100 140
100 141
100 142
100 144
100 146
100 148
100 149
101 102
101 107
101 108
101 109
101 110
101 111
101 115
101 117
101 122
101 123
101 125
101 126
101 127
101 133
101 136
101 137
101 138
101 142
101 143
101 145
101 148
102 103
102 104
102 107
102 109
102 111
102 114
102 118
102 119
102 122
102 133
102 136
102 137
102 138
102 140
102 148
103 108
103 111
103 113
103 115
103 117
103 118
103 131
103 134
103 135
103 141
103 143
103 146
104 106
104 108
104 111
104 112
104 115
104 119
104 120
104 127
104 128
104 132
104 133
104 134
104 138
104 143
104 144
104 148
105 106
105 108
105 111
105 112
105 113
105 115
105 117
105 120
105 122
105 123
105 124
105 126
105 128
105 130
105 131
105 132
105 134
105 135
105 136
105 137
105 141
105 146
105 147
106 107
106 110
106 111
106 112
106 114
106 115
106 121
106 123
106 124
106 125
106 128
106 130
106 131
106 133
106 136
106 137
106 139
106 140
106 143
106 145
106 146
106 147
106 148
106 149
107 108
107 110
107 112
107 113
107 121
107 123
107 128
107 133
107 134
107 135
107 137
107 139
107 142
107 144
107 148
107 149
108 114
108 115
108 121
108 123
108 124
108 126
108 129
108 132
108 134
108 137
108 140
108 142
108 145
108 147
108 148
108 149
109 112
109 113
109 120
109 123
109 124
109 125
109 127
109 130
109 131
109 132
109 134
109 140
109 141
109 145
109 146
109 147
110 111
110 114
110 118
110 120
110 122
110 125
110 129
110 130
110 131
110 132
110 137
110 138
110 141
110 142
110 143
110 145
110 146
110 149
111 113
111 114
111 115
111 116
111 119
111 124
111 125
111 129
111 135
111 136
111 138
111 139
111 141
111 144
111 148
112 113
112 117
112 123
112 126
112 130
112 135
112 137
112 138
112 139
112 140
112 141
112 145
113 114
113 115
113 117
113 126
113 129
113 130
113 138
113 140
113 144
113 147
114 115
114 116
114 117
114 119
114 121
114 123
114 126
114 127
114 130
114 132
114 133
114 135
114 136
114 139
114 142
114 143
114 148
115 116
115 117
115 118
115 119
115 121
115 125
115 127
115 129
115 130
115 133
115 134
115 135
115 138
115 144
115 145
115 148
115 149
116 118
116 120
116 121
116 125
116 127
116 129
116 131
116 132
116 134
116 135
116 138
116 139
116 141
116 142
116 144
116 148
117 118
117 119
117 120
117 121
117 123
117 126
117 130
117 131
117 136
117 137
117 140
117 142
117 144
117 146
117 148
117 149
118 121
118 124
118 125
118 126
118 135
118 136
118 140
118 141
118 143
118 145
118 147
119 121
119 122
119 123
119 124
119 126
119 129
119 130
119 133
119 134
119 135
119 136
119 138
119 143
119 146
120 130
120 135
120 136
120 143
120 148
121 122
121 125
121 127
121 128
121 130
121 135
121 139
121 141
121 143
121 144
122 123
122 132
122 134
122 138
122 142
122 143
122 144
122 145
122 146
123 125
123 126
123 129
123 131
123 137
123 138
123 148
124 125
124 128
124 131
124 132
124 133
124 134
124 135
124 137
124 138
124 146
124 147
124 148
125 127
125 132
125 133
125 134
125 135
125 136
125 140
125 142
125 143
125 149
126 134
126 135
126 136
126 142
126 143
126 145
126 146
126 147
127 128
127 136
127 137
127 138
127 140
127 143
127 144
127 147
127 149
128 130
128 131
128 136
128 138
128 139
128 141
128 143
128 148
129 130
129 131
129 137
129 138
129 143
129 145
129 148
129 149
130 131
130 132
130 133
130 142
130 146
130 147
130 149
131 132
131 140
131 144
131 146
131 149
132 134
132 143
132 144
132 146
132 148
133 135
133 145
133 146
133 147
134 135
134 136
134 138
134 140
134 141
134 146
134 148
135 138
135 140
135 142
135 143
135 146
135 147
136 139
136 140
136 141
136 144
136 145
136 148
136 149
137 138
137 139
137 142
137 146
137 147
137 149
138 140
138 143
138 144
138 147
139 140
139 142
139 143
139 149
140 145
140 147
141 142
141 148
141 149
142 145
142 146
142 149
143 144
143 145
143 146
143 147
143 148
144 145
144 148
144 149
146 149
147 148
