200 5209
48 42
94 30
51 37
30 15
82 26
10 10
68 35
22 37
15 66
15 53
59 65
39 58
56 39
95 60
46 32
31 35
62 59
55 86
76 72
93 44
51 24
26 68
78 48
37 31
38 23
46 13
35 49
88 29
40 97
35 98
75 90
77 26
19 76
58 18
99 17
17 10
88 84
49 70
52 99
44 18
45 17
94 39
81 54
43 70
33 53
100 81
77 50
29 45
23 56
87 39
39 89
53 63
86 52
90 38
20 82
21 93
63 79
26 29
51 60
34 67
48 73
47 54
74 42
14 85
100 58
64 52
16 49
73 17
91 52
73 92
92 67
33 22
84 44
10 28
89 44
17 10
39 13
74 23
35 29
97 70
27 97
58 78
77 73
35 53
15 73
50 70
71 96
23 71
97 49
69 79
49 70
91 23
30 51
22 12
68 88
46 91
11 62
12 77
49 15
33 72
94 45
28 20
32 15
23 71
56 96
70 62
94 19
24 46
67 71
82 78
76 30
78 76
43 32
16 44
43 47
84 83
38 60
24 77
94 38
46 74
47 56
16 76
26 46
68 32
16 69
77 51
31 86
20 70
93 29
54 62
59 58
50 19
15 38
86 27
32 37
30 90
80 28
30 89
51 28
12 69
94 76
33 83
33 60
68 73
96 44
68 58
33 14
47 45
70 86
87 23
53 53
67 19
45 70
94 31
85 44
47 36
92 15
31 92
67 64
44 98
58 70
53 78
100 13
30 25
37 58
19 95
70 30
100 77
23 94
94 49
72 73
28 58
45 59
94 55
19 91
95 49
29 10
38 32
61 14
11 16
17 38
72 13
65 50
29 33
49 72
29 67
40 25
92 30
25 33
23 37
94 24
88 56
16 30
70 51
71 10
74 62
58 95
94 37
57 79
70 34
8011
0 5
0 6
0 9
0 13
0 14
0 15
0 19
0 21
0 22
0 25
0 26
0 28
0 34
0 35
0 37
0 38
0 39
0 41
0 42
0 43
0 44
0 47
0 50
0 52
0 53
0 55
0 57
0 60
0 62
0 64
0 65
0 68
0 71
0 72
0 74
0 78
0 79
0 94
0 96
0 100
0 105
0 109
0 111
0 113
0 115
0 116
0 117
0 118
0 121
0 123
0 124
0 125
0 128
0 130
0 131
0 133
0 134
0 141
0 142
0 143
0 144
0 145
0 148
0 149
0 151
0 152
0 154
0 157
0 158
0 159
0 160
0 163
0 164
0 165
0 166
0 171
0 172
0 173
0 174
0 176
0 178
0 179
0 182
0 189
0 190
0 194
0 195
0 196
0 197
0 198
1 2
1 4
1 5
1 6
1 11
1 12
1 14
1 20
1 23
1 27
1 30
1 32
1 34
1 38
1 44
1 46
1 49
1 51
1 58
1 60
1 62
1 65
1 66
1 71
1 75
1 76
1 83
1 84
1 86
1 91
1 92
1 97
1 98
1 99
1 101
1 108
1 111
1 114
1 116
1 117
1 118
1 119
1 123
1 126
1 130
1 133
1 137
1 140
1 142
1 143
1 145
1 150
1 152
1 154
1 156
1 159
1 160
1 161
1 162
1 164
1 167
1 168
1 175
1 177
1 179
1 181
1 183
1 186
1 187
1 188
1 193
1 195
1 196
1 197
1 198
2 3
2 8
2 9
2 13
2 14
2 19
2 20
2 21
2 25
2 27
2 28
2 32
2 36
2 41
2 42
2 44
2 49
2 54
2 58
2 65
2 70
2 71
2 73
2 74
2 76
2 77
2 84
2 87
2 88
2 89
2 90
2 93
2 94
2 99
2 103
2 105
2 109
2 111
2 112
2 115
2 117
2 121
2 127
2 128
2 133
2 139
2 140
2 141
2 142
2 144
2 146
2 150
2 151
2 152
2 154
2 157
2 158
2 159
2 161
2 164
2 165
2 169
2 175
2 176
2 178
2 187
2 188
2 190
2 191
2 193
2 196
2 197
2 198
3 8
3 17
3 19
3 22
3 24
3 25
3 26
3 27
3 28
3 34
3 36
3 38
3 39
3 40
3 41
3 42
3 43
3 44
3 51
3 55
3 59
3 61
3 62
3 65
3 67
3 70
3 72
3 75
3 76
3 77
3 78
3 83
3 84
3 86
3 88
3 91
3 93
3 99
3 102
3 104
3 105
3 106
3 107
3 112
3 114
3 117
3 118
3 119
3 123
3 125
3 127
3 135
3 136
3 137
3 139
3 141
3 145
3 146
3 147
3 149
3 151
3 152
3 156
3 157
3 162
3 164
3 169
3 170
3 171
3 172
3 173
3 176
3 178
3 179
3 180
3 181
3 182
3 183
3 184
3 185
3 187
3 190
3 192
3 196
4 9
4 15
4 16
4 18
4 19
4 23
4 25
4 26
4 27
4 30
4 31
4 34
4 37
4 38
4 39
4 41
4 44
4 49
4 50
4 53
4 55
4 57
4 58
4 60
4 61
4 62
4 64
4 67
4 69
4 72
4 74
4 76
4 78
4 80
4 86
4 89
4 92
4 95
4 100
4 101
4 102
4 103
4 107
4 108
4 109
4 110
4 113
4 114
4 116
4 117
4 120
4 125
4 126
4 127
4 130
4 140
4 145
4 147
4 148
4 151
4 152
4 158
4 161
4 162
4 169
4 170
4 176
4 180
4 182
4 184
4 187
4 188
4 189
4 190
4 192
4 194
4 196
4 197
5 6
5 7
5 11
5 12
5 20
5 21
5 22
5 29
5 30
5 31
5 32
5 33
5 35
5 38
5 41
5 42
5 44
5 46
5 47
5 48
5 49
5 50
5 51
5 52
5 53
5 65
5 70
5 72
5 76
5 77
5 79
5 81
5 82
5 83
5 87
5 89
5 95
5 98
5 99
5 102
5 105
5 107
5 108
5 112
5 116
5 119
5 121
5 124
5 125
5 128
5 137
5 139
5 140
5 142
5 143
5 146
5 148
5 151
5 154
5 156
5 157
5 159
5 160
5 161
5 162
5 163
5 167
5 169
5 175
5 176
5 177
5 178
5 179
5 180
5 185
5 186
5 187
5 194
5 199
6 11
6 12
6 14
6 15
6 17
6 26
6 28
6 31
6 34
6 36
6 37
6 39
6 43
6 48
6 49
6 52
6 61
6 63
6 64
6 66
6 68
6 69
6 72
6 76
6 77
6 78
6 81
6 83
6 89
6 91
6 95
6 99
6 102
6 103
6 105
6 108
6 109
6 110
6 111
6 115
6 116
6 119
6 122
6 124
6 128
6 130
6 133
6 138
6 140
6 143
6 146
6 148
6 149
6 153
6 156
6 157
6 159
6 160
6 161
6 163
6 167
6 168
6 170
6 172
6 176
6 181
6 183
6 185
6 186
6 188
6 190
6 198
7 12
7 14
7 15
7 16
7 25
7 26
7 27
7 28
7 30
7 32
7 37
7 40
7 42
7 44
7 45
7 46
7 48
7 49
7 50
7 53
7 56
7 59
7 62
7 63
7 71
7 74
7 76
7 77
7 81
7 83
7 84
7 85
7 86
7 89
7 91
7 93
7 95
7 97
7 101
7 102
7 103
7 105
7 106
7 116
7 117
7 120
7 122
7 127
7 128
7 129
7 132
7 135
7 136
7 140
7 148
7 149
7 150
7 151
7 152
7 153
7 158
7 159
7 161
7 166
7 168
7 169
7 171
7 172
7 174
7 175
7 178
7 179
7 180
7 181
7 182
7 187
7 188
7 191
7 194
7 199
8 10
8 13
8 21
8 22
8 23
8 26
8 28
8 30
8 31
8 33
8 36
8 37
8 42
8 43
8 44
8 46
8 48
8 49
8 50
8 55
8 56
8 61
8 62
8 67
8 68
8 69
8 71
8 74
8 77
8 78
8 79
8 84
8 86
8 95
8 96
8 100
8 105
8 107
8 111
8 112
8 114
8 115
8 116
8 118
8 119
8 120
8 123
8 128
8 133
8 135
8 138
8 140
8 141
8 142
8 144
8 147
8 148
8 150
8 152
8 153
8 154
8 155
8 156
8 157
8 158
8 166
8 167
8 169
8 170
8 171
8 173
8 175
8 181
8 185
8 186
8 190
8 193
8 196
8 197
8 198
9 13
9 14
9 15
9 16
9 17
9 19
9 20
9 21
9 26
9 28
9 29
9 33
9 35
9 37
9 38
9 39
9 40
9 41
9 42
9 44
9 51
9 52
9 55
9 58
9 61
9 64
9 67
9 71
9 74
9 76
9 80
9 82
9 89
9 91
9 93
9 98
9 103
9 106
9 108
9 109
9 111
9 114
9 116
9 119
9 120
9 121
9 122
9 123
9 125
9 126
9 129
9 130
9 131
9 133
9 135
9 141
9 142
9 143
9 147
9 149
9 150
9 151
9 152
9 153
9 155
9 156
9 157
9 159
9 163
9 167
9 168
9 171
9 173
9 175
9 176
9 177
9 179
9 184
9 185
9 189
9 190
9 191
9 196
9 197
9 198
10 13
10 18
10 23
10 24
10 28
10 30
10 33
10 34
10 36
10 37
10 39
10 41
10 45
10 48
10 49
10 52
10 54
10 56
10 58
10 61
10 63
10 65
10 69
10 71
10 73
10 76
10 90
10 91
10 92
10 99
10 101
10 103
10 104
10 107
10 111
10 112
10 114
10 116
10 118
10 119
10 122
10 128
10 131
10 136
10 138
10 140
10 141
10 144
10 159
10 163
10 165
10 168
10 169
10 170
10 172
10 176
10 180
10 182
10 185
10 187
10 188
10 189
10 193
10 194
10 196
10 197
11 13
11 14
11 15
11 16
11 18
11 22
11 23
11 24
11 28
11 33
11 35
11 39
11 40
11 41
11 47
11 48
11 49
11 52
11 54
11 56
11 58
11 60
11 68
11 71
11 74
11 77
11 80
11 81
11 83
11 84
11 86
11 88
11 92
11 94
11 95
11 96
11 102
11 106
11 108
11 110
11 113
11 114
11 116
11 121
11 123
11 124
11 125
11 128
11 129
11 133
11 135
11 136
11 140
11 141
11 144
11 145
11 155
11 156
11 157
11 160
11 161
11 162
11 164
11 167
11 169
11 172
11 176
11 179
11 180
11 181
11 182
11 185
11 186
11 190
11 198
12 13
12 15
12 17
12 18
12 20
12 29
12 35
12 36
12 39
12 41
12 42
12 43
12 45
12 47
12 54
12 62
12 63
12 64
12 65
12 66
12 67
12 68
12 70
12 74
12 75
12 76
12 83
12 84
12 89
12 90
12 91
12 93
12 94
12 95
12 96
12 105
12 107
12 108
12 109
12 117
12 121
12 124
12 127
12 128
12 130
12 133
12 134
12 135
12 136
12 140
12 141
12 142
12 147
12 148
12 150
12 151
12 155
12 156
12 157
12 158
12 162
12 165
12 168
12 172
12 173
12 176
12 177
12 178
12 179
12 183
12 186
12 188
12 189
12 190
12 191
12 194
13 14
13 16
13 17
13 21
13 30
13 33
13 34
13 38
13 39
13 42
13 43
13 44
13 45
13 47
13 55
13 57
13 60
13 64
13 65
13 67
13 69
13 70
13 72
13 73
13 75
13 76
13 80
13 81
13 84
13 88
13 89
13 92
13 98
13 100
13 101
13 102
13 103
13 108
13 110
13 111
13 112
13 114
13 116
13 121
13 125
13 126
13 131
13 132
13 133
13 134
13 139
13 140
13 142
13 143
13 144
13 148
13 149
13 151
13 153
13 156
13 157
13 158
13 159
13 160
13 162
13 174
13 175
13 178
13 179
13 180
13 181
13 182
13 186
13 191
13 192
13 193
13 198
14 18
14 22
14 25
14 28
14 29
14 30
14 32
14 33
14 45
14 46
14 48
14 49
14 50
14 51
14 52
14 54
14 56
14 57
14 58
14 68
14 69
14 72
14 74
14 76
14 78
14 79
14 80
14 82
14 83
14 86
14 88
14 90
14 94
14 95
14 98
14 99
14 100
14 104
14 117
14 121
14 122
14 126
14 129
14 137
14 139
14 140
14 143
14 144
14 146
14 147
14 151
14 152
14 155
14 157
14 159
14 160
14 165
14 168
14 170
14 180
14 181
14 185
14 186
14 187
14 190
14 191
14 192
14 194
14 195
14 198
14 199
15 17
15 20
15 23
15 27
15 31
15 35
15 38
15 41
15 42
15 47
15 49
15 51
15 53
15 55
15 57
15 59
15 61
15 63
15 68
15 76
15 77
15 86
15 88
15 89
15 97
15 98
15 99
15 100
15 101
15 102
15 103
15 104
15 105
15 113
15 116
15 118
15 121
15 124
15 125
15 126
15 127
15 128
15 129
15 132
15 133
15 136
15 138
15 140
15 142
15 146
15 148
15 149
15 150
15 152
15 158
15 164
15 167
15 172
15 173
15 176
15 177
15 178
15 179
15 185
15 186
15 189
15 190
15 192
15 194
15 196
15 197
16 17
16 18
16 19
16 20
16 21
16 22
16 29
16 30
16 31
16 37
16 39
16 41
16 43
16 44
16 46
16 47
16 50
16 53
16 54
16 56
16 61
16 68
16 73
16 74
16 75
16 77
16 78
16 81
16 82
16 84
16 85
16 90
16 95
16 97
16 98
16 102
16 103
16 105
16 106
16 108
16 109
16 110
16 112
16 114
16 121
16 123
16 124
16 126
16 127
16 131
16 132
16 135
16 138
16 139
16 141
16 143
16 146
16 148
16 149
16 150
16 151
16 153
16 154
16 170
16 171
16 173
16 174
16 179
16 182
16 185
16 187
16 188
16 191
16 193
16 194
16 197
16 198
17 20
17 21
17 22
17 23
17 24
17 29
17 30
17 33
17 37
17 38
17 40
17 41
17 43
17 44
17 46
17 50
17 57
17 58
17 64
17 68
17 69
17 73
17 74
17 75
17 85
17 87
17 89
17 90
17 91
17 94
17 103
17 104
17 107
17 111
17 112
17 114
17 118
17 119
17 120
17 122
17 127
17 132
17 136
17 137
17 139
17 140
17 144
17 145
17 148
17 150
17 152
17 153
17 155
17 156
17 157
17 165
17 166
17 170
17 171
17 176
17 178
17 180
17 185
17 186
17 189
17 191
17 193
17 194
17 199
18 19
18 20
18 21
18 24
18 28
18 33
18 34
18 35
18 37
18 43
18 45
18 46
18 47
18 48
18 51
18 52
18 54
18 55
18 56
18 57
18 58
18 59
18 61
18 62
18 69
18 70
18 71
18 75
18 76
18 78
18 79
18 80
18 83
18 87
18 89
18 90
18 91
18 99
18 100
18 102
18 103
18 111
18 115
18 117
18 121
18 124
18 126
18 133
18 134
18 140
18 142
18 143
18 153
18 154
18 155
18 156
18 158
18 162
18 163
18 166
18 168
18 171
18 175
18 178
18 181
18 187
18 189
18 191
18 194
19 21
19 26
19 27
19 29
19 32
19 36
19 38
19 39
19 40
19 45
19 46
19 49
19 51
19 52
19 53
19 57
19 59
19 61
19 63
19 64
19 66
19 69
19 74
19 76
19 79
19 81
19 82
19 83
19 87
19 88
19 91
19 92
19 94
19 96
19 97
19 98
19 107
19 108
19 109
19 111
19 112
19 116
19 118
19 121
19 125
19 129
19 130
19 131
19 133
19 134
19 135
19 136
19 139
19 140
19 141
19 143
19 148
19 150
19 153
19 154
19 155
19 159
19 160
19 165
19 166
19 171
19 172
19 175
19 178
19 179
19 182
19 183
19 189
19 190
19 194
19 196
20 21
20 25
20 26
20 29
20 30
20 31
20 35
20 37
20 38
20 39
20 42
20 52
20 53
20 59
20 63
20 65
20 67
20 69
20 70
20 72
20 75
20 78
20 80
20 81
20 86
20 87
20 88
20 91
20 95
20 96
20 97
20 99
20 104
20 106
20 108
20 109
20 110
20 111
20 112
20 113
20 116
20 120
20 122
20 124
20 125
20 127
20 128
20 132
20 136
20 137
20 144
20 145
20 148
20 151
20 155
20 160
20 161
20 166
20 167
20 170
20 175
20 176
20 177
20 179
20 180
20 181
20 182
20 185
20 186
20 192
20 194
20 195
20 197
20 199
21 24
21 25
21 29
21 33
21 37
21 38
21 40
21 42
21 43
21 46
21 51
21 53
21 56
21 57
21 58
21 59
21 60
21 62
21 63
21 64
21 67
21 69
21 72
21 75
21 77
21 83
21 90
21 96
21 98
21 99
21 105
21 108
21 109
21 110
21 112
21 114
21 119
21 122
21 123
21 124
21 127
21 131
21 133
21 137
21 138
21 141
21 143
21 145
21 147
21 148
21 149
21 150
21 151
21 155
21 156
21 162
21 163
21 164
21 169
21 172
21 174
21 175
21 176
21 177
21 179
21 183
21 190
21 193
21 195
21 197
21 199
22 23
22 27
22 28
22 32
22 33
22 34
22 36
22 38
22 40
22 42
22 43
22 46
22 47
22 51
22 52
22 62
22 63
22 69
22 71
22 72
22 73
22 80
22 82
22 84
22 89
22 90
22 91
22 95
22 99
22 103
22 111
22 115
22 119
22 123
22 124
22 128
22 130
22 134
22 135
22 136
22 141
22 148
22 149
22 150
22 154
22 157
22 159
22 162
22 164
22 167
22 169
22 170
22 174
22 180
22 181
22 183
22 188
22 191
23 26
23 27
23 29
23 30
23 31
23 33
23 34
23 35
23 40
23 41
23 43
23 44
23 45
23 49
23 52
23 53
23 57
23 58
23 67
23 68
23 69
23 70
23 71
23 72
23 73
23 75
23 81
23 82
23 86
23 94
23 95
23 96
23 101
23 104
23 106
23 112
23 114
23 115
23 117
23 121
23 123
23 124
23 126
23 127
23 131
23 132
23 134
23 135
23 137
23 138
23 141
23 145
23 146
23 147
23 153
23 156
23 160
23 161
23 162
23 166
23 169
23 172
23 173
23 174
23 175
23 176
23 177
23 181
23 188
23 189
23 191
23 194
23 197
23 199
24 25
24 33
24 34
24 36
24 37
24 41
24 42
24 46
24 51
24 52
24 53
24 54
24 57
24 62
24 66
24 75
24 76
24 77
24 78
24 79
24 80
24 83
24 86
24 89
24 90
24 93
24 96
24 97
24 104
24 105
24 106
24 110
24 115
24 116
24 117
24 118
24 119
24 120
24 123
24 124
24 130
24 137
24 138
24 139
24 142
24 144
24 145
24 146
24 149
24 150
24 151
24 154
24 159
24 162
24 165
24 166
24 171
24 173
24 176
24 179
24 182
24 183
24 184
24 185
24 187
24 190
24 192
24 195
24 196
24 199
25 27
25 28
25 29
25 32
25 33
25 36
25 39
25 44
25 46
25 47
25 56
25 61
25 62
25 69
25 73
25 74
25 76
25 86
25 88
25 91
25 94
25 95
25 96
25 99
25 102
25 103
25 106
25 110
25 115
25 116
25 119
25 120
25 121
25 124
25 125
25 126
25 128
25 130
25 131
25 134
25 135
25 137
25 140
25 141
25 149
25 150
25 151
25 152
25 153
25 156
25 157
25 163
25 171
25 174
25 179
25 180
25 182
25 183
25 185
25 187
25 190
25 191
25 196
25 197
25 199
26 28
26 37
26 38
26 42
26 51
26 52
26 54
26 58
26 66
26 67
26 73
26 76
26 77
26 78
26 79
26 82
26 84
26 88
26 92
26 95
26 102
26 104
26 108
26 112
26 114
26 118
26 119
26 120
26 124
26 135
26 136
26 137
26 138
26 141
26 144
26 145
26 152
26 153
26 154
26 155
26 157
26 158
26 159
26 161
26 162
26 163
26 166
26 169
26 170
26 174
26 178
26 180
26 182
26 185
26 187
26 188
26 192
26 197
27 29
27 31
27 35
27 36
27 37
27 42
27 43
27 44
27 45
27 47
27 49
27 53
27 54
27 55
27 57
27 63
27 68
27 70
27 71
27 74
27 76
27 77
27 81
27 83
27 89
27 91
27 94
27 96
27 98
27 99
27 102
27 108
27 111
27 114
27 117
27 118
27 120
27 121
27 125
27 126
27 127
27 128
27 129
27 130
27 131
27 133
27 135
27 142
27 145
27 146
27 147
27 151
27 153
27 155
27 157
27 158
27 159
27 161
27 164
27 167
27 168
27 172
27 174
27 176
27 179
27 184
27 185
27 186
27 189
27 191
27 193
27 194
27 197
27 199
28 33
28 34
28 37
28 38
28 40
28 41
28 42
28 43
28 44
28 45
28 46
28 49
28 51
28 52
28 53
28 59
28 64
28 67
28 69
28 71
28 72
28 78
28 80
28 81
28 84
28 85
28 88
28 91
28 95
28 96
28 97
28 98
28 100
28 101
28 102
28 103
28 105
28 107
28 108
28 111
28 112
28 114
28 115
28 116
28 117
28 118
28 119
28 120
28 123
28 125
28 133
28 134
28 136
28 142
28 144
28 146
28 147
28 152
28 153
28 156
28 164
28 166
28 170
28 176
28 177
28 178
28 179
28 180
28 181
28 182
28 183
28 184
28 185
28 192
28 195
28 196
28 197
29 33
29 35
29 36
29 37
29 39
29 43
29 44
29 45
29 46
29 51
29 52
29 54
29 58
29 64
29 67
29 68
29 69
29 71
29 73
29 74
29 76
29 78
29 81
29 89
29 91
29 93
29 100
29 103
29 106
29 108
29 109
29 116
29 118
29 120
29 129
29 132
29 134
29 136
29 138
29 142
29 143
29 147
29 151
29 155
29 157
29 159
29 160
29 164
29 166
29 167
29 168
29 169
29 170
29 171
29 172
29 178
29 181
29 182
29 184
29 185
29 186
29 189
29 190
29 193
29 198
29 199
30 31
30 33
30 34
30 38
30 40
30 44
30 46
30 49
30 56
30 58
30 60
30 64
30 65
30 70
30 74
30 79
30 80
30 82
30 83
30 84
30 86
30 87
30 91
30 92
30 93
30 95
30 96
30 99
30 107
30 108
30 109
30 113
30 115
30 116
30 117
30 124
30 125
30 126
30 135
30 136
30 137
30 140
30 141
30 142
30 148
30 149
30 151
30 152
30 154
30 156
30 157
30 162
30 165
30 166
30 168
30 170
30 174
30 177
30 179
30 181
30 189
30 191
30 192
30 193
31 33
31 34
31 35
31 36
31 41
31 45
31 47
31 50
31 53
31 55
31 56
31 57
31 58
31 60
31 61
31 62
31 66
31 73
31 74
31 76
31 79
31 80
31 87
31 90
31 91
31 93
31 96
31 100
31 101
31 105
31 108
31 111
31 113
31 115
31 125
31 126
31 128
31 134
31 137
31 138
31 140
31 142
31 143
31 146
31 147
31 149
31 153
31 157
31 159
31 160
31 162
31 166
31 178
31 180
31 189
31 191
31 192
31 195
31 196
31 198
32 33
32 35
32 39
32 41
32 45
32 47
32 48
32 52
32 53
32 57
32 61
32 66
32 69
32 70
32 71
32 72
32 74
32 76
32 77
32 80
32 81
32 82
32 85
32 86
32 87
32 89
32 93
32 96
32 97
32 98
32 100
32 101
32 105
32 110
32 113
32 119
32 120
32 121
32 124
32 126
32 129
32 132
32 133
32 136
32 139
32 143
32 145
32 149
32 150
32 153
32 156
32 160
32 161
32 164
32 168
32 171
32 172
32 180
32 181
32 183
32 185
32 186
32 187
32 192
32 193
32 196
32 199
33 36
33 39
33 41
33 43
33 44
33 45
33 46
33 47
33 48
33 49
33 52
33 55
33 57
33 59
33 63
33 65
33 66
33 72
33 75
33 77
33 78
33 80
33 81
33 83
33 86
33 87
33 88
33 89
33 94
33 97
33 98
33 100
33 102
33 103
33 104
33 105
33 107
33 108
33 110
33 115
33 118
33 119
33 121
33 123
33 124
33 125
33 126
33 130
33 131
33 132
33 134
33 139
33 144
33 146
33 147
33 151
33 153
33 155
33 160
33 162
33 165
33 166
33 167
33 168
33 169
33 172
33 174
33 179
33 182
33 183
33 187
33 192
33 196
33 197
34 43
34 46
34 47
34 49
34 53
34 55
34 58
34 59
34 60
34 62
34 66
34 68
34 75
34 77
34 79
34 82
34 83
34 85
34 86
34 88
34 90
34 92
34 94
34 98
34 99
34 101
34 102
34 103
34 104
34 106
34 110
34 113
34 114
34 115
34 118
34 120
34 121
34 123
34 124
34 127
34 128
34 135
34 137
34 138
34 140
34 142
34 144
34 146
34 147
34 149
34 152
34 154
34 159
34 162
34 165
34 166
34 169
34 172
34 175
34 176
34 179
34 180
34 181
34 183
34 185
34 187
34 194
34 197
34 199
35 50
35 55
35 58
35 60
35 63
35 65
35 72
35 73
35 74
35 75
35 76
35 79
35 82
35 86
35 89
35 90
35 92
35 93
35 95
35 96
35 99
35 100
35 101
35 102
35 103
35 104
35 105
35 110
35 111
35 112
35 115
35 117
35 120
35 121
35 126
35 130
35 132
35 133
35 135
35 137
35 138
35 141
35 143
35 145
35 155
35 156
35 161
35 163
35 166
35 167
35 170
35 171
35 172
35 175
35 176
35 177
35 178
35 181
35 182
35 183
35 185
35 186
35 187
35 188
35 190
35 194
35 198
36 37
36 41
36 42
36 44
36 45
36 48
36 54
36 55
36 62
36 63
36 64
36 65
36 66
36 67
36 68
36 69
36 70
36 71
36 74
36 75
36 77
36 78
36 84
36 86
36 87
36 89
36 91
36 93
36 94
36 98
36 99
36 101
36 103
36 106
36 107
36 108
36 110
36 111
36 113
36 117
36 119
36 121
36 122
36 124
36 125
36 126
36 129
36 130
36 131
36 133
36 135
36 136
36 138
36 140
36 141
36 142
36 147
36 148
36 149
36 153
36 154
36 155
36 158
36 162
36 163
36 164
36 166
36 167
36 169
36 170
36 173
36 177
36 180
36 182
36 184
36 187
36 189
36 190
36 191
36 192
36 197
36 198
37 39
37 43
37 44
37 47
37 48
37 50
37 51
37 54
37 55
37 56
37 57
37 59
37 61
37 62
37 68
37 69
37 72
37 74
37 75
37 79
37 80
37 83
37 84
37 85
37 86
37 90
37 91
37 92
37 96
37 98
37 103
37 105
37 106
37 107
37 109
37 110
37 111
37 117
37 119
37 121
37 130
37 140
37 142
37 143
37 144
37 148
37 149
37 151
37 157
37 162
37 163
37 166
37 167
37 168
37 169
37 171
37 172
37 173
37 181
37 183
37 185
37 186
37 188
37 190
37 192
37 198
38 41
38 42
38 45
38 48
38 54
38 59
38 60
38 64
38 66
38 69
38 73
38 74
38 77
38 78
38 81
38 87
38 88
38 89
38 91
38 96
38 102
38 104
38 105
38 109
38 115
38 120
38 121
38 124
38 125
38 128
38 135
38 136
38 142
38 143
38 144
38 145
38 146
38 148
38 150
38 151
38 158
38 159
38 160
38 163
38 164
38 166
38 167
38 170
38 173
38 174
38 175
38 177
38 178
38 185
38 188
38 189
38 193
38 197
38 199
39 40
39 42
39 43
39 44
39 47
39 49
39 52
39 55
39 56
39 60
39 63
39 67
39 68
39 69
39 73
39 76
39 79
39 80
39 90
39 93
39 95
39 96
39 97
39 99
39 100
39 104
39 105
39 108
39 111
39 113
39 114
39 116
39 117
39 118
39 121
39 126
39 129
39 134
39 135
39 136
39 137
39 138
39 139
39 142
39 143
39 144
39 146
39 148
39 149
39 155
39 159
39 164
39 168
39 172
39 173
39 174
39 175
39 177
39 185
39 188
39 190
39 191
39 192
39 195
40 43
40 50
40 52
40 56
40 61
40 63
40 65
40 71
40 73
40 74
40 75
40 77
40 80
40 81
40 82
40 84
40 88
40 91
40 94
40 95
40 96
40 99
40 101
40 104
40 106
40 108
40 109
40 110
40 112
40 113
40 114
40 116
40 137
40 138
40 142
40 143
40 144
40 149
40 150
40 156
40 159
40 167
40 168
40 171
40 172
40 173
40 174
40 175
40 179
40 180
40 182
40 183
40 184
40 187
40 188
40 193
41 44
41 45
41 48
41 49
41 50
41 54
41 57
41 58
41 60
41 61
41 68
41 70
41 71
41 73
41 77
41 79
41 82
41 88
41 94
41 98
41 99
41 101
41 106
41 109
41 111
41 112
41 113
41 118
41 121
41 122
41 123
41 124
41 125
41 131
41 136
41 140
41 141
41 145
41 149
41 150
41 153
41 156
41 158
41 159
41 163
41 164
41 167
41 168
41 170
41 172
41 173
41 177
41 180
41 181
41 184
42 43
42 45
42 48
42 54
42 56
42 57
42 58
42 60
42 62
42 72
42 77
42 78
42 79
42 80
42 84
42 87
42 90
42 93
42 94
42 96
42 100
42 101
42 103
42 105
42 106
42 112
42 115
42 118
42 119
42 122
42 123
42 126
42 129
42 130
42 132
42 134
42 135
42 138
42 142
42 144
42 153
42 155
42 157
42 158
42 159
42 163
42 165
42 171
42 173
42 177
42 178
42 181
42 182
42 185
42 187
42 190
42 193
42 195
42 196
42 197
42 198
43 45
43 53
43 54
43 59
43 60
43 65
43 67
43 70
43 73
43 74
43 79
43 82
43 86
43 87
43 90
43 92
43 96
43 97
43 98
43 100
43 101
43 104
43 107
43 108
43 112
43 114
43 115
43 118
43 119
43 120
43 122
43 128
43 131
43 133
43 136
43 137
43 140
43 142
43 145
43 146
43 149
43 152
43 153
43 155
43 158
43 162
43 163
43 166
43 167
43 175
43 178
43 179
43 180
43 182
43 184
43 185
43 186
43 187
43 190
43 194
43 196
43 198
44 45
44 47
44 48
44 51
44 52
44 53
44 54
44 56
44 59
44 62
44 63
44 64
44 69
44 70
44 71
44 72
44 73
44 74
44 80
44 82
44 84
44 85
44 86
44 90
44 91
44 92
44 94
44 97
44 99
44 102
44 111
44 112
44 114
44 116
44 118
44 119
44 120
44 121
44 122
44 123
44 125
44 127
44 128
44 130
44 131
44 132
44 133
44 135
44 137
44 138
44 143
44 145
44 149
44 153
44 155
44 156
44 161
44 167
44 168
44 170
44 171
44 172
44 173
44 174
44 181
44 184
44 186
44 188
44 190
44 192
44 198
44 199
45 48
45 52
45 53
45 54
45 55
45 56
45 59
45 60
45 61
45 62
45 65
45 68
45 71
45 72
45 73
45 75
45 81
45 82
45 86
45 89
45 91
45 95
45 96
45 100
45 101
45 102
45 104
45 110
45 111
45 115
45 116
45 118
45 119
45 120
45 123
45 129
45 130
45 138
45 141
45 144
45 145
45 146
45 147
45 148
45 151
45 153
45 155
45 158
45 161
45 163
45 164
45 170
45 172
45 173
45 179
45 181
45 182
45 187
45 191
45 192
45 195
45 199
46 47
46 53
46 56
46 57
46 59
46 60
46 64
46 67
46 71
46 74
46 76
46 79
46 80
46 81
46 84
46 85
46 87
46 90
46 91
46 93
46 96
46 97
46 98
46 100
46 102
46 103
46 104
46 107
46 108
46 112
46 113
46 114
46 115
46 116
46 117
46 118
46 120
46 127
46 128
46 132
46 136
46 141
46 145
46 148
46 149
46 156
46 157
46 158
46 161
46 166
46 168
46 172
46 176
46 177
46 180
46 183
46 184
46 185
46 188
46 192
46 193
46 194
46 198
46 199
47 48
47 49
47 50
47 53
47 54
47 55
47 60
47 61
47 63
47 64
47 66
47 68
47 70
47 72
47 77
47 78
47 82
47 83
47 85
47 89
47 90
47 91
47 93
47 94
47 98
47 99
47 100
47 108
47 109
47 110
47 114
47 115
47 123
47 124
47 126
47 129
47 131
47 134
47 135
47 137
47 141
47 145
47 148
47 159
47 161
47 163
47 169
47 172
47 173
47 174
47 178
47 183
47 184
47 188
47 189
47 190
47 191
47 192
47 196
48 50
48 52
48 54
48 57
48 58
48 61
48 63
48 64
48 65
48 70
48 71
48 74
48 77
48 78
48 83
48 85
48 87
48 90
48 91
48 93
48 99
48 103
48 106
48 107
48 110
48 111
48 114
48 117
48 119
48 120
48 121
48 124
48 129
48 130
48 131
48 133
48 139
48 143
48 144
48 145
48 147
48 149
48 150
48 151
48 153
48 154
48 156
48 158
48 160
48 167
48 169
48 173
48 174
48 177
48 188
48 190
48 193
48 195
48 198
49 51
49 52
49 53
49 54
49 55
49 56
49 57
49 59
49 60
49 63
49 68
49 70
49 71
49 73
49 76
49 78
49 80
49 81
49 84
49 86
49 88
49 92
49 96
49 97
49 102
49 109
49 110
49 111
49 112
49 118
49 120
49 122
49 127
49 128
49 131
49 132
49 137
49 139
49 141
49 142
49 144
49 146
49 152
49 156
49 157
49 160
49 163
49 167
49 170
49 173
49 175
49 179
49 180
49 183
49 185
49 186
49 188
49 190
49 197
49 198
49 199
50 55
50 56
50 57
50 59
50 60
50 62
50 64
50 65
50 68
50 70
50 72
50 73
50 76
50 77
50 78
50 80
50 81
50 82
50 83
50 88
50 90
50 91
50 92
50 94
50 98
50 102
50 106
50 107
50 110
50 113
50 117
50 118
50 119
50 122
50 123
50 125
50 126
50 127
50 129
50 130
50 133
50 136
50 137
50 138
50 141
50 142
50 147
50 148
50 149
50 153
50 156
50 159
50 161
50 163
50 164
50 165
50 170
50 171
50 173
50 177
50 183
50 187
50 188
50 189
50 192
50 193
50 194
50 196
50 198
51 54
51 55
51 56
51 57
51 60
51 63
51 69
51 70
51 72
51 73
51 78
51 83
51 88
51 89
51 91
51 92
51 93
51 94
51 95
51 98
51 102
51 103
51 107
51 108
51 110
51 117
51 124
51 126
51 129
51 130
51 133
51 140
51 143
51 145
51 148
51 150
51 154
51 156
51 158
51 159
51 161
51 163
51 169
51 170
51 172
51 176
51 177
51 178
51 181
51 185
51 189
51 192
51 193
51 195
51 196
51 199
52 53
52 55
52 56
52 57
52 60
52 62
52 63
52 64
52 68
52 69
52 70
52 72
52 73
52 74
52 76
52 77
52 79
52 81
52 85
52 87
52 89
52 92
52 93
52 98
52 105
52 107
52 108
52 109
52 111
52 112
52 114
52 117
52 119
52 122
52 123
52 124
52 128
52 131
52 132
52 135
52 136
52 138
52 141
52 147
52 148
52 151
52 153
52 154
52 155
52 169
52 172
52 174
52 175
52 176
52 179
52 184
52 188
52 190
52 192
52 193
52 197
52 198
52 199
53 55
53 57
53 61
53 72
53 77
53 79
53 80
53 83
53 84
53 85
53 87
53 88
53 90
53 92
53 103
53 106
53 112
53 113
53 115
53 116
53 117
53 119
53 130
53 131
53 135
53 136
53 141
53 146
53 147
53 148
53 150
53 151
53 153
53 156
53 158
53 162
53 163
53 164
53 167
53 170
53 173
53 175
53 180
53 187
53 192
53 196
53 199
54 55
54 57
54 61
54 62
54 66
54 68
54 69
54 70
54 71
54 73
54 74
54 78
54 80
54 86
54 88
54 89
54 90
54 98
54 100
54 101
54 103
54 104
54 105
54 108
54 110
54 112
54 113
54 114
54 117
54 119
54 125
54 126
54 130
54 133
54 135
54 136
54 138
54 139
54 141
54 143
54 145
54 148
54 149
54 151
54 153
54 155
54 158
54 160
54 166
54 167
54 170
54 175
54 176
54 178
54 181
54 185
54 191
55 56
55 61
55 62
55 63
55 66
55 67
55 68
55 69
55 70
55 71
55 72
55 75
55 76
55 79
55 80
55 82
55 83
55 84
55 85
55 86
55 87
55 95
55 99
55 100
55 104
55 105
55 106
55 109
55 110
55 113
55 114
55 115
55 117
55 120
55 121
55 122
55 126
55 129
55 130
55 132
55 133
55 135
55 136
55 138
55 144
55 145
55 146
55 150
55 151
55 158
55 160
55 161
55 163
55 167
55 171
55 172
55 176
55 180
55 181
55 182
55 183
55 185
55 187
55 189
55 191
55 192
55 194
55 196
55 197
55 199
56 58
56 59
56 63
56 64
56 67
56 68
56 69
56 72
56 74
56 75
56 86
56 88
56 91
56 101
56 102
56 105
56 116
56 118
56 120
56 121
56 122
56 123
56 124
56 125
56 126
56 131
56 133
56 134
56 135
56 138
56 139
56 143
56 144
56 147
56 148
56 151
56 153
56 163
56 165
56 167
56 168
56 170
56 175
56 177
56 182
56 184
56 185
56 187
56 188
56 190
56 192
56 194
56 197
56 199
57 58
57 59
57 61
57 65
57 66
57 67
57 68
57 71
57 72
57 76
57 79
57 81
57 85
57 86
57 93
57 95
57 99
57 100
57 101
57 102
57 114
57 116
57 120
57 123
57 124
57 127
57 130
57 131
57 132
57 140
57 143
57 146
57 147
57 148
57 151
57 152
57 154
57 155
57 157
57 159
57 161
57 164
57 165
57 170
57 174
57 176
57 181
57 183
57 191
57 192
57 194
57 196
57 199
58 61
58 62
58 67
58 72
58 74
58 78
58 79
58 80
58 81
58 82
58 84
58 85
58 87
58 95
58 96
58 97
58 100
58 101
58 106
58 109
58 114
58 118
58 120
58 121
58 123
58 125
58 126
58 127
58 129
58 131
58 133
58 134
58 135
58 143
58 144
58 145
58 150
58 153
58 155
58 157
58 158
58 159
58 162
58 164
58 165
58 169
58 171
58 172
58 173
58 179
58 181
58 185
58 186
58 188
58 190
59 60
59 61
59 62
59 63
59 64
59 65
59 67
59 68
59 70
59 71
59 75
59 78
59 79
59 82
59 85
59 87
59 89
59 90
59 91
59 92
59 93
59 94
59 97
59 98
59 99
59 104
59 111
59 118
59 119
59 122
59 125
59 127
59 131
59 133
59 135
59 137
59 139
59 144
59 145
59 146
59 149
59 150
59 151
59 155
59 162
59 164
59 165
59 166
59 167
59 169
59 171
59 173
59 177
59 179
59 182
59 183
59 184
59 185
59 186
59 187
59 188
59 196
59 198
60 61
60 64
60 66
60 67
60 68
60 69
60 73
60 74
60 78
60 81
60 83
60 84
60 87
60 88
60 92
60 95
60 100
60 102
60 107
60 108
60 109
60 112
60 113
60 119
60 120
60 121
60 122
60 124
60 127
60 131
60 135
60 140
60 141
60 147
60 153
60 154
60 158
60 160
60 162
60 169
60 170
60 171
60 174
60 175
60 179
60 181
60 186
60 188
60 189
60 190
60 191
60 192
60 193
60 194
60 198
60 199
61 64
61 67
61 69
61 70
61 71
61 72
61 78
61 81
61 82
61 85
61 87
61 89
61 91
61 93
61 96
61 98
61 100
61 101
61 106
61 107
61 113
61 115
61 116
61 120
61 124
61 128
61 130
61 134
61 137
61 141
61 147
61 148
61 153
61 156
61 159
61 161
61 166
61 167
61 169
61 173
61 176
61 186
61 187
61 193
61 195
61 196
61 197
62 66
62 76
62 78
62 79
62 82
62 83
62 84
62 86
62 87
62 88
62 92
62 96
62 98
62 103
62 105
62 107
62 108
62 111
62 114
62 115
62 117
62 119
62 120
62 121
62 122
62 125
62 126
62 127
62 128
62 131
62 132
62 139
62 142
62 143
62 145
62 146
62 147
62 148
62 150
62 151
62 152
62 154
62 155
62 164
62 166
62 168
62 172
62 173
62 174
62 179
62 181
62 184
62 186
62 189
62 194
63 64
63 65
63 69
63 71
63 75
63 76
63 77
63 79
63 80
63 84
63 86
63 88
63 91
63 94
63 95
63 96
63 99
63 100
63 108
63 109
63 110
63 118
63 124
63 125
63 126
63 129
63 135
63 140
63 141
63 142
63 143
63 149
63 153
63 154
63 158
63 159
63 160
63 161
63 164
63 168
63 169
63 170
63 172
63 173
63 175
63 176
63 177
63 178
63 179
63 181
63 183
63 185
63 187
63 189
63 192
63 194
63 195
63 198
64 65
64 66
64 70
64 71
64 72
64 75
64 79
64 81
64 82
64 83
64 85
64 87
64 88
64 90
64 94
64 95
64 96
64 97
64 98
64 99
64 101
64 102
64 105
64 106
64 110
64 115
64 122
64 124
64 127
64 134
64 136
64 137
64 140
64 141
64 143
64 152
64 154
64 157
64 163
64 164
64 166
64 168
64 170
64 172
64 176
64 178
64 179
64 181
64 183
64 185
64 188
64 190
64 192
64 193
64 194
64 196
64 199
65 68
65 70
65 73
65 76
65 78
65 81
65 84
65 86
65 88
65 90
65 92
65 95
65 96
65 103
65 104
65 107
65 109
65 113
65 114
65 119
65 121
65 123
65 126
65 127
65 128
65 132
65 143
65 148
65 151
65 152
65 157
65 158
65 159
65 160
65 161
65 163
65 168
65 172
65 174
65 175
65 176
65 177
65 179
65 180
65 185
65 189
65 190
65 191
65 195
65 198
66 72
66 74
66 75
66 78
66 80
66 81
66 86
66 87
66 91
66 94
66 96
66 97
66 102
66 104
66 105
66 115
66 116
66 118
66 119
66 128
66 129
66 132
66 133
66 134
66 135
66 136
66 138
66 140
66 145
66 147
66 153
66 154
66 157
66 158
66 159
66 160
66 163
66 164
66 166
66 170
66 176
66 177
66 178
66 180
66 181
66 187
66 188
66 191
66 193
66 194
66 195
67 68
67 70
67 71
67 74
67 81
67 83
67 84
67 85
67 87
67 89
67 90
67 91
67 92
67 95
67 97
67 98
67 100
67 101
67 102
67 103
67 104
67 108
67 112
67 113
67 114
67 115
67 119
67 122
67 123
67 129
67 130
67 131
67 132
67 136
67 139
67 143
67 144
67 145
67 146
67 148
67 152
67 153
67 154
67 162
67 164
67 165
67 167
67 171
67 172
67 173
67 174
67 177
67 179
67 180
67 183
67 188
67 190
67 195
67 196
67 197
67 199
68 72
68 74
68 75
68 77
68 78
68 84
68 86
68 87
68 88
68 93
68 95
68 98
68 103
68 108
68 112
68 115
68 117
68 118
68 119
68 120
68 129
68 136
68 138
68 141
68 142
68 149
68 151
68 153
68 162
68 166
68 171
68 173
68 174
68 175
68 176
68 184
68 185
68 189
68 192
68 193
68 194
68 195
68 196
68 197
68 199
69 71
69 72
69 73
69 77
69 79
69 81
69 82
69 83
69 86
69 87
69 88
69 91
69 93
69 94
69 95
69 98
69 99
69 100
69 102
69 103
69 104
69 107
69 108
69 109
69 110
69 113
69 114
69 116
69 117
69 118
69 119
69 120
69 121
69 124
69 127
69 130
69 132
69 137
69 138
69 140
69 141
69 142
69 145
69 146
69 147
69 150
69 155
69 156
69 157
69 160
69 161
69 165
69 168
69 171
69 172
69 173
69 174
69 178
69 180
69 182
69 184
69 189
69 194
69 196
70 73
70 75
70 76
70 78
70 80
70 86
70 87
70 88
70 91
70 93
70 94
70 98
70 100
70 104
70 106
70 110
70 113
70 114
70 115
70 117
70 119
70 121
70 126
70 127
70 130
70 133
70 135
70 140
70 141
70 144
70 146
70 147
70 148
70 149
70 151
70 152
70 157
70 164
70 168
70 171
70 172
70 173
70 175
70 176
70 179
70 181
70 182
70 183
70 188
70 189
70 191
70 192
70 193
70 195
70 199
71 72
71 73
71 74
71 79
71 81
71 84
71 87
71 88
71 94
71 95
71 101
71 106
71 107
71 111
71 114
71 115
71 119
71 120
71 121
71 124
71 127
71 128
71 130
71 131
71 133
71 134
71 136
71 137
71 138
71 141
71 146
71 147
71 149
71 154
71 157
71 163
71 166
71 167
71 177
71 179
71 181
71 182
71 186
71 190
71 191
71 194
72 73
72 75
72 76
72 78
72 83
72 89
72 94
72 98
72 101
72 113
72 114
72 115
72 119
72 125
72 127
72 128
72 129
72 132
72 133
72 134
72 145
72 148
72 155
72 159
72 160
72 166
72 167
72 169
72 171
72 174
72 175
72 178
72 179
72 182
72 183
72 184
72 185
72 187
72 191
72 192
72 193
72 194
72 195
72 196
73 75
73 76
73 77
73 81
73 83
73 84
73 87
73 88
73 90
73 92
73 97
73 100
73 103
73 107
73 110
73 112
73 115
73 116
73 118
73 120
73 134
73 136
73 140
73 143
73 145
73 147
73 156
73 159
73 160
73 165
73 167
73 168
73 169
73 172
73 176
73 177
73 178
73 179
73 181
73 190
73 195
73 196
73 199
74 75
74 77
74 83
74 87
74 89
74 91
74 94
74 95
74 96
74 99
74 107
74 108
74 113
74 117
74 121
74 122
74 126
74 133
74 135
74 141
74 143
74 147
74 149
74 153
74 161
74 165
74 167
74 168
74 170
74 171
74 173
74 174
74 175
74 176
74 179
74 180
74 181
74 182
74 185
74 187
74 190
74 193
74 196
74 198
75 78
75 80
75 82
75 83
75 84
75 85
75 86
75 87
75 88
75 89
75 94
75 100
75 101
75 104
75 105
75 106
75 107
75 111
75 117
75 119
75 121
75 128
75 132
75 134
75 135
75 136
75 137
75 138
75 139
75 141
75 142
75 148
75 149
75 150
75 154
75 156
75 158
75 159
75 161
75 162
75 167
75 169
75 175
75 176
75 181
75 189
75 191
75 192
75 194
75 195
75 197
76 77
76 79
76 80
76 81
76 83
76 85
76 86
76 88
76 90
76 91
76 93
76 99
76 100
76 101
76 111
76 112
76 114
76 115
76 116
76 118
76 119
76 120
76 121
76 123
76 125
76 127
76 128
76 135
76 139
76 140
76 142
76 147
76 150
76 154
76 162
76 163
76 164
76 166
76 168
76 169
76 171
76 172
76 173
76 174
76 177
76 179
76 185
76 188
76 190
76 192
76 194
76 197
76 198
77 78
77 81
77 82
77 84
77 85
77 91
77 93
77 94
77 101
77 103
77 104
77 105
77 106
77 108
77 110
77 113
77 114
77 116
77 120
77 121
77 123
77 124
77 127
77 130
77 131
77 132
77 134
77 135
77 138
77 139
77 142
77 143
77 144
77 145
77 146
77 148
77 156
77 157
77 159
77 161
77 162
77 163
77 164
77 166
77 172
77 173
77 182
77 185
77 188
77 191
77 192
77 193
77 197
78 80
78 81
78 83
78 84
78 85
78 90
78 100
78 104
78 107
78 110
78 111
78 113
78 114
78 116
78 119
78 120
78 121
78 124
78 126
78 127
78 128
78 130
78 133
78 134
78 135
78 136
78 137
78 138
78 146
78 147
78 149
78 155
78 159
78 167
78 169
78 171
78 172
78 174
78 175
78 176
78 178
78 182
78 184
78 185
78 194
78 197
78 198
78 199
79 83
79 84
79 86
79 87
79 89
79 90
79 91
79 92
79 96
79 97
79 98
79 99
79 104
79 106
79 111
79 112
79 115
79 116
79 119
79 123
79 124
79 126
79 128
79 133
79 134
79 140
79 142
79 144
79 145
79 147
79 150
79 151
79 153
79 154
79 158
79 160
79 161
79 162
79 163
79 165
79 168
79 170
79 174
79 178
79 183
79 184
79 185
79 193
79 195
79 196
79 198
80 81
80 84
80 85
80 87
80 88
80 90
80 93
80 94
80 96
80 97
80 98
80 100
80 101
80 109
80 111
80 115
80 118
80 119
80 121
80 126
80 127
80 128
80 132
80 133
80 135
80 137
80 138
80 140
80 144
80 146
80 147
80 148
80 152
80 153
80 159
80 164
80 169
80 170
80 172
80 180
80 183
80 184
80 185
80 187
80 188
80 192
80 196
80 197
81 82
81 83
81 85
81 95
81 97
81 98
81 102
81 103
81 108
81 110
81 112
81 113
81 115
81 116
81 117
81 118
81 123
81 126
81 131
81 134
81 136
81 137
81 138
81 144
81 150
81 152
81 154
81 159
81 162
81 163
81 165
81 168
81 169
81 170
81 172
81 173
81 174
81 175
81 176
81 178
81 181
81 187
81 190
81 196
81 197
82 83
82 85
82 88
82 90
82 95
82 98
82 102
82 103
82 104
82 106
82 108
82 110
82 112
82 115
82 119
82 122
82 124
82 126
82 128
82 130
82 132
82 133
82 134
82 135
82 136
82 140
82 143
82 150
82 151
82 153
82 155
82 159
82 160
82 161
82 164
82 165
82 173
82 174
82 177
82 178
82 180
82 185
82 193
82 194
83 86
83 87
83 94
83 96
83 98
83 99
83 100
83 101
83 102
83 103
83 104
83 111
83 113
83 114
83 117
83 118
83 121
83 128
83 130
83 132
83 133
83 134
83 137
83 138
83 139
83 140
83 144
83 149
83 150
83 152
83 155
83 160
83 164
83 165
83 168
83 169
83 170
83 171
83 172
83 173
83 176
83 179
83 182
83 185
83 186
83 187
83 189
83 190
83 192
83 193
83 194
83 198
84 85
84 88
84 89
84 95
84 97
84 110
84 111
84 115
84 117
84 123
84 124
84 131
84 134
84 135
84 136
84 138
84 142
84 143
84 145
84 146
84 150
84 151
84 152
84 154
84 157
84 159
84 161
84 164
84 168
84 171
84 173
84 175
84 183
84 186
84 187
84 189
84 192
84 193
84 194
84 196
84 198
84 199
85 86
85 87
85 88
85 89
85 90
85 92
85 93
85 96
85 98
85 99
85 102
85 103
85 109
85 110
85 113
85 114
85 116
85 117
85 121
85 124
85 125
85 126
85 127
85 129
85 131
85 133
85 135
85 138
85 139
85 140
85 145
85 148
85 149
85 154
85 156
85 160
85 161
85 163
85 171
85 172
85 173
85 174
85 179
85 182
85 190
85 191
85 194
85 196
85 198
86 88
86 91
86 92
86 93
86 94
86 98
86 99
86 107
86 111
86 112
86 114
86 115
86 116
86 118
86 119
86 121
86 123
86 126
86 131
86 133
86 134
86 136
86 138
86 141
86 144
86 145
86 149
86 151
86 153
86 158
86 166
86 174
86 177
86 181
86 183
86 184
86 187
86 188
86 189
86 190
86 191
86 193
86 194
86 196
86 199
87 88
87 92
87 93
87 102
87 105
87 106
87 107
87 109
87 114
87 118
87 119
87 120
87 123
87 124
87 125
87 127
87 131
87 132
87 133
87 134
87 137
87 138
87 139
87 141
87 142
87 143
87 145
87 146
87 151
87 156
87 160
87 164
87 165
87 166
87 176
87 177
87 178
87 180
87 184
87 185
87 186
87 189
87 192
87 193
87 194
87 196
87 197
87 199
88 92
88 94
88 97
88 98
88 100
88 104
88 105
88 106
88 108
88 110
88 113
88 122
88 123
88 125
88 126
88 127
88 131
88 132
88 133
88 134
88 135
88 137
88 142
88 143
88 144
88 148
88 149
88 150
88 151
88 154
88 155
88 157
88 166
88 167
88 171
88 174
88 176
88 179
88 180
88 181
88 183
88 186
88 187
88 189
88 190
88 193
88 195
89 90
89 97
89 100
89 101
89 103
89 105
89 106
89 117
89 119
89 120
89 122
89 123
89 126
89 127
89 130
89 138
89 140
89 144
89 148
89 151
89 154
89 158
89 159
89 160
89 162
89 173
89 174
89 176
89 177
89 181
89 185
89 190
89 192
89 195
89 197
89 199
90 93
90 94
90 96
90 98
90 103
90 105
90 106
90 107
90 109
90 113
90 116
90 118
90 120
90 123
90 124
90 125
90 128
90 130
90 137
90 140
90 142
90 143
90 144
90 148
90 149
90 150
90 152
90 154
90 157
90 159
90 160
90 161
90 165
90 168
90 171
90 175
90 184
90 185
90 186
90 194
90 196
90 199
91 93
91 96
91 99
91 103
91 106
91 108
91 110
91 111
91 113
91 114
91 117
91 118
91 120
91 124
91 126
91 128
91 129
91 130
91 131
91 134
91 137
91 138
91 139
91 140
91 141
91 143
91 146
91 147
91 150
91 153
91 154
91 156
91 157
91 159
91 160
91 162
91 164
91 165
91 172
91 173
91 175
91 176
91 177
91 178
91 180
91 184
91 187
91 192
91 199
92 93
92 95
92 97
92 100
92 101
92 103
92 105
92 108
92 109
92 110
92 111
92 113
92 114
92 116
92 119
92 120
92 121
92 123
92 125
92 126
92 127
92 132
92 134
92 135
92 136
92 138
92 141
92 143
92 146
92 151
92 154
92 158
92 161
92 162
92 165
92 170
92 172
92 175
92 177
92 178
92 180
92 181
92 183
92 186
92 187
92 190
92 194
92 195
92 196
92 197
93 94
93 95
93 96
93 97
93 102
93 106
93 107
93 110
93 111
93 113
93 114
93 117
93 118
93 122
93 126
93 127
93 130
93 131
93 133
93 134
93 138
93 140
93 141
93 143
93 144
93 150
93 157
93 158
93 159
93 170
93 171
93 172
93 177
93 178
93 179
93 180
93 183
93 184
93 187
93 191
93 194
93 195
94 97
94 98
94 101
94 102
94 108
94 109
94 111
94 112
94 117
94 118
94 119
94 120
94 122
94 123
94 124
94 125
94 128
94 129
94 134
94 135
94 136
94 138
94 146
94 147
94 155
94 156
94 157
94 158
94 159
94 161
94 162
94 163
94 172
94 173
94 175
94 178
94 180
94 182
94 183
94 184
94 186
94 187
94 189
95 97
95 98
95 102
95 104
95 106
95 109
95 110
95 112
95 114
95 115
95 118
95 119
95 124
95 127
95 129
95 133
95 134
95 137
95 138
95 139
95 144
95 145
95 146
95 147
95 151
95 153
95 155
95 156
95 158
95 164
95 165
95 166
95 168
95 169
95 175
95 179
95 180
95 183
95 184
95 187
95 190
95 193
95 194
95 195
95 198
96 98
96 99
96 102
96 106
96 108
96 109
96 110
96 111
96 112
96 114
96 115
96 116
96 120
96 125
96 128
96 132
96 138
96 143
96 146
96 148
96 149
96 150
96 151
96 153
96 154
96 156
96 157
96 158
96 161
96 163
96 165
96 167
96 169
96 174
96 179
96 182
96 185
96 186
96 187
96 188
96 191
96 194
96 195
97 100
97 101
97 103
97 106
97 108
97 111
97 112
97 113
97 114
97 117
97 121
97 124
97 125
97 135
97 136
97 142
97 144
97 145
97 148
97 149
97 150
97 153
97 162
97 163
97 165
97 166
97 168
97 170
97 172
97 173
97 176
97 180
97 181
97 182
97 183
97 185
97 186
97 189
97 191
97 194
97 195
97 196
98 102
98 108
98 110
98 113
98 114
98 115
98 116
98 124
98 127
98 128
98 134
98 137
98 139
98 140
98 142
98 143
98 147
98 149
98 150
98 151
98 152
98 153
98 157
98 159
98 161
98 166
98 167
98 169
98 170
98 172
98 174
98 177
98 179
98 181
98 182
98 183
98 185
98 187
98 189
98 193
98 195
98 196
98 197
99 100
99 105
99 106
99 107
99 108
99 109
99 110
99 111
99 114
99 119
99 121
99 123
99 124
99 128
99 130
99 132
99 134
99 135
99 136
99 150
99 151
99 155
99 156
99 159
99 160
99 161
99 165
99 170
99 174
99 176
99 177
99 184
99 189
99 190
99 192
99 194
99 197
100 103
100 105
100 109
100 115
100 116
100 117
100 123
100 125
100 128
100 131
100 132
100 133
100 134
100 135
100 137
100 147
100 151
100 155
100 156
100 162
100 163
100 164
100 165
100 173
100 175
100 176
100 177
100 178
100 180
100 182
100 183
100 189
100 190
100 192
100 193
100 194
100 195
100 196
100 197
100 198
100 199
101 105
101 106
101 107
101 108
101 113
101 114
101 119
101 121
101 124
101 131
101 133
101 135
101 137
101 141
101 142
101 143
101 145
101 148
101 149
101 151
101 152
101 156
101 157
101 158
101 159
101 160
101 161
101 162
101 164
101 165
101 166
101 169
101 170
101 172
101 173
101 176
101 177
101 178
101 179
101 182
101 183
101 184
101 186
101 188
101 193
101 194
101 195
101 196
101 197
102 103
102 104
102 111
102 115
102 116
102 117
102 119
102 122
102 123
102 125
102 131
102 135
102 137
102 139
102 143
102 145
102 147
102 148
102 149
102 151
102 154
102 162
102 167
102 169
102 170
102 172
102 173
102 174
102 177
102 179
102 180
102 181
102 188
102 193
102 195
102 196
102 199
103 107
103 109
103 111
103 117
103 119
103 121
103 123
103 127
103 128
103 132
103 134
103 136
103 137
103 141
103 144
103 145
103 146
103 147
103 148
103 155
103 157
103 158
103 160
103 162
103 165
103 166
103 167
103 172
103 174
103 176
103 177
103 181
103 184
103 187
103 188
103 189
103 191
103 194
103 195
103 196
104 106
104 109
104 110
104 112
104 116
104 120
104 121
104 124
104 125
104 127
104 130
104 135
104 137
104 141
104 144
104 149
104 152
104 153
104 154
104 155
104 157
104 159
104 163
104 169
104 172
104 176
104 177
104 178
104 179
104 180
104 183
104 185
104 186
104 187
104 190
104 193
104 199
105 106
105 109
105 114
105 115
105 117
105 119
105 120
105 123
105 126
105 130
105 132
105 134
105 136
105 137
105 141
105 142
105 143
105 146
105 147
105 148
105 150
105 151
105 153
105 156
105 158
105 159
105 163
105 164
105 167
105 168
105 171
105 172
105 175
105 176
105 177
105 181
105 187
105 189
105 191
105 193
105 195
105 196
105 198
106 108
106 110
106 112
106 114
106 115
106 117
106 118
106 119
106 124
106 127
106 135
106 136
106 143
106 145
106 147
106 149
106 150
106 152
106 153
106 155
106 157
106 158
106 166
106 168
106 169
106 170
106 171
106 173
106 176
106 181
106 183
106 184
106 188
106 194
106 196
106 199
107 108
107 109
107 113
107 114
107 117
107 118
107 125
107 128
107 129
107 130
107 131
107 134
107 135
107 138
107 142
107 144
107 149
107 150
107 153
107 154
107 159
107 163
107 167
107 168
107 172
107 174
107 177
107 190
107 193
107 196
107 198
108 112
108 113
108 115
108 117
108 120
108 123
108 124
108 128
108 131
108 133
108 134
108 136
108 137
108 138
108 139
108 142
108 143
108 144
108 148
108 154
108 156
108 157
108 158
108 160
108 161
108 162
108 165
108 166
108 173
108 175
108 178
108 181
108 184
108 192
108 193
108 199
109 113
109 115
109 116
109 119
109 121
109 125
109 126
109 128
109 132
109 138
109 139
109 142
109 143
109 148
109 155
109 158
109 163
109 173
109 178
109 179
109 184
109 186
109 190
109 194
109 195
110 112
110 113
110 115
110 116
110 121
110 123
110 124
110 126
110 127
110 129
110 130
110 133
110 134
110 135
110 136
110 139
110 141
110 142
110 144
110 148
110 149
110 150
110 151
110 153
110 157
110 161
110 162
110 163
110 167
110 168
110 171
110 173
110 175
110 177
110 180
110 182
110 184
110 185
110 191
110 192
110 193
110 199
111 112
111 113
111 116
111 117
111 120
111 125
111 132
111 139
111 141
111 147
111 148
111 152
111 157
111 160
111 161
111 162
111 170
111 171
111 172
111 174
111 175
111 177
111 179
111 185
111 186
111 188
111 192
111 197
111 198
112 114
112 115
112 119
112 123
112 124
112 125
112 127
112 133
112 134
112 136
112 139
112 142
112 144
112 145
112 149
112 150
112 151
112 152
112 155
112 157
112 158
112 161
112 162
112 164
112 168
112 171
112 177
112 178
112 179
112 182
112 185
112 186
112 188
112 189
112 192
112 194
112 196
112 199
113 117
113 119
113 122
113 123
113 124
113 127
113 130
113 131
113 132
113 135
113 137
113 143
113 144
113 145
113 147
113 148
113 149
113 154
113 155
113 159
113 163
113 168
113 172
113 174
113 176
113 180
113 181
113 182
113 183
113 184
113 187
113 188
113 189
113 192
113 195
113 197
113 198
114 115
114 116
114 117
114 118
114 119
114 122
114 124
114 128
114 129
114 133
114 135
114 137
114 138
114 146
114 147
114 148
114 149
114 152
114 156
114 159
114 160
114 161
114 163
114 164
114 167
114 173
114 175
114 177
114 179
114 180
114 192
114 193
114 196
114 197
115 121
115 122
115 126
115 131
115 134
115 136
115 139
115 141
115 143
115 149
115 150
115 151
115 152
115 154
115 158
115 159
115 161
115 163
115 168
115 172
115 173
115 174
115 183
115 185
115 188
115 193
115 197
115 198
115 199
116 118
116 123
116 124
116 125
116 127
116 130
116 131
116 134
116 135
116 138
116 144
116 145
116 146
116 148
116 151
116 155
116 157
116 158
116 159
116 160
116 163
116 165
116 169
116 170
116 171
116 173
116 176
116 178
116 180
116 183
116 184
116 186
116 191
116 193
116 194
116 195
116 196
116 197
116 199
117 119
117 120
117 121
117 123
117 128
117 130
117 133
117 137
117 138
117 142
117 143
117 144
117 146
117 148
117 150
117 151
117 156
117 160
117 161
117 162
117 164
117 165
117 167
117 174
117 176
117 178
117 180
117 181
117 182
117 183
117 184
117 185
117 186
117 189
117 190
117 191
117 197
118 121
118 122
118 123
118 125
118 126
118 128
118 130
118 141
118 142
118 144
118 150
118 152
118 156
118 158
118 160
118 162
118 163
118 168
118 169
118 170
118 171
118 172
118 173
118 176
118 180
118 181
118 183
118 187
118 188
118 195
118 197
119 121
119 122
119 123
119 125
119 128
119 130
119 131
119 135
119 137
119 141
119 144
119 145
119 147
119 149
119 154
119 155
119 157
119 159
119 160
119 161
119 163
119 165
119 169
119 171
119 173
119 182
119 183
119 185
119 186
119 187
119 189
119 190
119 191
119 197
120 123
120 127
120 128
120 130
120 134
120 136
120 137
120 139
120 142
120 144
120 145
120 146
120 150
120 152
120 155
120 159
120 167
120 168
120 169
120 170
120 171
120 179
120 187
120 193
120 195
120 198
121 122
121 125
121 126
121 127
121 128
121 129
121 143
121 144
121 145
121 147
121 149
121 153
121 155
121 159
121 160
121 170
121 171
121 175
121 177
121 180
121 181
121 182
121 187
121 191
121 192
121 194
121 199
122 127
122 128
122 130
122 133
122 134
122 135
122 136
122 137
122 138
122 139
122 142
122 146
122 147
122 148
122 150
122 154
122 155
122 156
122 158
122 162
122 163
122 170
122 171
122 172
122 175
122 176
122 177
122 178
122 179
122 181
122 183
122 194
122 195
122 198
123 124
123 127
123 133
123 134
123 135
123 136
123 139
123 140
123 141
123 147
123 149
123 152
123 153
123 156
123 159
123 162
123 163
123 164
123 166
123 171
123 176
123 177
123 184
123 187
123 188
123 193
123 197
123 199
124 127
124 130
124 135
124 136
124 138
124 139
124 142
124 147
124 149
124 151
124 153
124 155
124 158
124 162
124 163
124 167
124 169
124 171
124 174
124 179
124 180
124 183
124 186
124 189
124 196
124 197
125 126
125 128
125 130
125 131
125 132
125 134
125 135
125 137
125 139
125 142
125 143
125 144
125 145
125 148
125 151
125 153
125 159
125 162
125 166
125 170
125 173
125 177
125 178
125 179
125 180
125 181
125 183
125 184
125 185
125 187
125 190
125 193
125 194
125 196
125 198
126 127
126 129
126 130
126 132
126 134
126 138
126 139
126 140
126 143
126 146
126 148
126 149
126 155
126 156
126 157
126 160
126 161
126 167
126 168
126 170
126 171
126 172
126 173
126 176
126 184
126 187
126 188
126 190
126 192
126 194
126 195
126 197
126 198
126 199
127 128
127 131
127 132
127 133
127 139
127 140
127 141
127 143
127 147
127 150
127 155
127 157
127 163
127 164
127 165
127 166
127 168
127 170
127 173
127 175
127 181
127 182
127 185
127 187
127 188
127 190
127 191
127 194
127 199
128 134
128 135
128 140
128 143
128 149
128 150
128 152
128 159
128 161
128 162
128 163
128 166
128 167
128 168
128 170
128 171
128 172
128 173
128 179
128 180
128 181
128 182
128 183
128 184
128 187
128 188
128 189
128 190
128 191
128 192
128 197
128 198
128 199
129 130
129 136
129 138
129 147
129 149
129 151
129 152
129 155
129 160
129 164
129 165
129 168
129 169
129 179
129 180
129 181
129 183
129 190
129 193
129 194
129 196
129 197
129 198
130 131
130 133
130 135
130 137
130 138
130 144
130 146
130 148
130 150
130 151
130 152
130 156
130 159
130 160
130 162
130 163
130 167
130 168
130 171
130 173
130 187
130 190
130 194
130 196
130 198
131 135
131 136
131 142
131 144
131 148
131 149
131 152
131 154
131 155
131 157
131 158
131 159
131 160
131 162
131 163
131 165
131 168
131 169
131 178
131 180
131 181
131 183
131 184
131 187
131 188
131 189
131 192
131 193
131 194
131 196
131 199
132 133
132 135
132 137
132 138
132 140
132 143
132 145
132 147
132 148
132 149
132 150
132 152
132 155
132 159
132 161
132 165
132 166
132 169
132 170
132 172
132 174
132 175
132 176
132 178
132 183
132 184
132 186
132 187
132 189
132 190
132 192
132 194
132 195
132 196
132 197
133 134
133 138
133 141
133 143
133 144
133 147
133 151
133 154
133 155
133 156
133 159
133 168
133 170
133 171
133 173
133 174
133 176
133 182
133 185
133 187
133 189
133 190
133 195
133 196
133 198
134 139
134 142
134 143
134 146
134 149
134 150
134 151
134 152
134 156
134 158
134 160
134 163
134 169
134 175
134 179
134 181
134 183
134 185
134 187
134 190
134 193
134 195
134 197
134 199
135 137
135 140
135 141
135 142
135 146
135 147
135 148
135 149
135 154
135 162
135 164
135 165
135 168
135 177
135 179
135 180
135 182
135 184
135 185
135 190
135 191
135 194
136 139
136 141
136 145
136 147
136 149
136 150
136 151
136 153
136 154
136 157
136 158
136 159
136 163
136 164
136 168
136 170
136 171
136 176
136 179
136 182
136 184
136 185
136 187
136 188
136 189
136 193
136 194
136 195
137 138
137 139
137 144
137 145
137 147
137 148
137 150
137 152
137 154
137 155
137 156
137 157
137 158
137 163
137 169
137 170
137 174
137 176
137 177
137 179
137 180
137 181
137 183
137 190
137 192
137 196
137 197
137 198
138 140
138 144
138 145
138 148
138 159
138 160
138 168
138 170
138 171
138 174
138 175
138 176
138 177
138 179
138 180
138 181
138 182
138 187
138 188
138 189
138 190
138 191
138 192
138 194
138 195
138 196
138 199
139 141
139 144
139 145
139 146
139 148
139 150
139 151
139 153
139 157
139 158
139 162
139 164
139 165
139 168
139 169
139 172
139 173
139 174
139 175
139 177
139 178
139 180
139 181
139 183
139 185
139 186
139 194
139 195
139 196
140 142
140 143
140 145
140 148
140 155
140 159
140 160
140 162
140 165
140 167
140 176
140 181
140 185
140 187
140 189
140 191
140 193
140 196
140 199
141 143
141 144
141 145
141 147
141 151
141 153
141 155
141 159
141 164
141 165
141 167
141 168
141 171
141 173
141 175
141 176
141 178
141 179
141 181
141 182
141 186
141 188
141 190
141 192
141 198
142 144
142 150
142 151
142 152
142 153
142 154
142 158
142 159
142 161
142 162
142 165
142 166
142 167
142 169
142 173
142 174
142 175
142 176
142 177
142 180
142 181
142 183
142 184
142 186
142 187
142 188
142 190
142 191
142 192
142 193
142 196
142 197
142 199
143 145
143 148
143 150
143 151
143 153
143 155
143 159
143 165
143 166
143 167
143 170
143 174
143 176
143 180
143 185
143 186
143 189
143 190
143 194
143 195
144 147
144 148
144 149
144 154
144 155
144 159
144 161
144 163
144 168
144 171
144 172
144 176
144 177
144 178
144 186
144 187
144 189
144 196
144 197
144 198
145 146
145 153
145 162
145 166
145 167
145 169
145 171
145 172
145 173
145 175
145 176
145 177
145 187
145 191
145 192
145 197
145 198
146 149
146 151
146 152
146 156
146 157
146 162
146 163
146 167
146 169
146 172
146 173
146 174
146 176
146 180
146 182
146 185
146 186
146 190
146 193
146 195
146 196
146 199
147 148
147 158
147 159
147 160
147 161
147 162
147 164
147 165
147 166
147 167
147 171
147 173
147 175
147 178
147 182
147 186
147 187
147 188
147 190
147 193
147 194
148 149
148 151
148 157
148 163
148 165
148 166
148 167
148 168
148 174
148 177
148 179
148 180
148 181
148 182
148 185
148 187
148 189
148 193
148 195
148 197
148 198
149 151
149 152
149 155
149 160
149 162
149 163
149 168
149 172
149 173
149 182
149 186
149 190
149 191
149 192
149 195
149 199
150 151
150 154
150 157
150 165
150 168
150 172
150 174
150 179
150 186
150 187
150 188
150 192
150 194
150 196
150 199
151 152
151 153
151 155
151 157
151 158
151 161
151 163
151 164
151 165
151 170
151 175
151 177
151 179
151 182
151 184
151 187
151 189
151 190
151 192
151 193
151 195
152 155
152 156
152 158
152 159
152 161
152 163
152 165
152 166
152 167
152 171
152 173
152 176
152 177
152 180
152 181
152 183
152 184
152 185
152 188
152 189
152 190
152 191
152 192
152 193
152 196
153 156
153 157
153 159
153 161
153 163
153 164
153 170
153 172
153 174
153 177
153 178
153 179
153 180
153 187
153 190
153 192
153 193
153 194
153 195
154 155
154 158
154 162
154 164
154 165
154 166
154 169
154 170
154 176
154 178
154 180
154 181
154 186
154 187
154 189
154 192
154 198
155 156
155 158
155 165
155 167
155 171
155 175
155 176
155 177
155 179
155 181
155 182
155 183
155 184
155 187
155 189
155 196
155 197
155 198
156 158
156 160
156 162
156 167
156 168
156 169
156 170
156 172
156 176
156 181
156 182
156 186
156 191
156 192
156 195
156 196
156 199
157 158
157 160
157 163
157 167
157 171
157 173
157 174
157 175
157 182
157 183
157 184
157 189
157 191
157 193
157 194
157 196
157 198
157 199
158 165
158 166
158 168
158 171
158 173
158 176
158 177
158 181
158 183
158 189
158 191
158 192
158 193
158 196
158 198
158 199
159 161
159 162
159 164
159 167
159 168
159 170
159 171
159 173
159 174
159 176
159 178
159 179
159 182
159 184
159 190
159 192
160 162
160 164
160 165
160 169
160 170
160 171
160 172
160 174
160 175
160 177
160 178
160 179
160 181
160 182
160 183
160 185
160 186
160 187
160 188
160 193
160 194
160 198
161 162
161 163
161 164
161 165
161 166
161 169
161 171
161 174
161 175
161 176
161 177
161 183
161 190
161 192
161 193
161 197
161 198
161 199
162 164
162 165
162 166
162 170
162 172
162 173
162 183
162 184
162 185
162 187
162 188
162 194
162 198
163 168
163 174
163 177
163 183
163 184
163 187
163 189
163 190
163 193
163 194
163 195
164 166
164 168
164 169
164 170
164 183
164 191
164 193
164 196
164 197
165 169
165 171
165 173
165 174
165 175
165 176
165 177
165 178
165 180
165 188
165 189
165 197
165 198
166 171
166 172
166 173
166 175
166 183
166 185
166 187
166 189
166 191
166 196
166 197
167 169
167 171
167 174
167 182
167 183
167 184
167 186
167 188
167 189
167 193
167 194
168 169
168 170
168 173
168 174
168 175
168 179
168 180
168 181
168 182
168 188
168 191
168 192
168 196
169 171
169 173
169 174
169 177
169 178
169 181
169 184
169 185
169 188
169 189
169 191
169 192
169 193
169 198
169 199
170 171
170 173
170 177
170 182
170 185
170 186
170 187
170 188
170 189
170 190
170 193
170 194
170 195
170 196
170 197
170 198
171 172
171 177
171 179
171 183
171 184
171 186
171 188
171 189
171 191
171 192
171 194
171 196
171 198
172 173
172 176
172 177
172 179
172 180
172 183
172 186
172 188
172 189
172 190
172 192
172 196
172 199
173 179
173 181
173 184
173 185
173 186
173 188
173 189
173 191
173 193
173 199
174 176
174 178
174 185
174 189
174 190
174 191
174 194
174 195
175 176
175 180
175 186
175 189
175 190
175 192
175 193
176 179
176 180
176 184
176 185
176 186
176 189
176 195
176 197
177 178
177 181
177 183
177 184
177 186
177 187
177 189
177 191
177 194
177 196
177 198
178 179
178 182
178 185
178 186
178 188
178 190
178 195
178 196
179 184
179 185
179 187
179 188
179 191
180 181
180 182
180 184
180 186
180 190
180 195
180 196
180 197
180 198
180 199
181 188
181 189
181 190
181 193
181 199
182 184
182 185
182 188
182 189
182 196
182 197
183 188
183 189
183 190
183 192
183 195
183 199
184 187
184 188
184 191
184 192
184 193
184 197
184 198
185 186
185 187
185 194
185 196
185 197
185 199
186 187
186 190
186 191
186 193
186 196
187 191
187 193
187 194
187 196
187 198
188 189
188 190
188 192
188 194
188 195
188 196
188 198
189 192
189 193
189 195
189 196
189 199
190 194
190 196
190 198
191 192
191 193
191 195
191 198
192 193
192 194
192 195
193 194
193 196
193 197
193 198
193 199
194 195
195 196
195 198
196 199
198 199
