200 5474
70 51
26 13
30 17
35 87
76 53
13 43
52 90
98 23
10 26
44 56
60 21
34 70
38 21
100 14
38 74
18 22
35 30
95 87
59 42
64 49
28 98
53 37
17 72
27 50
53 95
14 20
25 43
60 79
22 88
31 96
79 36
58 42
50 33
14 56
51 81
54 15
94 15
25 73
12 54
67 88
66 82
51 79
50 28
21 23
27 49
43 80
25 41
73 84
19 50
28 59
12 23
91 69
96 91
36 83
13 16
87 68
38 56
87 71
70 19
43 17
28 95
75 76
36 55
71 73
72 74
47 27
56 16
39 98
11 71
58 65
62 57
27 39
81 90
90 76
49 85
35 49
85 26
74 61
95 96
19 100
45 40
51 59
81 70
14 29
84 20
16 73
96 64
82 46
61 27
31 94
84 50
13 25
96 97
14 90
83 65
57 69
15 19
10 23
86 44
43 22
95 87
42 38
64 82
20 19
26 10
46 12
89 33
66 64
34 35
29 84
86 89
100 43
21 38
53 78
75 32
60 64
75 48
33 86
32 55
28 14
85 15
14 14
10 40
13 61
37 93
37 42
61 10
54 12
20 15
36 33
15 75
21 21
71 18
92 45
46 90
66 22
93 73
16 63
100 19
68 84
47 57
60 25
47 94
19 59
33 78
54 67
34 75
53 41
82 23
50 58
56 12
32 61
67 68
30 68
85 95
66 64
51 76
72 15
58 54
98 69
46 37
26 95
17 90
26 53
85 66
63 39
65 37
53 81
39 60
86 23
64 49
37 91
67 79
59 38
31 86
57 79
26 90
98 54
68 52
30 80
88 36
59 56
24 84
66 54
19 81
39 98
44 49
37 97
24 13
70 11
86 61
76 50
59 88
86 74
97 35
31 49
52 56
32 72
33 25
46 62
11903
0 2
0 3
0 4
0 6
0 7
0 8
0 9
0 10
0 12
0 15
0 21
0 22
0 24
0 25
0 30
0 32
0 36
0 38
0 39
0 40
0 41
0 43
0 44
0 45
0 46
0 49
0 52
0 53
0 54
0 56
0 59
0 61
0 64
0 66
0 67
0 69
0 70
0 71
0 72
0 74
0 75
0 76
0 77
0 78
0 84
0 86
0 87
0 88
0 90
0 91
0 92
0 94
0 95
0 96
0 101
0 102
0 103
0 110
0 111
0 113
0 114
0 116
0 117
0 118
0 122
0 125
0 126
0 127
0 129
0 131
0 132
0 133
0 134
0 137
0 138
0 140
0 142
0 143
0 145
0 146
0 147
0 148
0 150
0 152
0 154
0 155
0 158
0 161
0 162
0 164
0 167
0 168
0 169
0 170
0 172
0 173
0 174
0 175
0 176
0 178
0 180
0 181
0 182
0 185
0 187
0 188
0 189
0 191
0 192
0 193
0 194
0 196
0 197
0 199
1 2
1 4
1 5
1 12
1 13
1 15
1 16
1 18
1 21
1 22
1 24
1 26
1 27
1 28
1 29
1 30
1 31
1 32
1 33
1 35
1 38
1 40
1 42
1 44
1 48
1 50
1 52
1 54
1 55
1 58
1 59
1 60
1 65
1 67
1 68
1 70
1 71
1 72
1 73
1 74
1 75
1 77
1 78
1 79
1 80
1 81
1 82
1 83
1 84
1 87
1 90
1 91
1 93
1 94
1 96
1 97
1 99
1 101
1 103
1 104
1 105
1 106
1 108
1 109
1 110
1 111
1 112
1 113
1 115
1 116
1 125
1 127
1 129
1 131
1 133
1 135
1 136
1 137
1 139
1 141
1 142
1 143
1 145
1 146
1 147
1 149
1 152
1 154
1 155
1 156
1 157
1 158
1 159
1 160
1 161
1 163
1 164
1 166
1 168
1 169
1 172
1 173
1 174
1 176
1 177
1 178
1 179
1 182
1 185
1 188
1 189
1 192
1 193
1 197
2 6
2 7
2 9
2 11
2 15
2 16
2 17
2 18
2 19
2 20
2 21
2 22
2 23
2 26
2 29
2 32
2 35
2 36
2 37
2 38
2 42
2 43
2 44
2 48
2 50
2 51
2 52
2 53
2 55
2 57
2 58
2 61
2 63
2 64
2 65
2 66
2 67
2 71
2 72
2 74
2 75
2 78
2 79
2 80
2 82
2 83
2 84
2 85
2 88
2 89
2 90
2 91
2 92
2 93
2 95
2 96
2 97
2 98
2 101
2 102
2 103
2 104
2 105
2 106
2 107
2 110
2 111
2 112
2 113
2 117
2 118
2 119
2 124
2 125
2 126
2 128
2 129
2 133
2 134
2 135
2 136
2 137
2 138
2 139
2 140
2 141
2 142
2 143
2 144
2 145
2 146
2 147
2 148
2 149
2 151
2 153
2 156
2 158
2 159
2 160
2 162
2 163
2 164
2 167
2 168
2 170
2 171
2 172
2 173
2 175
2 176
2 183
2 187
2 191
2 192
2 193
2 194
2 198
3 4
3 5
3 6
3 7
3 10
3 14
3 17
3 18
3 20
3 21
3 24
3 25
3 27
3 29
3 30
3 31
3 32
3 33
3 34
3 35
3 36
3 37
3 38
3 39
3 42
3 43
3 47
3 49
3 51
3 53
3 56
3 58
3 59
3 60
3 62
3 63
3 65
3 66
3 70
3 72
3 76
3 78
3 80
3 81
3 82
3 87
3 88
3 90
3 91
3 92
3 97
3 98
3 101
3 102
3 103
3 105
3 106
3 107
3 108
3 111
3 112
3 114
3 115
3 116
3 119
3 121
3 122
3 125
3 126
3 129
3 131
3 132
3 133
3 138
3 140
3 141
3 142
3 143
3 145
3 146
3 147
3 148
3 150
3 151
3 152
3 154
3 156
3 157
3 158
3 159
3 160
3 161
3 162
3 163
3 167
3 168
3 169
3 170
3 173
3 175
3 176
3 177
3 178
3 179
3 180
3 181
3 182
3 186
3 187
3 192
3 195
3 196
3 198
3 199
4 5
4 7
4 11
4 12
4 14
4 15
4 17
4 18
4 19
4 20
4 26
4 27
4 30
4 33
4 35
4 36
4 38
4 39
4 40
4 41
4 42
4 44
4 45
4 46
4 48
4 50
4 51
4 52
4 53
4 54
4 57
4 59
4 63
4 64
4 66
4 67
4 68
4 70
4 72
4 73
4 74
4 75
4 77
4 78
4 80
4 81
4 82
4 83
4 85
4 86
4 88
4 89
4 90
4 98
4 100
4 108
4 111
4 114
4 117
4 118
4 119
4 122
4 123
4 125
4 126
4 129
4 130
4 131
4 133
4 135
4 136
4 137
4 138
4 141
4 143
4 144
4 148
4 149
4 150
4 151
4 153
4 154
4 156
4 158
4 159
4 161
4 162
4 163
4 164
4 165
4 167
4 168
4 169
4 170
4 173
4 175
4 177
4 180
4 182
4 183
4 185
4 186
4 188
4 190
4 191
4 192
4 193
4 194
4 196
4 197
4 199
5 6
5 10
5 13
5 14
5 15
5 17
5 18
5 20
5 22
5 24
5 25
5 26
5 27
5 29
5 32
5 34
5 35
5 37
5 42
5 44
5 46
5 47
5 48
5 49
5 53
5 56
5 57
5 58
5 60
5 61
5 62
5 63
5 64
5 67
5 68
5 69
5 71
5 72
5 73
5 74
5 76
5 77
5 79
5 82
5 83
5 85
5 87
5 89
5 90
5 93
5 95
5 96
5 99
5 100
5 101
5 102
5 104
5 105
5 106
5 108
5 109
5 113
5 114
5 117
5 118
5 120
5 122
5 124
5 126
5 127
5 128
5 131
5 132
5 136
5 137
5 138
5 139
5 140
5 142
5 143
5 144
5 145
5 149
5 151
5 154
5 157
5 159
5 160
5 161
5 163
5 164
5 165
5 167
5 168
5 170
5 171
5 173
5 175
5 177
5 179
5 180
5 181
5 182
5 183
5 184
5 185
5 197
6 8
6 10
6 11
6 12
6 13
6 15
6 16
6 17
6 18
6 20
6 21
6 22
6 24
6 25
6 27
6 30
6 33
6 34
6 35
6 37
6 38
6 39
6 40
6 41
6 45
6 46
6 47
6 50
6 51
6 52
6 53
6 58
6 60
6 63
6 65
6 68
6 69
6 73
6 76
6 78
6 79
6 81
6 85
6 86
6 87
6 88
6 91
6 96
6 97
6 99
6 101
6 106
6 107
6 108
6 109
6 111
6 113
6 114
6 116
6 117
6 118
6 121
6 122
6 123
6 124
6 126
6 127
6 128
6 130
6 131
6 132
6 135
6 136
6 139
6 140
6 141
6 145
6 147
6 148
6 150
6 151
6 152
6 153
6 154
6 156
6 158
6 159
6 160
6 162
6 163
6 165
6 166
6 167
6 169
6 172
6 173
6 175
6 176
6 177
6 178
6 179
6 180
6 182
6 183
6 185
6 186
6 188
6 189
6 190
6 191
6 194
6 195
6 197
6 198
7 10
7 11
7 12
7 15
7 20
7 21
7 22
7 23
7 25
7 29
7 30
7 31
7 32
7 35
7 39
7 41
7 43
7 44
7 47
7 48
7 49
7 50
7 51
7 53
7 54
7 59
7 61
7 62
7 64
7 66
7 69
7 70
7 71
7 74
7 76
7 77
7 80
7 87
7 88
7 89
7 90
7 92
7 94
7 96
7 99
7 100
7 101
7 103
7 104
7 105
7 107
7 109
7 111
7 113
7 114
7 115
7 117
7 118
7 119
7 121
7 124
7 125
7 126
7 127
7 128
7 130
7 131
7 132
7 134
7 135
7 137
7 138
7 139
7 140
7 142
7 143
7 144
7 145
7 147
7 151
7 152
7 153
7 157
7 159
7 160
7 163
7 164
7 165
7 166
7 167
7 169
7 170
7 173
7 174
7 175
7 178
7 179
7 180
7 183
7 184
7 186
7 187
7 188
7 189
7 191
7 193
7 194
7 195
7 196
7 197
7 198
8 9
8 11
8 12
8 14
8 15
8 16
8 17
8 18
8 19
8 20
8 21
8 22
8 24
8 25
8 26
8 27
8 28
8 30
8 31
8 34
8 37
8 38
8 39
8 42
8 43
8 44
8 45
8 46
8 47
8 49
8 51
8 52
8 53
8 55
8 56
8 57
8 59
8 61
8 63
8 65
8 66
8 67
8 70
8 71
8 72
8 75
8 78
8 79
8 80
8 83
8 85
8 86
8 87
8 88
8 89
8 92
8 93
8 94
8 95
8 97
8 98
8 99
8 104
8 105
8 106
8 110
8 111
8 114
8 116
8 117
8 118
8 120
8 121
8 122
8 123
8 125
8 127
8 129
8 130
8 133
8 134
8 136
8 137
8 138
8 141
8 142
8 144
8 148
8 150
8 151
8 152
8 153
8 155
8 158
8 159
8 160
8 161
8 162
8 163
8 164
8 166
8 167
8 169
8 170
8 171
8 172
8 173
8 175
8 177
8 179
8 180
8 182
8 185
8 190
8 193
8 196
8 197
8 198
9 11
9 13
9 14
9 15
9 17
9 19
9 21
9 22
9 25
9 27
9 29
9 30
9 31
9 32
9 33
9 34
9 35
9 36
9 38
9 39
9 41
9 42
9 43
9 44
9 45
9 46
9 47
9 48
9 49
9 51
9 52
9 53
9 57
9 61
9 64
9 68
9 69
9 70
9 72
9 76
9 78
9 79
9 81
9 82
9 85
9 86
9 89
9 92
9 93
9 96
9 99
9 100
9 101
9 102
9 103
9 105
9 106
9 108
9 110
9 111
9 112
9 114
9 115
9 116
9 117
9 118
9 119
9 120
9 121
9 122
9 123
9 124
9 126
9 127
9 130
9 133
9 134
9 139
9 140
9 143
9 145
9 147
9 148
9 149
9 151
9 155
9 156
9 157
9 159
9 160
9 161
9 162
9 163
9 164
9 165
9 166
9 168
9 173
9 174
9 175
9 177
9 178
9 182
9 183
9 184
9 185
9 189
9 195
9 198
9 199
10 13
10 15
10 17
10 18
10 20
10 21
10 25
10 29
10 30
10 32
10 33
10 34
10 36
10 37
10 39
10 40
10 43
10 44
10 45
10 46
10 47
10 51
10 52
10 53
10 58
10 61
10 63
10 64
10 66
10 68
10 69
10 70
10 71
10 72
10 73
10 75
10 80
10 81
10 82
10 83
10 85
10 86
10 88
10 89
10 90
10 91
10 92
10 93
10 94
10 97
10 104
10 105
10 106
10 107
10 108
10 109
10 111
10 113
10 115
10 119
10 120
10 123
10 124
10 127
10 131
10 133
10 135
10 136
10 137
10 140
10 141
10 142
10 143
10 145
10 147
10 152
10 156
10 157
10 159
10 163
10 164
10 167
10 168
10 170
10 171
10 172
10 173
10 175
10 176
10 177
10 179
10 180
10 181
10 182
10 183
10 185
10 188
10 189
10 191
10 192
10 194
10 195
10 196
10 197
10 198
10 199
11 13
11 14
11 15
11 16
11 18
11 19
11 21
11 22
11 23
11 24
11 25
11 30
11 31
11 32
11 33
11 35
11 37
11 39
11 40
11 41
11 42
11 43
11 44
11 45
11 46
11 47
11 49
11 52
11 53
11 55
11 56
11 57
11 59
11 60
11 61
11 63
11 66
11 67
11 69
11 71
11 73
11 74
11 75
11 76
11 77
11 78
11 79
11 82
11 83
11 84
11 85
11 88
11 89
11 90
11 93
11 94
11 96
11 97
11 98
11 99
11 100
11 103
11 104
11 106
11 107
11 109
11 110
11 111
11 116
11 117
11 118
11 119
11 120
11 122
11 123
11 125
11 126
11 127
11 128
11 129
11 130
11 131
11 132
11 133
11 134
11 139
11 141
11 142
11 143
11 144
11 146
11 147
11 149
11 150
11 151
11 152
11 156
11 158
11 159
11 160
11 161
11 167
11 168
11 169
11 170
11 172
11 175
11 178
11 179
11 180
11 181
11 182
11 184
11 185
11 186
11 188
11 189
11 190
11 191
11 192
11 195
11 197
11 198
11 199
12 14
12 15
12 17
12 19
12 21
12 22
12 23
12 24
12 25
12 26
12 27
12 28
12 30
12 31
12 32
12 33
12 35
12 38
12 39
12 41
12 42
12 44
12 45
12 46
12 49
12 51
12 54
12 55
12 57
12 60
12 61
12 63
12 65
12 66
12 67
12 70
12 73
12 74
12 75
12 77
12 78
12 80
12 82
12 83
12 84
12 86
12 88
12 91
12 92
12 95
12 96
12 97
12 99
12 100
12 103
12 105
12 106
12 107
12 111
12 113
12 114
12 116
12 120
12 121
12 122
12 124
12 125
12 127
12 129
12 130
12 132
12 134
12 135
12 137
12 140
12 143
12 145
12 148
12 150
12 151
12 152
12 153
12 154
12 156
12 158
12 162
12 164
12 165
12 166
12 167
12 172
12 173
12 175
12 176
12 177
12 179
12 180
12 182
12 185
12 187
12 189
12 190
12 192
12 193
12 194
12 196
12 198
12 199
13 14
13 17
13 18
13 20
13 21
13 22
13 23
13 24
13 25
13 28
13 29
13 30
13 31
13 32
13 33
13 35
13 37
13 39
13 40
13 41
13 42
13 43
13 46
13 47
13 52
13 53
13 54
13 55
13 56
13 62
13 64
13 65
13 66
13 67
13 69
13 70
13 71
13 72
13 73
13 74
13 75
13 76
13 77
13 78
13 81
13 83
13 85
13 86
13 88
13 90
13 92
13 93
13 94
13 98
13 99
13 100
13 101
13 103
13 105
13 106
13 107
13 109
13 111
13 112
13 113
13 116
13 118
13 119
13 122
13 125
13 126
13 127
13 128
13 129
13 132
13 134
13 135
13 136
13 138
13 143
13 146
13 147
13 148
13 149
13 150
13 151
13 156
13 157
13 158
13 160
13 161
13 164
13 165
13 168
13 170
13 171
13 172
13 173
13 176
13 177
13 178
13 179
13 181
13 184
13 185
13 186
13 187
13 188
13 189
13 190
13 191
13 192
13 193
13 194
13 196
13 197
13 198
14 15
14 16
14 19
14 20
14 21
14 22
14 23
14 24
14 26
14 27
14 28
14 32
14 33
14 37
14 38
14 40
14 42
14 46
14 48
14 49
14 50
14 52
14 53
14 56
14 58
14 62
14 63
14 67
14 68
14 69
14 70
14 72
14 73
14 76
14 78
14 79
14 81
14 82
14 83
14 85
14 86
14 87
14 88
14 89
14 90
14 91
14 92
14 94
14 95
14 97
14 98
14 101
14 105
14 106
14 108
14 111
14 113
14 114
14 116
14 118
14 119
14 121
14 122
14 123
14 124
14 125
14 128
14 130
14 131
14 132
14 133
14 136
14 140
14 143
14 146
14 148
14 151
14 152
14 153
14 154
14 155
14 156
14 162
14 167
14 168
14 169
14 172
14 174
14 175
14 177
14 178
14 179
14 182
14 183
14 185
14 186
14 188
14 189
14 190
14 193
14 195
14 196
14 197
14 198
15 18
15 21
15 22
15 23
15 24
15 26
15 29
15 30
15 31
15 32
15 33
15 35
15 37
15 38
15 39
15 43
15 44
15 45
15 46
15 47
15 48
15 49
15 55
15 56
15 57
15 58
15 59
15 61
15 64
15 65
15 66
15 67
15 68
15 69
15 71
15 73
15 74
15 75
15 78
15 79
15 80
15 82
15 83
15 84
15 85
15 87
15 88
15 89
15 90
15 92
15 97
15 98
15 100
15 101
15 104
15 106
15 108
15 110
15 112
15 115
15 116
15 117
15 118
15 119
15 121
15 123
15 127
15 128
15 130
15 131
15 132
15 133
15 134
15 139
15 140
15 143
15 144
15 145
15 148
15 149
15 151
15 152
15 155
15 156
15 157
15 158
15 159
15 160
15 164
15 165
15 166
15 167
15 168
15 169
15 170
15 171
15 173
15 174
15 175
15 176
15 177
15 179
15 180
15 181
15 182
15 183
15 184
15 185
15 189
15 190
15 191
15 192
15 197
15 198
15 199
16 17
16 18
16 19
16 21
16 24
16 25
16 30
16 31
16 32
16 34
16 35
16 36
16 40
16 41
16 42
16 43
16 44
16 45
16 47
16 48
16 49
16 50
16 51
16 55
16 64
16 65
16 66
16 67
16 72
16 73
16 75
16 78
16 79
16 81
16 82
16 85
16 87
16 88
16 93
16 94
16 95
16 96
16 99
16 102
16 103
16 105
16 106
16 108
16 110
16 114
16 115
16 117
16 118
16 119
16 121
16 122
16 123
16 124
16 125
16 126
16 128
16 129
16 130
16 131
16 135
16 136
16 138
16 140
16 141
16 142
16 143
16 144
16 145
16 146
16 147
16 149
16 150
16 151
16 154
16 156
16 158
16 159
16 160
16 162
16 163
16 164
16 165
16 167
16 168
16 169
16 170
16 172
16 173
16 180
16 181
16 182
16 184
16 185
16 186
16 187
16 189
16 190
16 191
16 193
16 196
16 199
17 18
17 19
17 20
17 22
17 25
17 26
17 27
17 28
17 30
17 32
17 33
17 34
17 36
17 38
17 40
17 42
17 43
17 44
17 45
17 46
17 47
17 48
17 51
17 54
17 55
17 58
17 60
17 62
17 63
17 64
17 66
17 68
17 72
17 73
17 74
17 76
17 81
17 82
17 85
17 86
17 88
17 90
17 92
17 93
17 94
17 98
17 100
17 102
17 103
17 104
17 107
17 108
17 110
17 111
17 113
17 117
17 119
17 122
17 126
17 127
17 129
17 130
17 134
17 135
17 136
17 138
17 139
17 141
17 144
17 146
17 147
17 148
17 150
17 152
17 153
17 154
17 155
17 156
17 157
17 161
17 162
17 163
17 164
17 165
17 166
17 169
17 170
17 173
17 174
17 175
17 176
17 179
17 180
17 181
17 182
17 184
17 187
17 188
17 189
17 190
17 192
17 193
17 194
17 196
17 197
17 198
17 199
18 20
18 21
18 22
18 26
18 27
18 30
18 31
18 32
18 35
18 37
18 38
18 40
18 41
18 42
18 43
18 44
18 45
18 47
18 49
18 53
18 54
18 56
18 57
18 61
18 63
18 66
18 67
18 68
18 70
18 71
18 72
18 74
18 75
18 76
18 77
18 78
18 82
18 83
18 87
18 88
18 89
18 93
18 94
18 97
18 100
18 101
18 103
18 106
18 107
18 109
18 111
18 115
18 116
18 119
18 122
18 123
18 124
18 125
18 126
18 129
18 130
18 132
18 136
18 137
18 138
18 143
18 144
18 145
18 148
18 153
18 154
18 156
18 159
18 160
18 161
18 162
18 163
18 165
18 166
18 168
18 172
18 175
18 177
18 178
18 179
18 180
18 181
18 182
18 185
18 186
18 187
18 191
18 195
18 199
19 21
19 22
19 23
19 24
19 25
19 26
19 28
19 29
19 30
19 32
19 33
19 35
19 37
19 41
19 45
19 47
19 48
19 49
19 50
19 52
19 54
19 58
19 60
19 64
19 66
19 69
19 70
19 71
19 72
19 75
19 78
19 79
19 83
19 84
19 85
19 86
19 89
19 90
19 91
19 92
19 93
19 94
19 96
19 97
19 98
19 99
19 100
19 103
19 106
19 108
19 110
19 111
19 112
19 113
19 114
19 115
19 117
19 120
19 122
19 123
19 124
19 125
19 129
19 130
19 131
19 132
19 134
19 135
19 137
19 138
19 139
19 140
19 141
19 142
19 144
19 146
19 147
19 148
19 151
19 154
19 155
19 158
19 159
19 162
19 163
19 164
19 166
19 167
19 173
19 175
19 176
19 179
19 181
19 187
19 191
19 192
19 195
19 196
19 198
19 199
20 23
20 24
20 26
20 28
20 31
20 33
20 34
20 36
20 37
20 39
20 40
20 42
20 44
20 45
20 47
20 48
20 49
20 50
20 51
20 52
20 53
20 56
20 57
20 58
20 59
20 62
20 63
20 67
20 68
20 69
20 70
20 72
20 74
20 75
20 76
20 77
20 78
20 79
20 80
20 82
20 84
20 86
20 87
20 88
20 89
20 90
20 91
20 93
20 96
20 100
20 102
20 103
20 104
20 105
20 108
20 110
20 112
20 114
20 115
20 116
20 117
20 119
20 120
20 122
20 123
20 124
20 125
20 127
20 128
20 131
20 132
20 133
20 134
20 136
20 137
20 142
20 143
20 144
20 145
20 147
20 148
20 149
20 150
20 151
20 152
20 153
20 155
20 156
20 157
20 158
20 162
20 163
20 167
20 170
20 171
20 172
20 174
20 178
20 179
20 180
20 181
20 182
20 183
20 184
20 185
20 187
20 189
20 190
20 191
20 194
20 199
21 23
21 27
21 28
21 30
21 32
21 34
21 36
21 38
21 43
21 46
21 47
21 48
21 49
21 53
21 54
21 57
21 58
21 59
21 60
21 61
21 65
21 68
21 69
21 70
21 71
21 72
21 73
21 74
21 76
21 77
21 79
21 80
21 81
21 82
21 83
21 85
21 86
21 88
21 93
21 94
21 95
21 96
21 99
21 101
21 102
21 106
21 107
21 108
21 110
21 111
21 112
21 114
21 115
21 118
21 120
21 121
21 123
21 126
21 127
21 128
21 130
21 131
21 133
21 134
21 135
21 137
21 138
21 139
21 140
21 141
21 145
21 146
21 147
21 148
21 150
21 153
21 154
21 156
21 157
21 158
21 159
21 160
21 163
21 164
21 165
21 167
21 169
21 170
21 171
21 178
21 179
21 182
21 183
21 184
21 186
21 190
21 191
21 194
21 196
21 198
21 199
22 24
22 26
22 27
22 28
22 30
22 32
22 33
22 34
22 37
22 39
22 43
22 44
22 46
22 47
22 48
22 49
22 50
22 53
22 54
22 55
22 58
22 61
22 62
22 63
22 64
22 65
22 66
22 71
22 72
22 74
22 75
22 76
22 79
22 80
22 82
22 83
22 84
22 86
22 87
22 88
22 89
22 90
22 92
22 94
22 95
22 96
22 97
22 98
22 99
22 100
22 101
22 102
22 103
22 104
22 105
22 109
22 111
22 112
22 114
22 116
22 117
22 118
22 119
22 120
22 121
22 123
22 124
22 127
22 129
22 130
22 132
22 135
22 136
22 137
22 139
22 141
22 143
22 145
22 147
22 148
22 149
22 150
22 152
22 158
22 159
22 161
22 164
22 166
22 167
22 168
22 171
22 173
22 175
22 177
22 179
22 181
22 182
22 184
22 187
22 190
22 192
22 193
22 194
22 195
22 196
23 25
23 27
23 31
23 33
23 35
23 36
23 37
23 38
23 39
23 40
23 41
23 42
23 43
23 45
23 46
23 53
23 54
23 59
23 62
23 64
23 65
23 66
23 68
23 70
23 71
23 72
23 76
23 79
23 80
23 81
23 82
23 83
23 84
23 85
23 87
23 89
23 91
23 92
23 96
23 97
23 99
23 100
23 102
23 104
23 105
23 106
23 108
23 109
23 111
23 112
23 114
23 115
23 117
23 119
23 120
23 121
23 122
23 123
23 124
23 125
23 127
23 129
23 132
23 133
23 136
23 137
23 138
23 140
23 141
23 143
23 144
23 145
23 146
23 147
23 148
23 150
23 151
23 152
23 153
23 154
23 157
23 159
23 160
23 161
23 162
23 166
23 167
23 168
23 170
23 171
23 172
23 173
23 174
23 175
23 177
23 179
23 180
23 181
23 182
23 185
23 186
23 189
23 190
23 191
23 193
23 194
23 197
23 198
24 25
24 26
24 29
24 30
24 32
24 34
24 35
24 36
24 38
24 40
24 44
24 45
24 47
24 49
24 50
24 51
24 52
24 54
24 55
24 56
24 57
24 58
24 59
24 60
24 62
24 64
24 66
24 68
24 70
24 73
24 75
24 76
24 77
24 78
24 79
24 81
24 82
24 83
24 85
24 86
24 88
24 89
24 92
24 93
24 94
24 97
24 99
24 101
24 102
24 103
24 104
24 105
24 106
24 109
24 110
24 111
24 112
24 114
24 115
24 116
24 117
24 118
24 120
24 122
24 124
24 126
24 127
24 128
24 130
24 131
24 135
24 137
24 139
24 141
24 144
24 147
24 148
24 149
24 151
24 152
24 155
24 156
24 157
24 162
24 163
24 165
24 166
24 167
24 169
24 170
24 171
24 172
24 173
24 175
24 177
24 182
24 183
24 185
24 187
24 188
24 191
24 192
24 193
24 195
24 196
24 198
24 199
25 26
25 27
25 28
25 29
25 32
25 33
25 34
25 36
25 38
25 39
25 43
25 44
25 45
25 47
25 48
25 52
25 54
25 55
25 57
25 58
25 61
25 68
25 69
25 71
25 72
25 73
25 74
25 75
25 78
25 81
25 82
25 83
25 86
25 87
25 88
25 90
25 92
25 93
25 96
25 98
25 100
25 101
25 104
25 110
25 111
25 112
25 114
25 115
25 116
25 117
25 118
25 119
25 120
25 121
25 123
25 124
25 125
25 127
25 129
25 130
25 131
25 132
25 133
25 135
25 137
25 138
25 139
25 140
25 142
25 143
25 144
25 146
25 153
25 155
25 157
25 158
25 159
25 160
25 161
25 164
25 165
25 167
25 168
25 169
25 170
25 171
25 172
25 173
25 174
25 176
25 177
25 178
25 180
25 182
25 183
25 184
25 188
25 189
25 193
25 195
25 196
25 197
25 199
26 27
26 28
26 29
26 30
26 31
26 32
26 36
26 39
26 41
26 43
26 44
26 45
26 46
26 48
26 49
26 52
26 55
26 57
26 58
26 59
26 61
26 62
26 63
26 66
26 68
26 69
26 70
26 74
26 75
26 76
26 78
26 85
26 86
26 87
26 90
26 91
26 92
26 94
26 95
26 96
26 97
26 98
26 99
26 100
26 102
26 104
26 105
26 106
26 107
26 108
26 109
26 110
26 111
26 114
26 115
26 116
26 117
26 118
26 121
26 124
26 125
26 127
26 129
26 132
26 133
26 135
26 136
26 137
26 138
26 139
26 145
26 149
26 150
26 153
26 160
26 161
26 163
26 164
26 165
26 166
26 167
26 168
26 169
26 170
26 172
26 173
26 174
26 175
26 177
26 178
26 179
26 181
26 185
26 186
26 188
26 189
26 191
26 194
26 196
26 198
26 199
27 28
27 29
27 31
27 32
27 34
27 35
27 36
27 37
27 38
27 39
27 40
27 41
27 42
27 43
27 44
27 45
27 48
27 50
27 51
27 52
27 57
27 61
27 62
27 64
27 65
27 66
27 67
27 68
27 69
27 72
27 73
27 75
27 76
27 78
27 80
27 82
27 83
27 87
27 88
27 90
27 91
27 92
27 94
27 95
27 96
27 97
27 99
27 102
27 103
27 106
27 107
27 109
27 110
27 112
27 114
27 115
27 116
27 117
27 118
27 119
27 120
27 121
27 122
27 123
27 126
27 129
27 133
27 134
27 136
27 137
27 139
27 142
27 143
27 144
27 145
27 146
27 147
27 148
27 150
27 151
27 156
27 158
27 161
27 165
27 166
27 169
27 170
27 171
27 172
27 173
27 175
27 178
27 180
27 181
27 183
27 185
27 186
27 187
27 188
27 189
27 191
27 192
27 193
27 194
27 196
27 197
28 29
28 33
28 36
28 37
28 38
28 39
28 41
28 42
28 45
28 46
28 47
28 48
28 50
28 52
28 55
28 56
28 58
28 60
28 61
28 63
28 64
28 65
28 66
28 67
28 69
28 70
28 71
28 75
28 79
28 81
28 82
28 83
28 84
28 86
28 88
28 90
28 92
28 94
28 96
28 97
28 98
28 99
28 102
28 105
28 106
28 107
28 108
28 109
28 110
28 111
28 113
28 114
28 116
28 118
28 119
28 120
28 121
28 122
28 123
28 125
28 127
28 129
28 130
28 131
28 132
28 135
28 136
28 141
28 143
28 145
28 146
28 147
28 148
28 151
28 153
28 154
28 156
28 158
28 159
28 162
28 165
28 167
28 168
28 169
28 173
28 175
28 176
28 179
28 180
28 181
28 182
28 183
28 184
28 185
28 190
28 192
28 193
28 195
28 196
29 31
29 33
29 34
29 35
29 36
29 37
29 39
29 42
29 43
29 45
29 47
29 49
29 53
29 54
29 56
29 57
29 58
29 59
29 60
29 61
29 63
29 66
29 67
29 68
29 72
29 75
29 76
29 80
29 81
29 82
29 85
29 87
29 88
29 89
29 91
29 92
29 96
29 97
29 99
29 100
29 103
29 105
29 109
29 112
29 113
29 114
29 116
29 117
29 118
29 119
29 121
29 122
29 124
29 125
29 127
29 129
29 131
29 132
29 133
29 136
29 138
29 139
29 142
29 148
29 150
29 152
29 155
29 157
29 158
29 162
29 163
29 166
29 168
29 171
29 172
29 174
29 175
29 176
29 177
29 178
29 179
29 182
29 183
29 184
29 187
29 189
29 191
29 192
29 193
29 194
29 196
29 198
29 199
30 31
30 34
30 36
30 38
30 41
30 42
30 43
30 44
30 45
30 46
30 52
30 55
30 58
30 59
30 63
30 66
30 69
30 70
30 75
30 76
30 77
30 79
30 80
30 81
30 85
30 86
30 88
30 91
30 95
30 96
30 100
30 101
30 102
30 109
30 111
30 113
30 116
30 118
30 120
30 122
30 123
30 125
30 127
30 128
30 131
30 132
30 133
30 134
30 135
30 136
30 138
30 140
30 141
30 143
30 144
30 145
30 146
30 147
30 148
30 150
30 151
30 152
30 154
30 156
30 158
30 160
30 161
30 162
30 163
30 164
30 166
30 167
30 170
30 172
30 174
30 177
30 179
30 180
30 182
30 183
30 186
30 187
30 188
30 190
30 192
30 193
30 195
30 196
30 197
30 198
30 199
31 32
31 33
31 34
31 35
31 37
31 39
31 40
31 42
31 43
31 44
31 45
31 48
31 50
31 51
31 53
31 54
31 55
31 56
31 57
31 61
31 64
31 66
31 67
31 68
31 69
31 71
31 72
31 75
31 76
31 77
31 78
31 80
31 81
31 82
31 83
31 84
31 85
31 87
31 88
31 90
31 92
31 93
31 94
31 95
31 96
31 97
31 100
31 102
31 104
31 105
31 106
31 109
31 110
31 113
31 114
31 118
31 119
31 120
31 121
31 123
31 126
31 128
31 129
31 130
31 131
31 133
31 137
31 138
31 141
31 142
31 143
31 145
31 147
31 148
31 150
31 151
31 152
31 154
31 155
31 156
31 157
31 158
31 161
31 162
31 164
31 165
31 166
31 167
31 168
31 169
31 174
31 176
31 177
31 178
31 184
31 185
31 186
31 187
31 189
31 190
31 191
31 192
31 194
31 197
31 199
32 34
32 35
32 38
32 39
32 40
32 43
32 46
32 47
32 48
32 49
32 51
32 53
32 54
32 55
32 58
32 59
32 60
32 62
32 63
32 64
32 65
32 66
32 67
32 68
32 70
32 73
32 75
32 78
32 79
32 82
32 85
32 87
32 89
32 90
32 91
32 93
32 94
32 96
32 97
32 99
32 100
32 101
32 102
32 103
32 106
32 107
32 109
32 110
32 111
32 113
32 114
32 119
32 122
32 123
32 124
32 125
32 126
32 127
32 131
32 132
32 133
32 136
32 141
32 143
32 144
32 145
32 146
32 148
32 149
32 151
32 152
32 153
32 154
32 156
32 158
32 160
32 161
32 166
32 167
32 168
32 172
32 173
32 174
32 175
32 176
32 177
32 178
32 180
32 184
32 187
32 188
32 189
32 190
32 191
32 192
32 193
32 194
32 198
32 199
33 34
33 35
33 36
33 39
33 41
33 45
33 46
33 47
33 50
33 51
33 54
33 55
33 56
33 57
33 59
33 60
33 62
33 63
33 67
33 68
33 69
33 70
33 71
33 72
33 73
33 74
33 75
33 76
33 77
33 78
33 83
33 87
33 89
33 92
33 93
33 96
33 101
33 103
33 105
33 109
33 110
33 112
33 113
33 114
33 115
33 116
33 117
33 119
33 120
33 121
33 122
33 124
33 125
33 127
33 131
33 133
33 134
33 135
33 141
33 142
33 145
33 146
33 147
33 149
33 150
33 152
33 153
33 154
33 158
33 159
33 160
33 161
33 162
33 166
33 167
33 168
33 171
33 172
33 173
33 174
33 175
33 176
33 179
33 180
33 185
33 187
33 188
33 192
33 194
33 195
33 196
33 198
33 199
34 35
34 37
34 41
34 42
34 45
34 47
34 50
34 51
34 52
34 58
34 59
34 60
34 64
34 66
34 68
34 70
34 71
34 72
34 73
34 74
34 75
34 77
34 79
34 80
34 81
34 82
34 83
34 85
34 90
34 92
34 94
34 95
34 96
34 97
34 98
34 99
34 101
34 102
34 103
34 108
34 109
34 110
34 115
34 116
34 118
34 120
34 121
34 122
34 123
34 124
34 127
34 128
34 130
34 131
34 133
34 136
34 138
34 139
34 140
34 141
34 142
34 145
34 147
34 149
34 150
34 151
34 153
34 154
34 157
34 159
34 160
34 161
34 162
34 163
34 164
34 166
34 172
34 173
34 175
34 176
34 177
34 178
34 179
34 180
34 181
34 182
34 183
34 184
34 185
34 187
34 189
34 190
34 191
34 193
34 197
35 37
35 38
35 40
35 41
35 42
35 44
35 45
35 46
35 49
35 50
35 51
35 52
35 53
35 54
35 55
35 56
35 57
35 59
35 60
35 62
35 64
35 65
35 66
35 73
35 75
35 76
35 77
35 78
35 79
35 81
35 82
35 83
35 85
35 87
35 88
35 89
35 92
35 93
35 94
35 95
35 96
35 99
35 100
35 101
35 102
35 104
35 105
35 107
35 111
35 112
35 113
35 114
35 115
35 117
35 118
35 119
35 121
35 125
35 126
35 130
35 131
35 134
35 135
35 136
35 137
35 138
35 139
35 141
35 143
35 144
35 146
35 148
35 152
35 154
35 157
35 162
35 163
35 164
35 165
35 167
35 168
35 169
35 170
35 171
35 174
35 175
35 176
35 178
35 181
35 183
35 184
35 185
35 186
35 189
35 192
35 193
35 194
35 195
35 197
35 198
35 199
36 39
36 40
36 42
36 44
36 45
36 48
36 50
36 52
36 53
36 54
36 55
36 56
36 57
36 58
36 59
36 60
36 61
36 62
36 63
36 65
36 66
36 68
36 69
36 70
36 71
36 73
36 74
36 76
36 77
36 78
36 80
36 82
36 83
36 86
36 87
36 89
36 90
36 91
36 92
36 94
36 97
36 98
36 100
36 101
36 102
36 103
36 105
36 106
36 108
36 110
36 112
36 113
36 115
36 116
36 117
36 120
36 121
36 122
36 123
36 124
36 125
36 126
36 130
36 132
36 134
36 135
36 138
36 140
36 146
36 148
36 149
36 155
36 156
36 158
36 159
36 160
36 161
36 162
36 163
36 165
36 166
36 169
36 171
36 172
36 173
36 174
36 175
36 177
36 178
36 179
36 182
36 183
36 185
36 186
36 188
36 190
36 192
36 193
36 195
36 199
37 38
37 39
37 40
37 44
37 46
37 47
37 48
37 49
37 51
37 52
37 53
37 54
37 55
37 56
37 58
37 61
37 63
37 66
37 67
37 68
37 69
37 70
37 72
37 75
37 76
37 77
37 79
37 80
37 82
37 84
37 85
37 86
37 87
37 88
37 90
37 91
37 92
37 93
37 94
37 97
37 98
37 99
37 100
37 102
37 103
37 104
37 106
37 107
37 108
37 109
37 110
37 111
37 113
37 115
37 116
37 117
37 118
37 119
37 120
37 121
37 126
37 127
37 128
37 131
37 135
37 136
37 137
37 138
37 139
37 142
37 145
37 146
37 147
37 149
37 150
37 151
37 152
37 153
37 155
37 156
37 157
37 159
37 160
37 161
37 162
37 163
37 164
37 167
37 168
37 173
37 175
37 176
37 177
37 179
37 180
37 181
37 182
37 184
37 185
37 186
37 188
37 189
37 190
37 191
37 193
37 199
38 41
38 42
38 43
38 45
38 47
38 49
38 53
38 56
38 57
38 60
38 62
38 63
38 64
38 66
38 68
38 70
38 73
38 74
38 75
38 76
38 77
38 78
38 79
38 80
38 81
38 82
38 83
38 86
38 87
38 88
38 89
38 92
38 95
38 96
38 97
38 98
38 99
38 101
38 103
38 104
38 105
38 106
38 107
38 109
38 111
38 114
38 115
38 118
38 120
38 123
38 126
38 127
38 128
38 129
38 131
38 134
38 135
38 136
38 137
38 140
38 142
38 143
38 144
38 145
38 147
38 148
38 149
38 150
38 151
38 153
38 155
38 156
38 159
38 161
38 162
38 163
38 165
38 166
38 167
38 168
38 170
38 171
38 172
38 174
38 175
38 176
38 177
38 179
38 180
38 181
38 182
38 184
38 188
38 190
38 193
38 197
38 198
38 199
39 40
39 43
39 44
39 45
39 46
39 47
39 48
39 49
39 51
39 54
39 55
39 57
39 58
39 60
39 61
39 62
39 63
39 64
39 66
39 67
39 68
39 69
39 70
39 73
39 76
39 80
39 82
39 83
39 84
39 87
39 88
39 89
39 90
39 92
39 95
39 97
39 98
39 100
39 101
39 102
39 103
39 104
39 106
39 107
39 110
39 113
39 114
39 115
39 116
39 117
39 120
39 121
39 122
39 123
39 124
39 125
39 128
39 130
39 131
39 132
39 133
39 134
39 137
39 138
39 141
39 142
39 143
39 144
39 145
39 146
39 150
39 152
39 154
39 155
39 156
39 158
39 159
39 160
39 161
39 162
39 169
39 170
39 171
39 173
39 174
39 175
39 176
39 177
39 179
39 180
39 181
39 183
39 186
39 188
39 192
39 195
39 197
39 198
39 199
40 42
40 43
40 47
40 49
40 50
40 54
40 58
40 59
40 60
40 61
40 62
40 63
40 64
40 65
40 66
40 73
40 74
40 75
40 76
40 77
40 78
40 79
40 80
40 81
40 83
40 84
40 85
40 86
40 87
40 88
40 90
40 91
40 93
40 94
40 95
40 96
40 97
40 98
40 99
40 100
40 102
40 103
40 105
40 107
40 108
40 109
40 110
40 111
40 112
40 113
40 115
40 119
40 120
40 122
40 123
40 124
40 126
40 127
40 128
40 129
40 130
40 131
40 134
40 135
40 137
40 139
40 141
40 142
40 145
40 146
40 147
40 148
40 151
40 152
40 153
40 154
40 155
40 156
40 157
40 158
40 159
40 160
40 162
40 163
40 164
40 168
40 169
40 171
40 172
40 173
40 174
40 176
40 179
40 180
40 181
40 186
40 187
40 188
40 190
40 192
40 195
41 43
41 48
41 49
41 51
41 52
41 54
41 55
41 56
41 57
41 58
41 59
41 60
41 64
41 66
41 67
41 68
41 69
41 70
41 72
41 79
41 80
41 82
41 84
41 85
41 86
41 87
41 89
41 90
41 91
41 92
41 93
41 95
41 96
41 97
41 98
41 99
41 100
41 105
41 107
41 108
41 109
41 110
41 111
41 113
41 114
41 116
41 119
41 122
41 126
41 127
41 128
41 132
41 133
41 135
41 136
41 137
41 140
41 142
41 144
41 145
41 146
41 147
41 148
41 149
41 150
41 153
41 157
41 158
41 159
41 164
41 171
41 173
41 174
41 175
41 177
41 179
41 182
41 183
41 185
41 186
41 187
41 189
41 190
41 194
41 196
42 43
42 47
42 49
42 53
42 54
42 55
42 56
42 58
42 59
42 60
42 62
42 63
42 65
42 66
42 67
42 68
42 69
42 71
42 73
42 76
42 79
42 80
42 81
42 84
42 85
42 86
42 88
42 90
42 92
42 93
42 94
42 95
42 97
42 98
42 99
42 100
42 101
42 102
42 103
42 106
42 107
42 109
42 110
42 112
42 115
42 116
42 117
42 118
42 119
42 120
42 121
42 122
42 123
42 124
42 125
42 126
42 127
42 130
42 131
42 133
42 136
42 138
42 140
42 143
42 144
42 145
42 148
42 150
42 151
42 152
42 153
42 154
42 155
42 156
42 157
42 158
42 159
42 160
42 162
42 163
42 164
42 165
42 166
42 167
42 169
42 170
42 171
42 172
42 175
42 178
42 179
42 180
42 181
42 183
42 185
42 187
42 188
42 189
42 190
42 191
42 192
42 193
42 197
42 198
42 199
43 45
43 47
43 49
43 51
43 52
43 53
43 55
43 57
43 58
43 59
43 60
43 61
43 65
43 66
43 67
43 70
43 71
43 73
43 75
43 76
43 77
43 79
43 82
43 85
43 86
43 87
43 89
43 90
43 93
43 94
43 96
43 97
43 98
43 99
43 100
43 101
43 103
43 105
43 107
43 108
43 109
43 110
43 111
43 114
43 115
43 117
43 119
43 120
43 121
43 123
43 124
43 125
43 126
43 129
43 130
43 131
43 132
43 134
43 135
43 136
43 138
43 139
43 140
43 141
43 143
43 145
43 147
43 149
43 150
43 153
43 154
43 156
43 158
43 159
43 160
43 161
43 163
43 164
43 167
43 168
43 169
43 170
43 171
43 172
43 174
43 175
43 176
43 178
43 180
43 182
43 186
43 188
43 190
43 192
43 193
43 194
43 195
43 197
43 199
44 45
44 47
44 48
44 49
44 50
44 51
44 52
44 54
44 56
44 57
44 58
44 59
44 62
44 63
44 64
44 67
44 70
44 71
44 74
44 75
44 76
44 77
44 78
44 79
44 80
44 81
44 82
44 83
44 84
44 87
44 89
44 90
44 91
44 93
44 95
44 96
44 97
44 98
44 99
44 101
44 102
44 104
44 105
44 107
44 109
44 110
44 112
44 113
44 114
44 117
44 118
44 119
44 122
44 125
44 126
44 130
44 131
44 136
44 137
44 138
44 140
44 141
44 143
44 144
44 145
44 146
44 148
44 149
44 150
44 151
44 152
44 154
44 157
44 159
44 160
44 161
44 162
44 163
44 165
44 166
44 168
44 169
44 170
44 171
44 172
44 173
44 175
44 176
44 177
44 179
44 180
44 181
44 182
44 183
44 185
44 188
44 189
44 190
44 191
44 193
44 194
44 197
45 46
45 47
45 49
45 51
45 52
45 53
45 54
45 55
45 56
45 60
45 61
45 62
45 64
45 70
45 72
45 73
45 75
45 76
45 77
45 79
45 80
45 81
45 82
45 87
45 88
45 90
45 92
45 93
45 97
45 99
45 100
45 101
45 106
45 107
45 109
45 110
45 113
45 114
45 116
45 117
45 118
45 119
45 120
45 121
45 127
45 128
45 130
45 132
45 134
45 135
45 136
45 137
45 139
45 140
45 141
45 142
45 143
45 144
45 146
45 147
45 149
45 150
45 151
45 155
45 156
45 158
45 159
45 160
45 161
45 162
45 164
45 166
45 167
45 168
45 169
45 170
45 171
45 172
45 174
45 175
45 178
45 181
45 182
45 183
45 184
45 186
45 187
45 188
45 192
45 193
45 198
46 47
46 49
46 50
46 51
46 52
46 53
46 54
46 55
46 56
46 58
46 59
46 61
46 62
46 64
46 65
46 66
46 68
46 70
46 71
46 72
46 73
46 74
46 75
46 76
46 77
46 78
46 82
46 87
46 89
46 90
46 91
46 92
46 93
46 95
46 96
46 97
46 98
46 101
46 102
46 104
46 107
46 108
46 109
46 111
46 112
46 116
46 118
46 119
46 120
46 121
46 122
46 124
46 125
46 127
46 128
46 129
46 130
46 133
46 134
46 135
46 136
46 137
46 138
46 139
46 140
46 141
46 142
46 143
46 145
46 146
46 147
46 151
46 152
46 153
46 154
46 156
46 157
46 158
46 161
46 162
46 163
46 164
46 165
46 168
46 169
46 171
46 174
46 175
46 176
46 177
46 178
46 179
46 180
46 183
46 188
46 190
46 191
46 192
46 193
46 195
46 199
47 48
47 49
47 50
47 51
47 52
47 53
47 55
47 57
47 59
47 62
47 63
47 65
47 66
47 67
47 68
47 69
47 70
47 71
47 72
47 73
47 74
47 75
47 77
47 78
47 79
47 81
47 82
47 83
47 84
47 85
47 86
47 87
47 89
47 93
47 94
47 95
47 97
47 99
47 100
47 101
47 103
47 104
47 106
47 107
47 108
47 111
47 112
47 114
47 117
47 120
47 121
47 122
47 124
47 125
47 126
47 127
47 128
47 129
47 130
47 131
47 133
47 135
47 136
47 137
47 138
47 147
47 148
47 150
47 151
47 152
47 153
47 156
47 157
47 158
47 159
47 164
47 165
47 166
47 169
47 170
47 172
47 174
47 175
47 176
47 177
47 178
47 179
47 181
47 182
47 184
47 189
47 191
47 192
47 194
47 197
48 49
48 50
48 52
48 54
48 58
48 61
48 62
48 64
48 65
48 66
48 70
48 72
48 74
48 75
48 76
48 79
48 80
48 81
48 86
48 88
48 89
48 91
48 92
48 93
48 94
48 95
48 96
48 97
48 98
48 99
48 100
48 102
48 105
48 106
48 107
48 108
48 109
48 111
48 113
48 115
48 116
48 117
48 118
48 120
48 121
48 122
48 126
48 127
48 131
48 133
48 134
48 135
48 138
48 139
48 140
48 144
48 145
48 146
48 147
48 148
48 149
48 151
48 152
48 153
48 157
48 158
48 159
48 161
48 164
48 165
48 166
48 168
48 169
48 170
48 171
48 172
48 173
48 174
48 177
48 179
48 180
48 181
48 183
48 184
48 185
48 187
48 188
48 189
48 192
48 193
48 194
48 196
49 51
49 52
49 53
49 54
49 56
49 59
49 61
49 63
49 65
49 68
49 69
49 70
49 71
49 72
49 74
49 75
49 76
49 77
49 79
49 80
49 85
49 86
49 88
49 89
49 91
49 92
49 94
49 97
49 99
49 100
49 101
49 102
49 105
49 106
49 108
49 110
49 111
49 112
49 114
49 120
49 121
49 123
49 124
49 127
49 128
49 129
49 130
49 134
49 136
49 137
49 138
49 140
49 141
49 144
49 145
49 146
49 150
49 152
49 153
49 154
49 156
49 157
49 159
49 160
49 162
49 163
49 166
49 169
49 170
49 171
49 172
49 173
49 174
49 175
49 178
49 179
49 183
49 184
49 187
49 189
49 191
49 192
49 193
49 196
49 197
49 198
49 199
50 51
50 52
50 53
50 56
50 57
50 58
50 61
50 63
50 64
50 65
50 66
50 67
50 69
50 70
50 71
50 72
50 73
50 74
50 75
50 77
50 78
50 80
50 82
50 84
50 85
50 86
50 88
50 90
50 93
50 94
50 95
50 96
50 97
50 98
50 101
50 102
50 103
50 105
50 106
50 107
50 114
50 115
50 116
50 118
50 123
50 124
50 125
50 126
50 127
50 128
50 129
50 131
50 135
50 136
50 137
50 138
50 139
50 140
50 141
50 142
50 143
50 144
50 145
50 146
50 148
50 149
50 150
50 151
50 152
50 155
50 156
50 157
50 158
50 161
50 164
50 165
50 166
50 167
50 169
50 171
50 173
50 176
50 177
50 178
50 179
50 180
50 183
50 184
50 185
50 186
50 187
50 188
50 189
50 190
50 192
50 195
50 196
50 197
51 52
51 53
51 54
51 56
51 57
51 58
51 60
51 61
51 62
51 63
51 65
51 68
51 69
51 70
51 73
51 74
51 77
51 78
51 79
51 83
51 85
51 86
51 87
51 88
51 90
51 92
51 93
51 95
51 96
51 97
51 100
51 101
51 107
51 109
51 112
51 113
51 114
51 116
51 117
51 121
51 122
51 124
51 127
51 128
51 129
51 130
51 132
51 133
51 135
51 136
51 139
51 141
51 142
51 143
51 144
51 147
51 148
51 149
51 152
51 153
51 154
51 156
51 157
51 158
51 160
51 162
51 164
51 166
51 168
51 169
51 170
51 171
51 174
51 176
51 177
51 180
51 181
51 184
51 185
51 190
51 191
51 192
51 193
51 194
51 199
52 53
52 54
52 55
52 59
52 61
52 62
52 63
52 64
52 65
52 66
52 67
52 68
52 69
52 70
52 71
52 72
52 73
52 76
52 77
52 78
52 80
52 83
52 84
52 85
52 88
52 91
52 93
52 94
52 96
52 98
52 99
52 102
52 103
52 106
52 107
52 108
52 109
52 110
52 111
52 113
52 114
52 115
52 118
52 119
52 120
52 121
52 122
52 123
52 125
52 126
52 128
52 129
52 130
52 131
52 133
52 134
52 135
52 136
52 137
52 139
52 140
52 142
52 144
52 145
52 148
52 150
52 151
52 152
52 154
52 156
52 157
52 159
52 160
52 161
52 162
52 165
52 166
52 168
52 171
52 176
52 177
52 179
52 180
52 181
52 183
52 186
52 189
52 191
52 197
52 198
52 199
53 54
53 57
53 60
53 61
53 62
53 63
53 67
53 70
53 71
53 72
53 73
53 74
53 76
53 77
53 82
53 83
53 84
53 86
53 89
53 92
53 94
53 95
53 98
53 100
53 101
53 102
53 103
53 105
53 107
53 109
53 110
53 112
53 113
53 115
53 116
53 117
53 118
53 120
53 122
53 123
53 124
53 125
53 127
53 128
53 130
53 131
53 132
53 133
53 134
53 135
53 138
53 139
53 140
53 141
53 142
53 143
53 144
53 146
53 147
53 150
53 151
53 152
53 153
53 154
53 155
53 156
53 157
53 159
53 160
53 162
53 164
53 165
53 169
53 170
53 171
53 173
53 176
53 177
53 178
53 179
53 180
53 183
53 185
53 186
53 187
53 188
53 189
53 190
53 193
53 194
53 197
53 198
54 56
54 57
54 60
54 61
54 62
54 63
54 64
54 65
54 67
54 68
54 69
54 71
54 74
54 75
54 77
54 78
54 79
54 82
54 85
54 86
54 87
54 89
54 92
54 93
54 94
54 95
54 96
54 98
54 99
54 101
54 102
54 103
54 104
54 105
54 106
54 108
54 109
54 110
54 115
54 116
54 119
54 121
54 123
54 124
54 125
54 126
54 128
54 129
54 130
54 131
54 133
54 134
54 135
54 136
54 137
54 138
54 139
54 140
54 142
54 143
54 144
54 147
54 149
54 150
54 151
54 152
54 153
54 154
54 155
54 156
54 158
54 159
54 161
54 162
54 167
54 169
54 170
54 173
54 176
54 179
54 180
54 182
54 183
54 188
54 190
54 194
54 195
54 196
54 197
54 199
55 56
55 57
55 59
55 60
55 61
55 64
55 67
55 68
55 69
55 70
55 73
55 74
55 77
55 80
55 81
55 84
55 86
55 88
55 89
55 92
55 93
55 94
55 95
55 97
55 98
55 101
55 104
55 105
55 106
55 107
55 109
55 110
55 111
55 112
55 113
55 114
55 117
55 120
55 121
55 122
55 123
55 124
55 125
55 126
55 127
55 132
55 133
55 134
55 136
55 137
55 138
55 139
55 140
55 142
55 144
55 147
55 149
55 150
55 153
55 154
55 155
55 156
55 159
55 161
55 162
55 165
55 166
55 168
55 169
55 171
55 175
55 178
55 179
55 180
55 181
55 182
55 183
55 184
55 185
55 186
55 187
55 189
55 190
55 191
55 192
55 193
55 194
55 197
55 198
55 199
56 57
56 59
56 60
56 61
56 64
56 65
56 67
56 68
56 70
56 71
56 73
56 78
56 80
56 82
56 85
56 86
56 87
56 88
56 89
56 90
56 91
56 94
56 95
56 97
56 98
56 99
56 100
56 101
56 103
56 106
56 107
56 108
56 112
56 113
56 114
56 116
56 120
56 122
56 125
56 127
56 128
56 129
56 130
56 131
56 132
56 134
56 135
56 138
56 141
56 143
56 144
56 145
56 147
56 148
56 150
56 151
56 153
56 154
56 155
56 157
56 159
56 160
56 161
56 164
56 166
56 167
56 168
56 169
56 170
56 173
56 174
56 176
56 178
56 180
56 181
56 182
56 184
56 187
56 188
56 189
56 192
56 193
56 194
56 196
56 197
56 198
56 199
57 59
57 60
57 61
57 62
57 63
57 65
57 66
57 67
57 68
57 70
57 72
57 75
57 77
57 78
57 82
57 83
57 84
57 88
57 89
57 90
57 94
57 95
57 96
57 97
57 99
57 100
57 101
57 102
57 103
57 105
57 108
57 110
57 115
57 117
57 121
57 122
57 124
57 127
57 128
57 129
57 131
57 132
57 133
57 134
57 135
57 140
57 141
57 142
57 143
57 146
57 149
57 150
57 151
57 152
57 154
57 155
57 157
57 162
57 164
57 165
57 166
57 167
57 168
57 171
57 172
57 176
57 178
57 181
57 182
57 185
57 187
57 188
57 189
57 190
57 192
57 193
57 194
57 198
58 60
58 62
58 64
58 65
58 67
58 69
58 75
58 76
58 77
58 78
58 80
58 81
58 82
58 85
58 86
58 88
58 95
58 99
58 101
58 102
58 104
58 105
58 106
58 108
58 109
58 110
58 111
58 112
58 114
58 115
58 117
58 119
58 120
58 121
58 122
58 123
58 124
58 126
58 127
58 130
58 134
58 136
58 138
58 139
58 140
58 141
58 143
58 144
58 145
58 146
58 152
58 153
58 156
58 157
58 158
58 159
58 160
58 161
58 162
58 163
58 164
58 169
58 170
58 171
58 172
58 173
58 174
58 176
58 178
58 179
58 182
58 186
58 190
58 192
58 193
58 194
58 196
58 198
58 199
59 60
59 61
59 65
59 67
59 68
59 70
59 71
59 73
59 76
59 77
59 79
59 80
59 81
59 83
59 84
59 85
59 86
59 90
59 92
59 93
59 95
59 98
59 99
59 101
59 103
59 104
59 105
59 106
59 107
59 110
59 113
59 114
59 115
59 116
59 118
59 120
59 121
59 124
59 126
59 128
59 129
59 130
59 131
59 133
59 135
59 137
59 142
59 145
59 146
59 148
59 149
59 155
59 157
59 159
59 161
59 163
59 165
59 166
59 169
59 170
59 172
59 174
59 175
59 176
59 177
59 178
59 181
59 182
59 183
59 186
59 188
59 189
59 191
59 192
59 193
59 194
59 196
59 197
59 198
59 199
60 63
60 64
60 66
60 68
60 69
60 70
60 71
60 72
60 73
60 75
60 76
60 77
60 78
60 81
60 84
60 85
60 87
60 88
60 89
60 90
60 92
60 93
60 95
60 96
60 97
60 98
60 99
60 100
60 101
60 102
60 104
60 106
60 107
60 108
60 111
60 112
60 113
60 115
60 116
60 119
60 120
60 121
60 125
60 127
60 128
60 129
60 130
60 131
60 132
60 136
60 139
60 140
60 141
60 142
60 145
60 146
60 147
60 149
60 150
60 151
60 152
60 154
60 155
60 156
60 157
60 158
60 159
60 160
60 161
60 163
60 164
60 167
60 169
60 172
60 174
60 175
60 177
60 178
60 179
60 180
60 182
60 183
60 184
60 186
60 187
60 188
60 189
60 191
60 192
60 194
60 195
60 196
60 199
61 62
61 63
61 64
61 67
61 68
61 69
61 70
61 71
61 73
61 75
61 76
61 77
61 81
61 82
61 83
61 84
61 86
61 88
61 93
61 94
61 95
61 96
61 97
61 101
61 103
61 104
61 107
61 108
61 111
61 113
61 114
61 116
61 118
61 122
61 125
61 128
61 130
61 132
61 133
61 135
61 137
61 138
61 139
61 140
61 141
61 142
61 145
61 147
61 148
61 149
61 150
61 153
61 154
61 155
61 157
61 158
61 160
61 166
61 167
61 168
61 169
61 171
61 173
61 174
61 177
61 178
61 180
61 184
61 186
61 187
61 188
61 189
61 190
61 191
61 193
61 194
61 195
61 196
61 198
62 63
62 64
62 66
62 67
62 68
62 70
62 74
62 75
62 78
62 79
62 81
62 83
62 84
62 85
62 87
62 89
62 90
62 91
62 92
62 97
62 98
62 99
62 100
62 101
62 103
62 104
62 105
62 106
62 113
62 114
62 115
62 116
62 117
62 121
62 122
62 124
62 125
62 129
62 130
62 132
62 133
62 134
62 135
62 140
62 141
62 142
62 144
62 145
62 146
62 147
62 148
62 149
62 151
62 152
62 153
62 154
62 158
62 161
62 163
62 164
62 165
62 167
62 168
62 170
62 172
62 175
62 176
62 177
62 178
62 179
62 180
62 181
62 182
62 183
62 185
62 186
62 187
62 189
62 190
62 193
62 194
62 195
62 197
62 198
63 64
63 65
63 66
63 67
63 68
63 70
63 71
63 73
63 74
63 75
63 76
63 77
63 81
63 83
63 84
63 85
63 86
63 87
63 89
63 90
63 92
63 93
63 95
63 96
63 99
63 102
63 104
63 106
63 107
63 109
63 110
63 111
63 112
63 114
63 115
63 116
63 117
63 119
63 120
63 123
63 124
63 125
63 126
63 129
63 130
63 131
63 132
63 133
63 135
63 137
63 138
63 139
63 140
63 141
63 143
63 144
63 146
63 147
63 149
63 153
63 154
63 155
63 158
63 160
63 161
63 162
63 165
63 166
63 167
63 169
63 171
63 172
63 173
63 174
63 175
63 176
63 177
63 178
63 179
63 182
63 184
63 185
63 186
63 188
63 189
63 191
63 193
63 195
63 196
63 198
63 199
64 65
64 68
64 73
64 74
64 75
64 77
64 80
64 81
64 83
64 84
64 88
64 89
64 90
64 91
64 92
64 93
64 96
64 97
64 98
64 101
64 102
64 103
64 104
64 107
64 112
64 114
64 115
64 118
64 119
64 121
64 122
64 123
64 125
64 127
64 131
64 132
64 134
64 135
64 136
64 137
64 138
64 139
64 142
64 143
64 144
64 145
64 147
64 149
64 150
64 152
64 153
64 154
64 159
64 160
64 162
64 163
64 164
64 165
64 166
64 167
64 174
64 176
64 177
64 179
64 180
64 183
64 185
64 186
64 188
64 189
64 190
64 191
64 192
64 194
64 195
64 196
64 197
64 198
64 199
65 67
65 69
65 70
65 72
65 73
65 79
65 81
65 84
65 86
65 90
65 93
65 95
65 96
65 97
65 100
65 102
65 103
65 105
65 106
65 110
65 111
65 112
65 114
65 116
65 118
65 119
65 120
65 121
65 122
65 123
65 124
65 127
65 128
65 131
65 134
65 135
65 136
65 138
65 139
65 141
65 142
65 143
65 144
65 145
65 146
65 148
65 149
65 150
65 153
65 154
65 155
65 157
65 158
65 161
65 163
65 165
65 166
65 167
65 168
65 170
65 171
65 172
65 173
65 174
65 178
65 179
65 181
65 182
65 184
65 187
65 188
65 189
65 191
65 192
65 193
65 196
65 197
66 69
66 72
66 73
66 74
66 75
66 78
66 80
66 81
66 82
66 83
66 84
66 86
66 87
66 88
66 89
66 90
66 91
66 93
66 94
66 95
66 101
66 103
66 104
66 107
66 108
66 109
66 110
66 111
66 112
66 114
66 115
66 116
66 117
66 118
66 119
66 121
66 123
66 125
66 126
66 127
66 128
66 129
66 131
66 132
66 133
66 134
66 136
66 138
66 139
66 142
66 143
66 144
66 147
66 148
66 149
66 153
66 154
66 158
66 159
66 163
66 164
66 165
66 166
66 168
66 169
66 170
66 171
66 172
66 173
66 174
66 175
66 177
66 178
66 179
66 180
66 181
66 182
66 183
66 185
66 186
66 187
66 191
66 192
66 199
67 68
67 69
67 70
67 71
67 72
67 73
67 78
67 79
67 80
67 83
67 86
67 91
67 95
67 96
67 97
67 98
67 100
67 102
67 103
67 104
67 106
67 108
67 109
67 110
67 111
67 113
67 118
67 119
67 120
67 121
67 122
67 123
67 124
67 129
67 130
67 131
67 132
67 134
67 136
67 137
67 139
67 140
67 141
67 142
67 144
67 148
67 150
67 151
67 152
67 155
67 156
67 160
67 161
67 166
67 167
67 168
67 170
67 173
67 174
67 175
67 177
67 179
67 182
67 183
67 184
67 186
67 188
67 189
67 190
67 191
67 192
67 197
67 198
68 69
68 70
68 71
68 75
68 76
68 77
68 78
68 79
68 80
68 82
68 83
68 84
68 85
68 87
68 91
68 92
68 93
68 94
68 96
68 97
68 98
68 100
68 101
68 102
68 104
68 106
68 107
68 108
68 111
68 112
68 116
68 117
68 118
68 119
68 120
68 122
68 124
68 128
68 132
68 133
68 134
68 135
68 136
68 140
68 141
68 146
68 148
68 149
68 153
68 154
68 155
68 156
68 158
68 160
68 161
68 163
68 167
68 169
68 170
68 171
68 172
68 173
68 176
68 177
68 181
68 182
68 183
68 184
68 185
68 186
68 187
68 189
68 190
68 194
68 197
68 199
69 72
69 73
69 74
69 75
69 78
69 81
69 86
69 87
69 91
69 93
69 95
69 96
69 98
69 99
69 102
69 103
69 104
69 105
69 106
69 110
69 111
69 112
69 113
69 114
69 118
69 123
69 124
69 125
69 126
69 127
69 130
69 131
69 132
69 134
69 135
69 136
69 137
69 139
69 140
69 143
69 147
69 148
69 149
69 150
69 151
69 153
69 156
69 157
69 160
69 161
69 164
69 166
69 167
69 168
69 169
69 173
69 175
69 176
69 178
69 179
69 180
69 181
69 183
69 185
69 188
69 189
69 191
69 192
69 194
69 195
69 196
69 197
69 199
70 72
70 73
70 75
70 76
70 79
70 80
70 81
70 83
70 84
70 89
70 90
70 91
70 94
70 98
70 99
70 100
70 102
70 103
70 105
70 109
70 110
70 111
70 113
70 114
70 116
70 117
70 118
70 119
70 121
70 123
70 124
70 126
70 129
70 131
70 132
70 133
70 134
70 135
70 136
70 137
70 139
70 141
70 145
70 151
70 154
70 156
70 158
70 160
70 162
70 163
70 164
70 167
70 169
70 170
70 173
70 175
70 178
70 184
70 185
70 186
70 187
70 188
70 189
70 191
70 195
70 199
71 73
71 74
71 77
71 80
71 81
71 82
71 83
71 84
71 85
71 86
71 87
71 89
71 90
71 92
71 98
71 99
71 100
71 102
71 104
71 105
71 106
71 107
71 108
71 109
71 110
71 111
71 116
71 117
71 118
71 121
71 127
71 128
71 129
71 130
71 133
71 135
71 136
71 139
71 140
71 141
71 144
71 145
71 147
71 150
71 154
71 156
71 157
71 158
71 159
71 160
71 161
71 162
71 163
71 164
71 166
71 168
71 169
71 170
71 171
71 172
71 173
71 177
71 179
71 180
71 185
71 189
71 190
71 192
71 193
71 195
71 196
71 197
71 199
72 73
72 77
72 80
72 81
72 82
72 86
72 87
72 89
72 90
72 91
72 93
72 94
72 95
72 96
72 97
72 100
72 103
72 105
72 106
72 109
72 110
72 111
72 112
72 116
72 118
72 120
72 122
72 128
72 129
72 130
72 132
72 133
72 134
72 135
72 138
72 139
72 140
72 142
72 148
72 150
72 152
72 154
72 155
72 156
72 159
72 161
72 164
72 165
72 166
72 169
72 170
72 171
72 173
72 174
72 175
72 176
72 178
72 179
72 181
72 185
72 187
72 188
72 189
72 191
72 193
72 196
72 197
72 198
72 199
73 75
73 76
73 77
73 78
73 80
73 81
73 84
73 85
73 86
73 87
73 88
73 91
73 92
73 93
73 94
73 95
73 96
73 97
73 99
73 101
73 102
73 103
73 106
73 107
73 109
73 111
73 112
73 116
73 118
73 119
73 120
73 121
73 123
73 124
73 125
73 127
73 128
73 129
73 130
73 133
73 135
73 136
73 137
73 138
73 140
73 142
73 144
73 145
73 146
73 147
73 149
73 150
73 152
73 154
73 156
73 157
73 160
73 162
73 163
73 164
73 165
73 166
73 169
73 170
73 173
73 174
73 176
73 177
73 179
73 180
73 181
73 182
73 183
73 185
73 186
73 187
73 188
73 189
73 190
73 191
73 192
73 193
73 197
73 199
74 75
74 77
74 78
74 81
74 82
74 83
74 84
74 85
74 87
74 90
74 92
74 95
74 96
74 98
74 99
74 100
74 101
74 102
74 104
74 105
74 106
74 107
74 109
74 110
74 111
74 112
74 114
74 118
74 119
74 122
74 123
74 125
74 127
74 128
74 130
74 131
74 134
74 138
74 140
74 141
74 142
74 144
74 145
74 148
74 151
74 152
74 153
74 154
74 156
74 159
74 160
74 161
74 165
74 168
74 170
74 171
74 173
74 174
74 175
74 176
74 177
74 178
74 179
74 180
74 184
74 187
74 188
74 189
74 190
74 191
74 192
74 193
74 194
74 197
74 199
75 82
75 83
75 86
75 87
75 88
75 90
75 91
75 93
75 95
75 96
75 99
75 100
75 101
75 102
75 104
75 105
75 108
75 109
75 110
75 111
75 115
75 116
75 118
75 120
75 121
75 122
75 124
75 126
75 127
75 128
75 130
75 131
75 132
75 134
75 135
75 137
75 138
75 139
75 140
75 141
75 143
75 145
75 147
75 149
75 150
75 151
75 154
75 155
75 159
75 163
75 165
75 168
75 169
75 170
75 173
75 174
75 176
75 178
75 183
75 184
75 185
75 186
75 189
75 190
75 192
75 193
75 195
75 198
76 78
76 79
76 80
76 82
76 83
76 84
76 86
76 87
76 88
76 93
76 95
76 96
76 97
76 98
76 99
76 100
76 101
76 102
76 104
76 108
76 109
76 110
76 111
76 112
76 114
76 116
76 117
76 119
76 120
76 122
76 123
76 125
76 129
76 130
76 133
76 134
76 136
76 139
76 141
76 146
76 148
76 150
76 151
76 153
76 154
76 156
76 157
76 158
76 160
76 161
76 162
76 164
76 166
76 167
76 168
76 170
76 172
76 173
76 174
76 177
76 179
76 180
76 181
76 182
76 183
76 187
76 188
76 189
76 190
76 192
76 193
76 194
76 196
76 197
76 198
76 199
77 79
77 81
77 82
77 83
77 85
77 86
77 88
77 89
77 90
77 91
77 92
77 95
77 97
77 98
77 99
77 103
77 104
77 105
77 107
77 108
77 109
77 110
77 114
77 116
77 118
77 119
77 120
77 121
77 124
77 125
77 127
77 128
77 130
77 133
77 134
77 136
77 137
77 138
77 139
77 140
77 141
77 142
77 143
77 149
77 150
77 154
77 155
77 156
77 159
77 160
77 161
77 163
77 164
77 165
77 166
77 167
77 168
77 169
77 171
77 172
77 174
77 175
77 176
77 178
77 179
77 180
77 184
77 185
77 189
77 191
77 193
77 194
77 197
77 198
77 199
78 79
78 82
78 84
78 86
78 88
78 91
78 94
78 95
78 97
78 98
78 100
78 101
78 103
78 104
78 106
78 109
78 110
78 114
78 117
78 118
78 119
78 120
78 123
78 124
78 125
78 126
78 127
78 128
78 129
78 130
78 132
78 133
78 134
78 135
78 136
78 138
78 140
78 142
78 143
78 144
78 145
78 146
78 147
78 148
78 150
78 153
78 154
78 155
78 156
78 157
78 159
78 161
78 162
78 166
78 168
78 169
78 170
78 172
78 173
78 174
78 175
78 178
78 179
78 180
78 181
78 182
78 184
78 186
78 187
78 188
78 192
78 194
78 195
78 196
78 197
79 80
79 81
79 83
79 84
79 85
79 86
79 90
79 91
79 94
79 95
79 98
79 99
79 100
79 102
79 104
79 105
79 106
79 110
79 112
79 113
79 114
79 117
79 118
79 119
79 120
79 121
79 122
79 123
79 125
79 126
79 129
79 132
79 133
79 134
79 135
79 136
79 137
79 138
79 139
79 140
79 144
79 145
79 148
79 149
79 151
79 152
79 153
79 154
79 157
79 158
79 160
79 161
79 162
79 168
79 170
79 172
79 173
79 174
79 175
79 177
79 178
79 179
79 180
79 185
79 188
79 190
79 193
79 195
79 198
80 81
80 82
80 83
80 84
80 85
80 86
80 87
80 88
80 89
80 90
80 92
80 97
80 98
80 100
80 104
80 105
80 106
80 109
80 110
80 111
80 112
80 114
80 116
80 119
80 121
80 124
80 125
80 126
80 127
80 128
80 129
80 130
80 131
80 133
80 134
80 136
80 141
80 142
80 143
80 145
80 146
80 147
80 148
80 149
80 150
80 151
80 152
80 153
80 156
80 158
80 159
80 160
80 162
80 163
80 165
80 166
80 167
80 168
80 169
80 172
80 173
80 177
80 178
80 181
80 182
80 183
80 184
80 185
80 186
80 188
80 189
80 190
80 191
80 192
80 193
80 194
80 195
80 198
80 199
81 83
81 84
81 85
81 86
81 87
81 90
81 91
81 93
81 95
81 96
81 97
81 98
81 100
81 101
81 104
81 105
81 111
81 112
81 113
81 114
81 117
81 119
81 120
81 122
81 124
81 126
81 128
81 129
81 131
81 132
81 134
81 135
81 136
81 137
81 138
81 139
81 140
81 141
81 142
81 143
81 148
81 149
81 151
81 152
81 155
81 156
81 157
81 159
81 160
81 161
81 163
81 165
81 166
81 167
81 168
81 169
81 171
81 173
81 174
81 178
81 180
81 181
81 183
81 185
81 186
81 187
81 189
81 190
81 192
81 193
81 194
81 195
81 199
82 83
82 84
82 85
82 88
82 89
82 92
82 94
82 95
82 96
82 99
82 100
82 101
82 103
82 105
82 106
82 107
82 108
82 109
82 110
82 111
82 112
82 115
82 117
82 119
82 120
82 121
82 123
82 124
82 126
82 127
82 128
82 129
82 130
82 131
82 133
82 135
82 138
82 139
82 140
82 144
82 146
82 147
82 148
82 149
82 150
82 151
82 153
82 155
82 156
82 157
82 160
82 161
82 164
82 168
82 169
82 172
82 173
82 174
82 175
82 176
82 178
82 180
82 181
82 182
82 184
82 187
82 191
82 192
82 194
82 195
82 197
83 85
83 86
83 88
83 89
83 90
83 91
83 92
83 93
83 94
83 95
83 96
83 97
83 98
83 99
83 101
83 102
83 106
83 107
83 108
83 109
83 111
83 114
83 115
83 120
83 121
83 122
83 123
83 124
83 126
83 127
83 131
83 134
83 136
83 137
83 138
83 139
83 140
83 142
83 143
83 144
83 145
83 147
83 148
83 152
83 153
83 154
83 155
83 156
83 158
83 159
83 160
83 162
83 164
83 165
83 169
83 170
83 174
83 175
83 176
83 179
83 183
83 184
83 185
83 186
83 187
83 188
83 189
83 190
83 196
84 85
84 87
84 88
84 89
84 90
84 91
84 92
84 93
84 94
84 95
84 96
84 97
84 98
84 99
84 100
84 102
84 103
84 104
84 107
84 108
84 110
84 111
84 113
84 117
84 118
84 122
84 123
84 124
84 125
84 127
84 129
84 131
84 134
84 135
84 136
84 137
84 138
84 139
84 140
84 141
84 144
84 145
84 148
84 149
84 151
84 152
84 153
84 155
84 159
84 160
84 162
84 166
84 167
84 168
84 171
84 172
84 175
84 178
84 181
84 182
84 184
84 185
84 186
84 187
84 188
84 190
84 193
84 194
84 195
84 197
84 198
84 199
85 88
85 89
85 91
85 93
85 94
85 96
85 97
85 98
85 100
85 101
85 102
85 103
85 104
85 106
85 108
85 113
85 114
85 119
85 120
85 121
85 122
85 124
85 126
85 127
85 129
85 131
85 133
85 134
85 135
85 137
85 138
85 140
85 141
85 142
85 144
85 145
85 146
85 147
85 150
85 151
85 152
85 154
85 156
85 160
85 162
85 163
85 164
85 165
85 166
85 169
85 170
85 171
85 172
85 174
85 175
85 176
85 178
85 181
85 182
85 183
85 186
85 187
85 188
85 189
85 190
85 191
85 192
85 193
85 194
85 195
85 197
85 198
85 199
86 87
86 88
86 89
86 90
86 92
86 93
86 94
86 96
86 97
86 98
86 99
86 101
86 102
86 103
86 106
86 107
86 108
86 109
86 110
86 111
86 112
86 113
86 114
86 116
86 120
86 121
86 125
86 126
86 127
86 128
86 129
86 131
86 132
86 133
86 135
86 141
86 142
86 143
86 145
86 148
86 149
86 151
86 153
86 154
86 155
86 156
86 158
86 159
86 160
86 161
86 163
86 166
86 167
86 168
86 172
86 173
86 174
86 175
86 179
86 184
86 185
86 186
86 187
86 188
86 190
86 191
86 193
86 197
86 198
86 199
87 88
87 89
87 91
87 92
87 93
87 94
87 95
87 96
87 98
87 99
87 100
87 101
87 102
87 103
87 104
87 105
87 106
87 107
87 108
87 111
87 112
87 113
87 114
87 115
87 117
87 120
87 121
87 123
87 124
87 128
87 130
87 131
87 132
87 134
87 139
87 140
87 141
87 142
87 144
87 145
87 146
87 148
87 149
87 150
87 151
87 152
87 155
87 156
87 159
87 160
87 161
87 163
87 170
87 171
87 173
87 174
87 175
87 177
87 178
87 179
87 181
87 182
87 183
87 184
87 185
87 186
87 187
87 188
87 189
87 191
87 192
87 193
87 194
87 195
87 196
87 197
87 198
88 89
88 90
88 92
88 93
88 94
88 96
88 97
88 101
88 103
88 105
88 106
88 107
88 108
88 109
88 111
88 112
88 113
88 115
88 116
88 117
88 120
88 121
88 123
88 124
88 126
88 127
88 129
88 130
88 131
88 132
88 136
88 138
88 141
88 144
88 145
88 146
88 147
88 150
88 152
88 156
88 157
88 158
88 159
88 162
88 164
88 165
88 167
88 168
88 172
88 173
88 174
88 175
88 176
88 177
88 178
88 180
88 181
88 182
88 183
88 185
88 186
88 187
88 189
88 192
88 193
88 194
88 195
88 196
88 197
88 198
89 91
89 92
89 93
89 96
89 97
89 98
89 99
89 103
89 104
89 105
89 107
89 110
89 111
89 112
89 113
89 115
89 116
89 119
89 121
89 122
89 123
89 124
89 127
89 129
89 130
89 131
89 132
89 136
89 138
89 139
89 140
89 143
89 144
89 145
89 147
89 148
89 149
89 151
89 153
89 155
89 156
89 157
89 158
89 159
89 162
89 164
89 165
89 169
89 171
89 172
89 173
89 174
89 175
89 176
89 177
89 181
89 182
89 185
89 187
89 188
89 189
89 190
89 191
89 196
89 198
90 91
90 92
90 93
90 94
90 95
90 96
90 97
90 98
90 99
90 100
90 101
90 102
90 104
90 105
90 106
90 107
90 109
90 110
90 112
90 114
90 115
90 117
90 118
90 120
90 121
90 122
90 123
90 126
90 130
90 131
90 132
90 133
90 134
90 135
90 138
90 139
90 140
90 141
90 142
90 145
90 147
90 148
90 149
90 150
90 152
90 154
90 156
90 157
90 158
90 162
90 163
90 164
90 165
90 168
90 171
90 172
90 176
90 180
90 181
90 182
90 183
90 185
90 186
90 194
90 197
91 92
91 93
91 94
91 95
91 98
91 99
91 100
91 101
91 102
91 103
91 106
91 107
91 109
91 110
91 111
91 114
91 116
91 119
91 120
91 121
91 123
91 124
91 125
91 129
91 130
91 131
91 134
91 136
91 138
91 139
91 141
91 142
91 143
91 145
91 146
91 147
91 148
91 150
91 151
91 152
91 153
91 154
91 155
91 156
91 158
91 159
91 164
91 165
91 166
91 167
91 168
91 169
91 171
91 173
91 174
91 177
91 180
91 181
91 184
91 188
91 189
91 190
91 191
91 192
91 195
91 196
91 197
92 94
92 97
92 99
92 100
92 101
92 103
92 104
92 105
92 106
92 108
92 109
92 113
92 115
92 116
92 118
92 119
92 120
92 123
92 125
92 127
92 128
92 130
92 133
92 134
92 135
92 136
92 137
92 138
92 139
92 141
92 142
92 145
92 147
92 148
92 149
92 152
92 153
92 154
92 155
92 156
92 158
92 159
92 160
92 161
92 162
92 163
92 165
92 166
92 168
92 172
92 173
92 175
92 177
92 178
92 179
92 181
92 183
92 184
92 185
92 186
92 189
92 192
92 195
92 196
92 197
92 198
92 199
93 95
93 99
93 101
93 104
93 106
93 108
93 109
93 110
93 112
93 113
93 114
93 116
93 117
93 120
93 121
93 122
93 123
93 125
93 128
93 129
93 131
93 134
93 135
93 141
93 142
93 143
93 145
93 147
93 149
93 151
93 152
93 153
93 154
93 156
93 157
93 158
93 160
93 162
93 164
93 165
93 166
93 167
93 168
93 170
93 172
93 174
93 177
93 179
93 180
93 181
93 187
93 189
93 191
93 192
93 194
93 195
93 198
93 199
94 96
94 100
94 101
94 102
94 105
94 106
94 107
94 108
94 113
94 116
94 118
94 120
94 121
94 125
94 126
94 129
94 130
94 131
94 134
94 135
94 137
94 139
94 141
94 143
94 145
94 146
94 147
94 148
94 149
94 150
94 152
94 153
94 154
94 155
94 159
94 160
94 161
94 162
94 164
94 170
94 171
94 172
94 176
94 177
94 178
94 184
94 185
94 187
94 189
94 191
94 192
94 194
94 196
94 197
94 198
95 100
95 101
95 102
95 105
95 106
95 107
95 108
95 109
95 111
95 112
95 113
95 114
95 115
95 116
95 117
95 119
95 120
95 121
95 124
95 129
95 130
95 132
95 133
95 135
95 136
95 141
95 143
95 146
95 147
95 148
95 151
95 154
95 156
95 157
95 159
95 160
95 162
95 164
95 166
95 167
95 168
95 170
95 172
95 175
95 176
95 178
95 179
95 180
95 181
95 184
95 185
95 186
95 187
95 188
95 190
95 192
95 195
95 198
95 199
96 97
96 99
96 102
96 103
96 107
96 108
96 109
96 111
96 112
96 113
96 114
96 115
96 117
96 119
96 120
96 121
96 122
96 125
96 126
96 127
96 128
96 130
96 132
96 135
96 141
96 142
96 145
96 149
96 151
96 152
96 154
96 157
96 159
96 162
96 163
96 165
96 168
96 169
96 174
96 175
96 176
96 177
96 178
96 182
96 183
96 187
96 189
96 190
96 191
96 192
96 195
96 196
96 197
96 198
96 199
97 98
97 99
97 100
97 101
97 102
97 104
97 105
97 106
97 108
97 109
97 113
97 114
97 115
97 116
97 117
97 118
97 119
97 120
97 121
97 122
97 124
97 125
97 126
97 127
97 129
97 130
97 133
97 134
97 135
97 136
97 138
97 141
97 143
97 145
97 148
97 149
97 153
97 155
97 157
97 158
97 159
97 160
97 163
97 164
97 165
97 166
97 167
97 168
97 169
97 171
97 172
97 176
97 177
97 179
97 180
97 181
97 182
97 183
97 184
97 188
97 191
97 192
97 195
97 198
97 199
98 101
98 103
98 105
98 106
98 107
98 108
98 109
98 110
98 111
98 113
98 115
98 117
98 118
98 119
98 124
98 125
98 128
98 129
98 130
98 133
98 134
98 137
98 138
98 140
98 141
98 142
98 143
98 144
98 145
98 147
98 148
98 149
98 150
98 152
98 153
98 156
98 158
98 159
98 160
98 161
98 162
98 163
98 164
98 167
98 168
98 170
98 171
98 174
98 175
98 176
98 178
98 180
98 182
98 183
98 185
98 188
98 189
98 190
98 192
98 193
98 194
99 100
99 101
99 102
99 105
99 106
99 107
99 108
99 109
99 110
99 111
99 112
99 113
99 115
99 117
99 118
99 119
99 120
99 121
99 122
99 123
99 124
99 125
99 127
99 129
99 130
99 131
99 134
99 135
99 136
99 138
99 139
99 141
99 142
99 145
99 146
99 147
99 149
99 152
99 154
99 155
99 156
99 157
99 158
99 159
99 160
99 164
99 166
99 167
99 168
99 170
99 171
99 172
99 174
99 177
99 181
99 182
99 183
99 185
99 186
99 187
99 188
99 191
99 192
99 193
99 194
99 195
99 199
100 101
100 105
100 106
100 107
100 108
100 109
100 110
100 111
100 112
100 113
100 115
100 116
100 117
100 119
100 121
100 122
100 123
100 126
100 127
100 128
100 129
100 130
100 132
100 133
100 134
100 135
100 136
100 137
100 138
100 139
100 141
100 144
100 145
100 146
100 148
100 149
100 150
100 152
100 153
100 155
100 156
100 158
100 159
100 160
100 161
100 162
100 163
100 164
100 165
100 167
100 169
100 171
100 173
100 174
100 175
100 176
100 178
100 179
100 180
100 182
100 183
100 184
100 186
100 188
100 189
100 190
100 191
100 195
100 197
100 198
100 199
101 102
101 103
101 105
101 106
101 108
101 110
101 111
101 113
101 114
101 115
101 117
101 119
101 121
101 122
101 123
101 124
101 125
101 126
101 127
101 130
101 131
101 132
101 134
101 135
101 136
101 137
101 144
101 145
101 147
101 148
101 150
101 151
101 158
101 160
101 161
101 163
101 164
101 165
101 167
101 168
101 169
101 172
101 173
101 174
101 178
101 179
101 180
101 181
101 182
101 183
101 187
101 188
101 189
101 190
101 191
101 192
101 193
101 198
102 103
102 104
102 105
102 107
102 108
102 109
102 112
102 113
102 114
102 115
102 116
102 118
102 119
102 121
102 122
102 123
102 124
102 125
102 126
102 130
102 131
102 132
102 133
102 134
102 136
102 137
102 138
102 144
102 146
102 148
102 150
102 151
102 152
102 154
102 155
102 156
102 157
102 158
102 159
102 160
102 161
102 162
102 166
102 167
102 170
102 171
102 173
102 177
102 178
102 179
102 180
102 182
102 183
102 184
102 186
102 187
102 190
102 191
102 193
102 195
102 196
102 197
102 198
102 199
103 104
103 105
103 107
103 108
103 110
103 112
103 115
103 116
103 120
103 122
103 123
103 125
103 126
103 129
103 130
103 131
103 132
103 133
103 135
103 138
103 140
103 141
103 142
103 143
103 145
103 147
103 148
103 151
103 152
103 153
103 154
103 155
103 156
103 158
103 159
103 160
103 161
103 164
103 169
103 170
103 171
103 173
103 174
103 176
103 178
103 180
103 182
103 186
103 190
103 192
103 193
103 194
103 197
103 198
104 105
104 106
104 108
104 109
104 110
104 111
104 112
104 113
104 114
104 115
104 116
104 118
104 119
104 120
104 121
104 124
104 125
104 126
104 127
104 130
104 131
104 132
104 133
104 134
104 137
104 140
104 146
104 147
104 151
104 152
104 153
104 154
104 157
104 159
104 160
104 161
104 162
104 163
104 164
104 170
104 172
104 173
104 174
104 176
104 177
104 179
104 180
104 181
104 182
104 183
104 184
104 187
104 189
104 190
104 193
104 194
104 195
105 106
105 107
105 108
105 109
105 111
105 112
105 114
105 115
105 116
105 117
105 118
105 119
105 120
105 121
105 122
105 123
105 125
105 126
105 128
105 130
105 132
105 133
105 134
105 136
105 138
105 144
105 145
105 147
105 148
105 151
105 152
105 155
105 156
105 157
105 159
105 161
105 162
105 163
105 166
105 167
105 168
105 169
105 171
105 172
105 174
105 175
105 177
105 178
105 179
105 184
105 185
105 187
105 189
105 191
105 193
105 194
105 195
105 199
106 107
106 109
106 110
106 111
106 112
106 113
106 114
106 115
106 116
106 118
106 121
106 123
106 125
106 126
106 127
106 128
106 129
106 130
106 132
106 133
106 135
106 137
106 138
106 139
106 141
106 142
106 144
106 146
106 147
106 149
106 150
106 152
106 153
106 154
106 156
106 157
106 158
106 159
106 160
106 162
106 167
106 168
106 169
106 170
106 171
106 173
106 175
106 176
106 177
106 178
106 179
106 180
106 182
106 183
106 184
106 185
106 186
106 187
106 188
106 189
106 191
106 192
106 194
106 195
106 196
107 109
107 110
107 113
107 115
107 116
107 117
107 118
107 120
107 124
107 125
107 126
107 128
107 130
107 132
107 134
107 135
107 136
107 137
107 139
107 140
107 144
107 145
107 148
107 150
107 153
107 157
107 159
107 160
107 162
107 163
107 165
107 166
107 167
107 168
107 169
107 170
107 171
107 172
107 174
107 176
107 177
107 181
107 182
107 183
107 185
107 186
107 187
107 188
107 189
107 190
107 192
107 194
107 195
107 196
107 198
107 199
108 109
108 110
108 111
108 112
108 113
108 114
108 121
108 125
108 126
108 128
108 129
108 131
108 134
108 137
108 138
108 139
108 140
108 141
108 142
108 143
108 144
108 145
108 146
108 147
108 151
108 153
108 154
108 156
108 157
108 158
108 162
108 163
108 165
108 166
108 169
108 172
108 173
108 174
108 176
108 178
108 180
108 182
108 183
108 185
108 186
108 187
108 190
108 191
108 193
108 195
108 196
108 197
108 199
109 112
109 113
109 115
109 116
109 118
109 120
109 121
109 123
109 124
109 125
109 126
109 127
109 129
109 130
109 131
109 134
109 135
109 136
109 138
109 139
109 142
109 146
109 147
109 148
109 149
109 150
109 151
109 152
109 153
109 154
109 158
109 160
109 161
109 162
109 163
109 168
109 170
109 174
109 176
109 177
109 178
109 181
109 182
109 183
109 185
109 186
109 188
109 191
109 192
109 195
109 197
109 199
110 113
110 116
110 118
110 119
110 120
110 121
110 122
110 123
110 124
110 125
110 129
110 130
110 131
110 132
110 133
110 134
110 135
110 137
110 140
110 141
110 143
110 144
110 145
110 148
110 149
110 151
110 152
110 153
110 154
110 156
110 157
110 158
110 160
110 162
110 163
110 165
110 166
110 169
110 171
110 173
110 177
110 179
110 181
110 182
110 184
110 186
110 187
110 190
110 191
110 192
110 193
110 194
110 195
110 196
110 197
110 198
111 112
111 113
111 115
111 116
111 117
111 119
111 120
111 123
111 125
111 127
111 129
111 135
111 136
111 137
111 141
111 142
111 143
111 144
111 145
111 147
111 149
111 151
111 152
111 153
111 154
111 155
111 158
111 160
111 161
111 162
111 165
111 166
111 169
111 170
111 171
111 172
111 173
111 175
111 178
111 179
111 180
111 183
111 184
111 185
111 186
111 187
111 188
111 190
111 192
111 194
111 195
111 196
111 197
111 198
112 113
112 115
112 116
112 117
112 118
112 119
112 121
112 122
112 123
112 126
112 127
112 128
112 129
112 131
112 134
112 135
112 141
112 142
112 144
112 145
112 146
112 149
112 151
112 156
112 157
112 163
112 164
112 167
112 170
112 171
112 172
112 173
112 174
112 176
112 177
112 180
112 185
112 186
112 187
112 189
112 194
112 195
112 199
113 114
113 115
113 119
113 120
113 121
113 122
113 124
113 126
113 127
113 128
113 129
113 130
113 134
113 135
113 136
113 139
113 140
113 141
113 142
113 143
113 144
113 146
113 149
113 150
113 153
113 154
113 156
113 162
113 164
113 166
113 167
113 168
113 169
113 171
113 174
113 175
113 177
113 179
113 181
113 184
113 185
113 188
113 189
113 190
113 191
113 192
113 194
113 195
113 197
113 198
114 115
114 118
114 120
114 121
114 122
114 124
114 126
114 127
114 128
114 129
114 132
114 135
114 136
114 138
114 140
114 144
114 145
114 147
114 148
114 149
114 150
114 153
114 154
114 155
114 156
114 159
114 160
114 161
114 162
114 164
114 165
114 167
114 169
114 171
114 172
114 173
114 174
114 175
114 177
114 178
114 179
114 180
114 181
114 185
114 187
114 188
114 189
114 190
114 191
114 192
114 193
114 197
114 198
114 199
115 116
115 120
115 122
115 123
115 125
115 127
115 129
115 130
115 131
115 132
115 134
115 135
115 139
115 142
115 143
115 148
115 149
115 150
115 151
115 152
115 153
115 154
115 157
115 160
115 161
115 162
115 163
115 164
115 165
115 167
115 168
115 169
115 170
115 172
115 174
115 177
115 178
115 180
115 181
115 182
115 185
115 186
115 188
115 189
115 191
115 192
115 193
115 196
115 198
115 199
116 117
116 120
116 123
116 124
116 126
116 127
116 128
116 129
116 130
116 131
116 132
116 133
116 134
116 135
116 138
116 139
116 140
116 142
116 143
116 144
116 145
116 146
116 148
116 149
116 151
116 152
116 157
116 158
116 159
116 162
116 163
116 165
116 166
116 167
116 170
116 171
116 173
116 174
116 175
116 176
116 178
116 182
116 184
116 185
116 187
116 188
116 189
116 190
116 191
116 192
116 193
116 194
116 196
116 197
116 198
116 199
117 120
117 121
117 123
117 124
117 125
117 126
117 127
117 128
117 129
117 130
117 131
117 137
117 138
117 139
117 143
117 144
117 145
117 146
117 147
117 149
117 150
117 151
117 152
117 154
117 157
117 158
117 159
117 161
117 162
117 163
117 166
117 167
117 168
117 169
117 172
117 173
117 174
117 177
117 178
117 179
117 182
117 183
117 192
117 193
117 195
117 196
117 198
117 199
118 119
118 121
118 122
118 124
118 128
118 130
118 131
118 133
118 135
118 138
118 139
118 140
118 145
118 146
118 147
118 148
118 152
118 154
118 155
118 157
118 158
118 160
118 161
118 162
118 163
118 165
118 166
118 167
118 169
118 170
118 171
118 172
118 173
118 175
118 176
118 177
118 179
118 181
118 182
118 183
118 184
118 187
118 189
118 191
118 194
118 195
118 198
118 199
119 121
119 122
119 125
119 128
119 131
119 133
119 134
119 139
119 140
119 141
119 144
119 145
119 149
119 150
119 151
119 153
119 154
119 157
119 159
119 162
119 165
119 167
119 168
119 170
119 171
119 172
119 173
119 174
119 176
119 178
119 180
119 181
119 183
119 184
119 185
119 186
119 187
119 188
119 190
119 192
119 193
119 194
119 195
119 196
119 197
119 198
120 121
120 122
120 123
120 126
120 128
120 129
120 130
120 131
120 132
120 135
120 139
120 141
120 143
120 147
120 148
120 149
120 150
120 151
120 153
120 154
120 155
120 156
120 158
120 160
120 162
120 163
120 166
120 167
120 168
120 169
120 170
120 171
120 172
120 173
120 175
120 176
120 178
120 181
120 182
120 185
120 186
120 187
120 189
120 190
120 193
120 195
120 196
120 197
120 199
121 122
121 124
121 126
121 127
121 128
121 132
121 134
121 135
121 136
121 138
121 139
121 140
121 141
121 142
121 143
121 144
121 146
121 148
121 149
121 150
121 152
121 153
121 155
121 156
121 158
121 159
121 160
121 162
121 165
121 166
121 167
121 168
121 170
121 171
121 172
121 173
121 174
121 175
121 177
121 178
121 180
121 182
121 183
121 184
121 187
121 188
121 189
121 190
121 192
121 193
121 195
121 196
121 199
122 123
122 124
122 125
122 127
122 128
122 129
122 130
122 132
122 133
122 134
122 135
122 136
122 139
122 140
122 141
122 142
122 146
122 149
122 151
122 152
122 153
122 154
122 155
122 158
122 160
122 161
122 164
122 167
122 168
122 169
122 170
122 171
122 172
122 173
122 175
122 176
122 177
122 179
122 181
122 183
122 185
122 186
122 188
122 189
122 194
122 196
122 197
122 198
123 127
123 132
123 133
123 135
123 137
123 138
123 139
123 140
123 141
123 142
123 143
123 144
123 146
123 149
123 150
123 151
123 155
123 156
123 157
123 158
123 161
123 163
123 166
123 168
123 169
123 170
123 171
123 175
123 177
123 178
123 179
123 180
123 184
123 188
123 189
123 190
123 191
123 192
123 193
123 195
123 196
123 198
123 199
124 125
124 126
124 127
124 128
124 130
124 133
124 135
124 138
124 143
124 144
124 145
124 146
124 147
124 148
124 149
124 150
124 152
124 154
124 156
124 157
124 160
124 161
124 163
124 165
124 168
124 169
124 170
124 171
124 173
124 174
124 175
124 176
124 177
124 178
124 179
124 180
124 184
124 185
124 186
124 187
124 190
124 191
124 192
124 195
124 196
124 197
124 198
124 199
125 126
125 127
125 129
125 131
125 133
125 134
125 135
125 136
125 139
125 141
125 142
125 143
125 147
125 151
125 152
125 153
125 154
125 155
125 157
125 158
125 160
125 161
125 162
125 163
125 164
125 167
125 168
125 169
125 170
125 171
125 173
125 175
125 176
125 178
125 180
125 181
125 187
125 188
125 189
125 191
125 192
125 194
125 195
125 198
125 199
126 127
126 128
126 130
126 131
126 132
126 135
126 137
126 138
126 140
126 142
126 143
126 145
126 146
126 148
126 149
126 151
126 153
126 154
126 155
126 156
126 159
126 160
126 161
126 163
126 164
126 165
126 168
126 171
126 174
126 175
126 178
126 179
126 180
126 181
126 186
126 187
126 190
126 191
126 193
126 196
126 197
126 198
126 199
127 128
127 129
127 130
127 131
127 133
127 134
127 135
127 139
127 140
127 141
127 142
127 144
127 145
127 146
127 147
127 148
127 149
127 151
127 152
127 155
127 157
127 158
127 162
127 164
127 169
127 170
127 171
127 172
127 174
127 175
127 177
127 178
127 179
127 181
127 182
127 184
127 187
127 189
127 190
127 191
127 192
127 194
127 197
127 199
128 129
128 130
128 131
128 133
128 134
128 135
128 136
128 137
128 138
128 140
128 141
128 142
128 143
128 145
128 146
128 152
128 153
128 154
128 156
128 157
128 158
128 160
128 161
128 163
128 165
128 167
128 169
128 170
128 171
128 172
128 174
128 175
128 177
128 181
128 185
128 188
128 190
128 192
128 194
128 196
128 197
128 199
129 130
129 132
129 133
129 134
129 135
129 138
129 139
129 141
129 144
129 145
129 148
129 150
129 151
129 152
129 155
129 157
129 160
129 161
129 162
129 163
129 165
129 166
129 170
129 174
129 175
129 176
129 177
129 178
129 179
129 180
129 181
129 182
129 183
129 184
129 185
129 186
129 189
129 191
129 192
129 193
129 194
129 196
130 132
130 135
130 136
130 137
130 138
130 140
130 141
130 143
130 144
130 145
130 148
130 149
130 150
130 151
130 153
130 154
130 155
130 156
130 158
130 160
130 161
130 162
130 163
130 164
130 165
130 168
130 169
130 173
130 174
130 175
130 178
130 180
130 182
130 183
130 184
130 185
130 187
130 189
130 190
130 192
130 193
130 194
130 198
131 132
131 133
131 134
131 135
131 136
131 139
131 141
131 143
131 144
131 145
131 147
131 148
131 150
131 151
131 152
131 153
131 154
131 156
131 158
131 159
131 160
131 161
131 163
131 165
131 168
131 170
131 172
131 175
131 176
131 177
131 181
131 183
131 184
131 186
131 188
131 190
131 194
131 195
131 196
131 197
131 198
131 199
132 136
132 137
132 138
132 142
132 144
132 146
132 148
132 152
132 153
132 154
132 155
132 157
132 158
132 159
132 161
132 163
132 164
132 170
132 173
132 175
132 178
132 182
132 183
132 184
132 187
132 189
132 190
132 192
132 194
132 196
132 198
132 199
133 134
133 135
133 136
133 137
133 138
133 139
133 140
133 141
133 144
133 145
133 146
133 148
133 149
133 150
133 152
133 153
133 154
133 156
133 157
133 158
133 161
133 162
133 164
133 168
133 170
133 172
133 174
133 175
133 176
133 177
133 181
133 183
133 185
133 186
133 187
133 189
133 190
133 194
133 195
134 136
134 139
134 142
134 143
134 144
134 146
134 149
134 154
134 155
134 158
134 159
134 160
134 161
134 162
134 163
134 164
134 168
134 169
134 170
134 171
134 172
134 173
134 175
134 176
134 178
134 180
134 182
134 184
134 187
134 188
134 192
134 193
134 195
134 197
135 136
135 138
135 139
135 140
135 142
135 146
135 147
135 148
135 149
135 151
135 152
135 156
135 157
135 161
135 163
135 164
135 165
135 166
135 171
135 172
135 175
135 178
135 179
135 182
135 183
135 184
135 185
135 187
135 188
135 189
135 190
135 191
135 195
135 196
135 197
135 198
136 138
136 142
136 143
136 147
136 148
136 149
136 152
136 154
136 155
136 156
136 157
136 159
136 161
136 162
136 168
136 169
136 172
136 174
136 175
136 176
136 177
136 178
136 182
136 185
136 186
136 187
136 191
136 192
136 193
136 194
136 196
136 197
136 198
137 138
137 139
137 141
137 142
137 143
137 146
137 147
137 148
137 150
137 151
137 152
137 153
137 154
137 155
137 157
137 158
137 159
137 160
137 161
137 162
137 164
137 166
137 167
137 168
137 169
137 170
137 171
137 173
137 174
137 175
137 176
137 178
137 179
137 182
137 183
137 184
137 185
137 189
137 191
137 194
137 195
137 197
137 198
137 199
138 139
138 140
138 141
138 142
138 145
138 146
138 149
138 150
138 151
138 152
138 154
138 160
138 161
138 163
138 164
138 166
138 169
138 170
138 171
138 173
138 175
138 176
138 177
138 178
138 179
138 182
138 183
138 184
138 185
138 186
138 187
138 188
138 192
138 193
138 194
138 197
138 199
139 141
139 143
139 145
139 146
139 150
139 151
139 153
139 154
139 155
139 156
139 157
139 158
139 162
139 164
139 165
139 166
139 167
139 168
139 169
139 170
139 171
139 174
139 176
139 177
139 178
139 179
139 180
139 181
139 182
139 183
139 186
139 187
139 188
139 191
139 192
139 194
139 195
139 198
140 141
140 142
140 143
140 144
140 146
140 147
140 149
140 150
140 151
140 152
140 153
140 154
140 155
140 156
140 160
140 163
140 164
140 165
140 166
140 167
140 168
140 169
140 170
140 172
140 175
140 176
140 177
140 178
140 179
140 180
140 181
140 182
140 183
140 184
140 185
140 187
140 188
140 189
140 191
140 197
140 198
140 199
141 142
141 143
141 146
141 147
141 148
141 150
141 151
141 152
141 155
141 162
141 164
141 165
141 166
141 167
141 169
141 171
141 172
141 175
141 177
141 180
141 182
141 183
141 184
141 185
141 186
141 187
141 188
141 189
141 190
141 192
141 195
141 196
141 197
141 198
142 143
142 145
142 147
142 148
142 149
142 151
142 152
142 154
142 155
142 156
142 157
142 161
142 168
142 171
142 175
142 176
142 177
142 178
142 180
142 186
142 189
142 190
142 192
142 194
142 196
142 198
142 199
143 144
143 146
143 148
143 150
143 151
143 153
143 154
143 155
143 156
143 158
143 159
143 161
143 162
143 166
143 167
143 170
143 172
143 174
143 176
143 177
143 178
143 181
143 184
143 185
143 187
143 189
143 190
143 193
143 195
143 196
143 197
143 199
144 145
144 148
144 150
144 153
144 155
144 157
144 158
144 161
144 162
144 163
144 164
144 165
144 167
144 169
144 171
144 173
144 174
144 175
144 180
144 182
144 183
144 184
144 185
144 186
144 188
144 189
144 191
144 192
144 193
144 195
144 196
144 197
145 147
145 148
145 149
145 150
145 152
145 153
145 155
145 156
145 157
145 159
145 160
145 161
145 162
145 163
145 164
145 166
145 167
145 168
145 169
145 172
145 173
145 175
145 177
145 178
145 179
145 180
145 181
145 182
145 184
145 185
145 186
145 191
145 194
145 195
145 196
145 197
145 199
146 149
146 153
146 154
146 157
146 158
146 159
146 160
146 161
146 162
146 163
146 165
146 166
146 167
146 169
146 170
146 171
146 172
146 174
146 175
146 176
146 177
146 178
146 179
146 182
146 183
146 184
146 185
146 186
146 187
146 189
146 191
146 196
146 197
146 199
147 149
147 151
147 152
147 153
147 154
147 155
147 159
147 161
147 162
147 164
147 165
147 166
147 168
147 169
147 171
147 172
147 174
147 178
147 180
147 181
147 182
147 183
147 184
147 186
147 187
147 189
147 191
147 192
147 195
147 198
147 199
148 149
148 150
148 152
148 153
148 154
148 155
148 156
148 157
148 158
148 159
148 160
148 161
148 162
148 164
148 165
148 166
148 167
148 168
148 176
148 178
148 185
148 186
148 190
148 191
148 193
148 194
148 195
148 196
148 197
148 199
149 150
149 151
149 152
149 153
149 154
149 155
149 156
149 160
149 162
149 164
149 166
149 167
149 169
149 171
149 172
149 174
149 175
149 176
149 178
149 179
149 182
149 185
149 186
149 187
149 193
149 194
149 195
149 197
149 198
150 152
150 156
150 157
150 158
150 162
150 163
150 164
150 165
150 167
150 171
150 172
150 173
150 174
150 175
150 176
150 179
150 180
150 181
150 182
150 185
150 186
150 188
150 191
150 192
150 193
150 194
150 195
150 196
150 197
150 198
150 199
151 152
151 155
151 156
151 157
151 158
151 159
151 160
151 162
151 163
151 166
151 169
151 170
151 171
151 173
151 175
151 176
151 178
151 179
151 180
151 182
151 183
151 184
151 186
151 187
151 190
151 191
151 192
151 193
151 194
151 197
152 153
152 154
152 155
152 156
152 158
152 161
152 162
152 163
152 164
152 165
152 167
152 169
152 170
152 171
152 173
152 174
152 175
152 179
152 180
152 181
152 182
152 183
152 185
152 186
152 187
152 188
152 194
152 195
152 196
152 198
153 154
153 155
153 157
153 158
153 159
153 160
153 161
153 162
153 164
153 165
153 166
153 167
153 171
153 173
153 174
153 177
153 178
153 182
153 183
153 184
153 185
153 187
153 188
153 189
153 190
153 192
153 193
153 194
153 199
154 155
154 158
154 159
154 160
154 162
154 163
154 165
154 166
154 169
154 172
154 174
154 175
154 178
154 180
154 181
154 183
154 186
154 189
154 190
154 194
154 196
154 198
155 156
155 158
155 159
155 161
155 162
155 163
155 167
155 170
155 171
155 174
155 175
155 176
155 177
155 179
155 181
155 182
155 184
155 185
155 186
155 187
155 188
155 189
155 190
155 191
155 192
155 195
155 198
155 199
156 157
156 158
156 159
156 160
156 163
156 164
156 165
156 166
156 167
156 168
156 170
156 172
156 175
156 177
156 178
156 180
156 181
156 184
156 185
156 187
156 188
156 190
156 192
156 193
156 194
156 196
156 197
156 198
157 158
157 159
157 161
157 162
157 163
157 164
157 166
157 167
157 168
157 169
157 170
157 173
157 175
157 178
157 179
157 180
157 181
157 183
157 185
157 186
157 187
157 188
157 189
157 190
157 191
157 192
157 195
157 196
157 197
157 198
157 199
158 159
158 161
158 163
158 166
158 167
158 169
158 170
158 171
158 174
158 175
158 181
158 182
158 183
158 186
158 189
158 192
158 193
158 195
158 198
158 199
159 160
159 161
159 162
159 163
159 164
159 166
159 168
159 170
159 171
159 172
159 173
159 174
159 175
159 178
159 179
159 180
159 181
159 186
159 187
159 191
159 192
159 194
160 162
160 163
160 166
160 168
160 169
160 170
160 171
160 172
160 174
160 175
160 181
160 183
160 184
160 185
160 186
160 189
160 190
160 194
160 195
160 196
160 198
161 162
161 164
161 165
161 166
161 168
161 169
161 171
161 173
161 177
161 178
161 180
161 182
161 183
161 184
161 186
161 190
161 191
161 192
161 193
161 194
161 195
161 198
161 199
162 163
162 167
162 168
162 169
162 170
162 172
162 175
162 176
162 177
162 178
162 179
162 180
162 183
162 184
162 189
162 195
162 197
162 198
163 164
163 167
163 168
163 169
163 171
163 175
163 176
163 177
163 178
163 179
163 181
163 182
163 187
163 188
163 191
163 193
163 194
163 199
164 167
164 168
164 169
164 170
164 172
164 173
164 175
164 176
164 177
164 178
164 179
164 181
164 184
164 186
164 187
164 190
164 191
164 192
164 193
164 195
164 197
164 198
164 199
165 166
165 167
165 168
165 170
165 171
165 173
165 174
165 175
165 176
165 177
165 178
165 181
165 182
165 183
165 189
165 190
165 191
165 192
165 193
165 195
165 197
165 199
166 168
166 170
166 171
166 172
166 173
166 174
166 175
166 178
166 181
166 186
166 187
166 189
166 190
166 191
166 193
166 195
166 197
166 199
167 169
167 174
167 176
167 177
167 179
167 182
167 183
167 185
167 187
167 190
167 194
167 195
167 198
168 170
168 171
168 172
168 174
168 176
168 177
168 178
168 179
168 182
168 183
168 186
168 187
168 188
168 189
168 192
168 196
168 197
168 198
168 199
169 170
169 172
169 174
169 175
169 179
169 185
169 189
169 191
169 192
169 193
169 194
169 195
169 197
169 198
169 199
170 172
170 173
170 174
170 177
170 178
170 179
170 183
170 185
170 188
170 191
170 193
170 194
170 196
170 198
170 199
171 173
171 175
171 177
171 178
171 180
171 181
171 182
171 184
171 185
171 189
171 191
171 192
171 193
171 198
171 199
172 174
172 180
172 181
172 182
172 184
172 185
172 190
172 193
172 196
172 199
173 177
173 178
173 179
173 180
173 184
173 185
173 186
173 187
173 189
173 191
173 193
173 194
173 196
173 199
174 175
174 176
174 177
174 178
174 179
174 180
174 181
174 184
174 186
174 187
174 188
174 193
174 194
174 195
174 196
174 197
174 198
174 199
175 176
175 177
175 178
175 183
175 186
175 189
175 190
175 194
175 195
175 196
175 197
175 198
176 178
176 179
176 180
176 182
176 184
176 185
176 186
176 187
176 188
176 189
176 198
176 199
177 178
177 180
177 181
177 182
177 183
177 186
177 188
177 190
177 191
177 192
177 194
177 195
177 196
177 197
177 198
178 179
178 181
178 184
178 185
178 186
178 187
178 188
178 189
178 191
178 192
178 194
178 195
178 196
178 197
178 198
178 199
179 181
179 182
179 184
179 185
179 187
179 188
179 190
179 191
179 192
179 196
179 197
180 181
180 182
180 184
180 187
180 188
180 189
180 190
180 191
180 192
180 193
180 194
180 196
180 198
180 199
181 183
181 185
181 186
181 189
181 190
181 191
181 192
181 193
181 196
181 198
181 199
182 183
182 184
182 185
182 186
182 187
182 188
182 190
182 192
182 197
182 198
182 199
183 184
183 187
183 189
183 190
183 191
183 194
183 197
184 185
184 187
184 192
184 194
184 196
184 198
184 199
185 188
185 189
185 191
185 192
185 193
185 194
185 197
185 198
185 199
186 187
186 189
186 191
186 192
186 193
186 194
186 196
186 197
187 188
187 189
187 190
187 192
187 193
187 195
187 196
187 199
188 189
188 190
188 193
188 195
188 197
188 198
188 199
189 193
189 194
189 196
189 197
189 199
190 192
190 194
190 195
190 198
190 199
191 193
191 194
191 196
191 199
192 193
192 195
193 196
193 197
193 198
194 197
195 196
195 197
195 198
196 197
196 198
196 199
197 199
198 199
