150 4233
12 70
35 26
15 69
58 71
37 60
59 22
90 13
24 97
49 15
90 11
75 31
36 80
79 24
94 76
24 61
36 26
73 90
44 99
92 57
59 68
98 56
42 58
30 21
72 74
76 17
53 10
15 62
31 43
97 41
73 39
37 99
34 40
26 13
24 82
52 79
69 71
58 29
15 92
70 64
74 60
64 15
34 94
100 24
45 75
30 82
10 57
90 89
97 74
24 79
84 78
37 76
93 28
89 100
24 21
94 66
45 74
45 81
19 98
49 16
10 53
84 30
92 76
86 16
35 95
38 48
27 89
93 26
92 47
42 89
97 69
24 30
33 63
43 89
62 75
58 68
67 51
95 18
41 84
30 12
46 69
82 96
94 52
58 42
96 28
68 54
81 15
36 97
49 80
54 27
59 83
12 11
90 18
79 38
98 85
18 76
50 60
20 66
47 81
52 24
53 85
48 91
76 41
57 65
86 91
35 85
68 12
70 64
31 54
97 31
27 83
96 91
24 25
27 50
82 45
43 65
77 63
42 54
28 63
72 12
13 20
37 84
49 83
36 32
50 55
26 68
27 44
10 56
71 89
54 43
46 69
68 79
32 56
19 61
45 54
13 51
12 10
19 27
14 94
41 50
91 63
97 93
68 89
69 22
21 16
62 38
88 58
40 39
26 94
96 46
16 41
4432
0 1
0 2
0 3
0 10
0 12
0 13
0 27
0 37
0 40
0 42
0 44
0 47
0 49
0 50
0 53
0 58
0 59
0 60
0 62
0 63
0 65
0 66
0 68
0 78
0 80
0 88
0 92
0 95
0 96
0 101
0 107
0 109
0 110
0 111
0 112
0 117
0 118
0 122
0 125
0 126
0 127
0 129
0 131
0 132
0 134
0 136
0 137
0 140
0 143
0 145
0 146
0 147
0 148
1 3
1 7
1 9
1 14
1 16
1 17
1 31
1 34
1 35
1 36
1 41
1 42
1 46
1 47
1 48
1 53
1 54
1 57
1 59
1 61
1 63
1 65
1 66
1 68
1 70
1 71
1 72
1 76
1 77
1 78
1 79
1 87
1 88
1 91
1 94
1 95
1 98
1 103
1 104
1 109
1 111
1 116
1 117
1 119
1 121
1 123
1 126
1 127
1 128
1 130
1 135
1 136
1 138
2 3
2 7
2 14
2 16
2 17
2 18
2 20
2 22
2 23
2 26
2 28
2 33
2 37
2 39
2 40
2 47
2 48
2 49
2 51
2 52
2 54
2 56
2 61
2 63
2 67
2 68
2 69
2 75
2 79
2 82
2 83
2 84
2 87
2 89
2 94
2 95
2 98
2 101
2 103
2 104
2 105
2 108
2 114
2 118
2 121
2 122
2 123
2 124
2 125
2 127
2 131
2 133
2 140
2 142
2 143
2 148
3 7
3 9
3 15
3 16
3 17
3 18
3 19
3 24
3 25
3 27
3 29
3 32
3 33
3 34
3 36
3 38
3 39
3 41
3 44
3 47
3 48
3 49
3 50
3 51
3 52
3 53
3 56
3 60
3 61
3 62
3 63
3 65
3 67
3 68
3 69
3 70
3 71
3 75
3 78
3 81
3 82
3 83
3 85
3 87
3 90
3 93
3 94
3 95
3 96
3 104
3 106
3 111
3 112
3 113
3 115
3 116
3 118
3 119
3 123
3 126
3 127
3 131
3 133
3 135
3 136
3 137
3 139
3 142
3 143
3 144
3 145
3 147
4 13
4 19
4 22
4 24
4 25
4 30
4 31
4 32
4 38
4 39
4 40
4 42
4 46
4 48
4 50
4 53
4 54
4 59
4 60
4 62
4 66
4 68
4 70
4 73
4 75
4 84
4 93
4 94
4 97
4 99
4 101
4 103
4 104
4 108
4 112
4 113
4 114
4 118
4 119
4 121
4 123
4 129
4 130
4 131
4 132
4 133
4 136
4 139
4 141
4 144
4 148
4 149
5 6
5 9
5 10
5 11
5 12
5 18
5 23
5 25
5 27
5 31
5 34
5 36
5 37
5 43
5 44
5 46
5 47
5 48
5 49
5 50
5 51
5 52
5 54
5 56
5 60
5 61
5 62
5 64
5 65
5 66
5 67
5 71
5 72
5 73
5 75
5 79
5 81
5 82
5 83
5 85
5 86
5 87
5 91
5 94
5 96
5 99
5 100
5 102
5 107
5 108
5 109
5 110
5 115
5 118
5 120
5 123
5 125
5 126
5 129
5 130
5 131
5 132
5 139
5 142
5 145
5 146
5 148
5 149
6 9
6 15
6 16
6 19
6 25
6 29
6 31
6 33
6 36
6 37
6 38
6 39
6 42
6 43
6 45
6 46
6 50
6 51
6 53
6 55
6 59
6 60
6 61
6 68
6 74
6 75
6 77
6 79
6 85
6 87
6 88
6 89
6 90
6 92
6 95
6 97
6 101
6 104
6 105
6 106
6 108
6 109
6 113
6 114
6 115
6 116
6 119
6 120
6 124
6 131
6 132
6 135
6 136
6 139
7 8
7 9
7 14
7 15
7 16
7 17
7 19
7 21
7 24
7 32
7 39
7 43
7 45
7 52
7 55
7 62
7 64
7 65
7 68
7 70
7 79
7 82
7 83
7 92
7 98
7 102
7 103
7 111
7 118
7 120
7 122
7 123
7 124
7 129
7 131
7 132
7 141
7 146
7 148
7 149
8 9
8 10
8 16
8 17
8 20
8 24
8 25
8 27
8 28
8 29
8 30
8 31
8 33
8 36
8 41
8 42
8 45
8 46
8 47
8 50
8 51
8 52
8 58
8 59
8 60
8 61
8 62
8 69
8 71
8 72
8 76
8 77
8 80
8 81
8 82
8 83
8 85
8 88
8 89
8 90
8 91
8 93
8 94
8 96
8 98
8 100
8 106
8 111
8 112
8 116
8 117
8 121
8 122
8 123
8 125
8 127
8 128
8 129
8 134
8 135
8 137
8 140
8 142
8 147
8 148
8 149
9 11
9 12
9 15
9 16
9 21
9 29
9 30
9 34
9 38
9 39
9 43
9 47
9 52
9 54
9 55
9 56
9 59
9 62
9 63
9 67
9 71
9 73
9 76
9 93
9 95
9 100
9 103
9 109
9 111
9 112
9 113
9 115
9 117
9 124
9 126
9 127
9 128
9 130
9 133
9 136
9 137
9 138
9 139
9 145
9 146
9 147
10 13
10 16
10 17
10 20
10 24
10 27
10 28
10 30
10 31
10 34
10 36
10 38
10 39
10 41
10 42
10 45
10 46
10 47
10 48
10 52
10 63
10 65
10 75
10 76
10 78
10 80
10 81
10 83
10 84
10 86
10 89
10 91
10 92
10 93
10 97
10 102
10 104
10 107
10 109
10 111
10 113
10 115
10 117
10 120
10 124
10 125
10 130
10 131
10 132
10 133
10 137
10 138
10 142
10 146
10 148
10 149
11 12
11 13
11 16
11 17
11 18
11 19
11 23
11 28
11 29
11 30
11 31
11 36
11 39
11 40
11 41
11 45
11 49
11 51
11 53
11 55
11 57
11 58
11 59
11 63
11 69
11 74
11 75
11 77
11 81
11 84
11 86
11 88
11 89
11 94
11 104
11 106
11 107
11 108
11 114
11 119
11 120
11 122
11 129
11 136
11 138
11 139
11 142
11 146
11 148
12 15
12 16
12 17
12 18
12 22
12 24
12 26
12 27
12 28
12 29
12 30
12 31
12 39
12 40
12 41
12 42
12 45
12 46
12 47
12 52
12 53
12 58
12 62
12 63
12 64
12 66
12 70
12 71
12 79
12 80
12 85
12 92
12 95
12 96
12 99
12 102
12 105
12 107
12 108
12 109
12 110
12 112
12 119
12 120
12 124
12 126
12 127
12 128
12 132
12 133
12 136
12 137
12 141
12 142
12 146
13 14
13 15
13 18
13 20
13 22
13 25
13 28
13 32
13 38
13 39
13 42
13 44
13 47
13 52
13 54
13 55
13 57
13 59
13 63
13 66
13 67
13 75
13 76
13 77
13 78
13 79
13 81
13 82
13 83
13 85
13 91
13 93
13 95
13 101
13 105
13 107
13 108
13 109
13 111
13 112
13 115
13 117
13 121
13 122
13 123
13 125
13 128
13 129
13 132
13 138
13 139
13 142
13 145
13 148
13 149
14 15
14 18
14 19
14 22
14 25
14 26
14 29
14 32
14 35
14 37
14 38
14 40
14 45
14 46
14 49
14 51
14 52
14 55
14 56
14 57
14 59
14 60
14 64
14 67
14 76
14 77
14 79
14 80
14 84
14 86
14 90
14 97
14 103
14 105
14 109
14 110
14 114
14 121
14 124
14 125
14 126
14 129
14 130
14 131
14 135
14 136
14 137
14 138
14 139
14 140
14 141
14 144
14 146
14 147
14 148
15 18
15 21
15 22
15 23
15 24
15 29
15 32
15 33
15 36
15 37
15 38
15 39
15 41
15 43
15 45
15 47
15 50
15 52
15 53
15 55
15 60
15 61
15 63
15 64
15 70
15 71
15 72
15 77
15 78
15 80
15 81
15 84
15 85
15 87
15 89
15 94
15 95
15 96
15 97
15 98
15 101
15 103
15 109
15 111
15 113
15 115
15 116
15 118
15 119
15 123
15 124
15 125
15 126
15 127
15 128
15 135
15 136
15 137
15 141
15 142
15 143
15 147
15 149
16 17
16 18
16 19
16 21
16 22
16 31
16 32
16 33
16 34
16 36
16 38
16 39
16 42
16 43
16 46
16 50
16 55
16 56
16 59
16 60
16 62
16 64
16 66
16 68
16 69
16 71
16 78
16 79
16 81
16 82
16 83
16 85
16 87
16 89
16 94
16 95
16 99
16 101
16 102
16 103
16 105
16 113
16 114
16 121
16 122
16 123
16 125
16 132
16 134
16 135
16 136
16 139
16 143
16 145
16 146
16 148
16 149
17 22
17 25
17 26
17 27
17 29
17 33
17 38
17 40
17 46
17 48
17 50
17 53
17 57
17 59
17 60
17 61
17 63
17 65
17 68
17 69
17 70
17 74
17 77
17 79
17 80
17 83
17 87
17 88
17 92
17 93
17 95
17 97
17 98
17 100
17 101
17 102
17 103
17 106
17 110
17 111
17 114
17 115
17 117
17 119
17 120
17 124
17 127
17 128
17 130
17 134
17 135
17 137
17 138
17 139
17 143
17 146
17 148
18 20
18 23
18 24
18 25
18 27
18 29
18 35
18 37
18 40
18 43
18 46
18 47
18 49
18 52
18 54
18 56
18 57
18 59
18 61
18 64
18 66
18 69
18 72
18 73
18 74
18 75
18 81
18 89
18 91
18 93
18 95
18 96
18 98
18 102
18 106
18 113
18 119
18 122
18 123
18 124
18 126
18 128
18 134
18 138
18 142
18 149
19 20
19 22
19 24
19 27
19 29
19 30
19 34
19 36
19 37
19 38
19 41
19 42
19 46
19 47
19 48
19 49
19 50
19 54
19 62
19 66
19 68
19 74
19 80
19 81
19 86
19 90
19 92
19 94
19 95
19 100
19 102
19 105
19 112
19 113
19 114
19 115
19 116
19 117
19 118
19 121
19 123
19 126
19 133
19 136
19 138
19 144
19 145
19 146
20 25
20 27
20 34
20 36
20 40
20 42
20 43
20 45
20 53
20 54
20 56
20 59
20 64
20 65
20 69
20 72
20 74
20 78
20 79
20 80
20 81
20 86
20 88
20 91
20 93
20 94
20 95
20 96
20 97
20 99
20 102
20 105
20 106
20 110
20 115
20 116
20 117
20 118
20 119
20 120
20 122
20 123
20 126
20 129
20 130
20 134
20 136
20 139
20 143
20 144
20 145
20 147
21 27
21 28
21 32
21 35
21 38
21 44
21 45
21 46
21 47
21 51
21 54
21 57
21 58
21 59
21 60
21 62
21 64
21 65
21 66
21 71
21 73
21 76
21 79
21 83
21 84
21 87
21 91
21 92
21 100
21 103
21 104
21 105
21 107
21 111
21 112
21 113
21 120
21 133
21 134
21 137
21 139
21 141
21 143
21 146
21 147
21 149
22 25
22 28
22 29
22 31
22 33
22 34
22 36
22 38
22 40
22 42
22 43
22 45
22 48
22 49
22 50
22 51
22 54
22 57
22 58
22 61
22 62
22 64
22 71
22 72
22 74
22 77
22 82
22 83
22 84
22 85
22 87
22 89
22 90
22 94
22 95
22 96
22 100
22 101
22 102
22 106
22 107
22 109
22 110
22 112
22 113
22 118
22 122
22 123
22 124
22 125
22 126
22 127
22 131
22 132
22 133
22 138
22 144
22 146
23 26
23 27
23 29
23 30
23 33
23 37
23 38
23 39
23 40
23 45
23 47
23 51
23 53
23 55
23 58
23 60
23 61
23 67
23 70
23 86
23 92
23 95
23 96
23 99
23 100
23 102
23 105
23 114
23 117
23 118
23 119
23 124
23 128
23 132
23 134
23 135
23 139
23 140
23 145
23 149
24 28
24 29
24 31
24 37
24 38
24 40
24 42
24 47
24 48
24 49
24 50
24 52
24 61
24 63
24 66
24 68
24 72
24 74
24 76
24 78
24 80
24 84
24 85
24 87
24 90
24 93
24 95
24 98
24 99
24 100
24 106
24 108
24 113
24 114
24 119
24 121
24 122
24 123
24 125
24 126
24 130
24 133
24 137
24 143
24 145
24 146
24 147
24 149
25 28
25 30
25 33
25 35
25 37
25 39
25 40
25 44
25 45
25 46
25 47
25 48
25 50
25 51
25 54
25 55
25 57
25 59
25 66
25 67
25 71
25 73
25 75
25 76
25 78
25 81
25 83
25 84
25 88
25 89
25 92
25 98
25 101
25 107
25 110
25 112
25 113
25 114
25 118
25 119
25 124
25 125
25 129
25 131
25 134
25 137
25 139
25 140
25 142
25 144
26 33
26 36
26 37
26 40
26 42
26 43
26 46
26 47
26 48
26 55
26 56
26 57
26 60
26 62
26 65
26 66
26 67
26 74
26 77
26 79
26 81
26 82
26 84
26 85
26 87
26 88
26 90
26 91
26 92
26 94
26 95
26 96
26 98
26 100
26 102
26 104
26 108
26 109
26 110
26 111
26 116
26 117
26 120
26 122
26 127
26 128
26 130
26 133
26 136
26 137
26 140
26 142
26 143
26 146
26 148
26 149
27 29
27 30
27 31
27 37
27 38
27 39
27 44
27 47
27 48
27 49
27 51
27 52
27 55
27 59
27 60
27 61
27 62
27 64
27 66
27 67
27 72
27 74
27 77
27 79
27 80
27 104
27 106
27 108
27 114
27 116
27 118
27 120
27 121
27 123
27 125
27 126
27 128
27 134
27 137
27 141
27 143
27 144
27 149
28 29
28 31
28 32
28 36
28 39
28 43
28 45
28 48
28 51
28 53
28 54
28 57
28 58
28 59
28 64
28 65
28 66
28 73
28 75
28 77
28 79
28 82
28 86
28 87
28 90
28 93
28 96
28 98
28 100
28 101
28 106
28 108
28 109
28 111
28 112
28 113
28 117
28 119
28 121
28 122
28 127
28 129
28 130
28 133
28 141
28 145
28 146
29 36
29 39
29 41
29 43
29 44
29 48
29 50
29 51
29 54
29 56
29 57
29 58
29 61
29 64
29 69
29 70
29 74
29 75
29 76
29 77
29 80
29 81
29 85
29 90
29 94
29 96
29 97
29 104
29 105
29 106
29 109
29 110
29 115
29 116
29 117
29 119
29 120
29 122
29 123
29 125
29 126
29 127
29 128
29 129
29 130
29 131
29 132
29 135
29 136
29 138
29 139
29 144
29 145
29 146
29 149
30 36
30 37
30 40
30 44
30 46
30 49
30 51
30 53
30 54
30 56
30 57
30 59
30 62
30 63
30 66
30 67
30 68
30 69
30 71
30 72
30 74
30 75
30 82
30 88
30 89
30 90
30 94
30 95
30 100
30 101
30 104
30 105
30 108
30 123
30 132
30 135
30 140
30 141
30 146
30 148
31 33
31 34
31 36
31 37
31 41
31 44
31 51
31 54
31 55
31 56
31 57
31 58
31 60
31 62
31 66
31 68
31 71
31 72
31 78
31 83
31 84
31 86
31 88
31 89
31 95
31 96
31 97
31 98
31 100
31 103
31 111
31 112
31 114
31 115
31 116
31 118
31 120
31 122
31 123
31 127
31 128
31 129
31 130
31 131
31 132
31 133
31 135
31 137
31 139
31 142
31 144
31 147
32 33
32 34
32 35
32 38
32 40
32 42
32 43
32 45
32 48
32 49
32 55
32 57
32 58
32 63
32 65
32 66
32 68
32 69
32 71
32 77
32 79
32 81
32 84
32 88
32 91
32 93
32 94
32 99
32 100
32 101
32 102
32 104
32 106
32 107
32 113
32 114
32 117
32 118
32 123
32 126
32 127
32 128
32 131
32 136
32 141
32 144
32 145
32 148
33 34
33 37
33 38
33 40
33 41
33 42
33 45
33 46
33 49
33 55
33 57
33 59
33 63
33 64
33 68
33 70
33 72
33 73
33 75
33 78
33 81
33 83
33 84
33 85
33 89
33 92
33 93
33 94
33 96
33 98
33 100
33 102
33 103
33 107
33 108
33 111
33 113
33 114
33 119
33 121
33 126
33 127
33 128
33 131
33 132
33 133
33 134
33 137
33 138
33 139
33 140
33 141
33 143
33 145
33 146
33 148
34 35
34 36
34 41
34 43
34 44
34 48
34 50
34 52
34 57
34 59
34 60
34 64
34 65
34 66
34 68
34 69
34 70
34 72
34 74
34 79
34 80
34 81
34 83
34 85
34 88
34 90
34 95
34 96
34 98
34 99
34 101
34 104
34 105
34 109
34 114
34 115
34 117
34 124
34 128
34 136
34 138
34 140
34 143
34 146
34 147
35 36
35 37
35 40
35 41
35 43
35 44
35 53
35 57
35 62
35 63
35 64
35 65
35 67
35 68
35 70
35 71
35 73
35 75
35 76
35 77
35 78
35 81
35 82
35 85
35 86
35 89
35 91
35 94
35 96
35 97
35 106
35 107
35 108
35 109
35 113
35 116
35 117
35 119
35 120
35 126
35 127
35 129
35 130
35 131
35 132
35 136
35 137
35 146
35 148
36 40
36 42
36 44
36 45
36 46
36 47
36 48
36 51
36 53
36 56
36 57
36 60
36 62
36 63
36 64
36 65
36 66
36 72
36 74
36 81
36 83
36 86
36 90
36 100
36 103
36 105
36 109
36 110
36 112
36 114
36 116
36 117
36 118
36 119
36 120
36 122
36 123
36 126
36 127
36 133
36 135
36 139
36 141
36 143
36 144
36 148
37 40
37 42
37 43
37 48
37 51
37 52
37 53
37 56
37 57
37 58
37 61
37 63
37 64
37 66
37 67
37 68
37 69
37 70
37 72
37 75
37 78
37 82
37 83
37 85
37 89
37 90
37 92
37 95
37 99
37 100
37 103
37 114
37 121
37 123
37 124
37 129
37 133
37 134
37 138
37 140
37 144
37 146
38 39
38 42
38 43
38 46
38 57
38 59
38 62
38 64
38 70
38 72
38 73
38 74
38 75
38 81
38 82
38 84
38 86
38 87
38 88
38 90
38 92
38 97
38 104
38 108
38 111
38 112
38 113
38 115
38 117
38 122
38 125
38 127
38 132
38 138
38 141
39 42
39 46
39 49
39 50
39 54
39 55
39 58
39 60
39 61
39 62
39 63
39 66
39 72
39 74
39 75
39 76
39 77
39 79
39 80
39 83
39 86
39 91
39 93
39 94
39 96
39 97
39 98
39 100
39 101
39 104
39 107
39 108
39 109
39 111
39 118
39 119
39 120
39 122
39 123
39 124
39 125
39 128
39 131
39 134
39 137
39 138
39 141
39 142
39 143
39 147
40 42
40 45
40 47
40 49
40 52
40 55
40 58
40 59
40 66
40 67
40 69
40 70
40 72
40 75
40 76
40 80
40 82
40 84
40 85
40 86
40 88
40 89
40 92
40 93
40 99
40 100
40 101
40 108
40 111
40 112
40 113
40 114
40 115
40 116
40 122
40 123
40 125
40 126
40 127
40 128
40 130
40 132
40 136
40 137
40 142
40 143
40 144
40 148
41 51
41 52
41 53
41 56
41 57
41 59
41 60
41 61
41 63
41 64
41 65
41 71
41 76
41 87
41 88
41 89
41 90
41 91
41 92
41 93
41 96
41 99
41 101
41 102
41 105
41 116
41 118
41 120
41 122
41 123
41 124
41 130
41 131
41 133
41 138
41 143
41 144
41 146
42 43
42 48
42 49
42 50
42 51
42 52
42 53
42 54
42 55
42 58
42 59
42 61
42 64
42 69
42 71
42 72
42 76
42 79
42 81
42 83
42 85
42 86
42 88
42 93
42 95
42 96
42 97
42 98
42 99
42 101
42 104
42 106
42 110
42 111
42 113
42 115
42 116
42 118
42 119
42 120
42 126
42 127
42 128
42 135
42 139
42 140
42 141
42 147
42 148
43 44
43 48
43 49
43 52
43 55
43 56
43 59
43 62
43 70
43 74
43 78
43 85
43 88
43 90
43 97
43 100
43 103
43 104
43 110
43 113
43 115
43 120
43 122
43 126
43 128
43 129
43 132
43 134
43 135
43 140
43 141
43 143
43 144
43 147
43 148
44 45
44 50
44 52
44 53
44 56
44 59
44 60
44 61
44 63
44 65
44 66
44 69
44 70
44 72
44 73
44 77
44 78
44 79
44 80
44 81
44 82
44 87
44 90
44 91
44 94
44 98
44 99
44 100
44 101
44 104
44 106
44 107
44 113
44 121
44 122
44 128
44 129
44 131
44 132
44 135
44 137
44 138
44 143
44 144
44 148
44 149
45 48
45 49
45 50
45 51
45 52
45 54
45 61
45 64
45 65
45 67
45 71
45 72
45 75
45 80
45 81
45 82
45 83
45 86
45 87
45 91
45 95
45 100
45 102
45 104
45 112
45 113
45 118
45 120
45 123
45 126
45 130
45 133
45 137
45 144
45 145
46 47
46 48
46 50
46 52
46 53
46 57
46 58
46 60
46 64
46 66
46 69
46 71
46 72
46 78
46 80
46 81
46 82
46 83
46 85
46 86
46 88
46 89
46 92
46 93
46 95
46 100
46 103
46 105
46 108
46 109
46 111
46 112
46 117
46 118
46 119
46 120
46 126
46 128
46 129
46 130
46 132
46 136
46 141
46 142
46 143
46 148
47 48
47 52
47 53
47 66
47 67
47 70
47 71
47 76
47 82
47 84
47 86
47 87
47 92
47 94
47 95
47 96
47 97
47 98
47 102
47 103
47 104
47 106
47 107
47 110
47 111
47 114
47 115
47 116
47 119
47 120
47 122
47 125
47 128
47 133
47 134
47 135
47 136
47 138
47 140
47 143
47 144
47 145
47 146
48 49
48 52
48 53
48 55
48 56
48 57
48 60
48 66
48 68
48 70
48 71
48 73
48 74
48 79
48 81
48 82
48 83
48 84
48 87
48 88
48 90
48 91
48 93
48 95
48 98
48 101
48 103
48 104
48 105
48 106
48 108
48 110
48 114
48 115
48 118
48 119
48 120
48 122
48 129
48 130
48 136
48 137
48 138
48 140
48 141
48 145
48 147
48 148
49 51
49 52
49 53
49 55
49 61
49 62
49 63
49 67
49 70
49 73
49 76
49 78
49 79
49 81
49 84
49 86
49 87
49 94
49 95
49 97
49 101
49 105
49 107
49 110
49 111
49 113
49 114
49 120
49 123
49 127
49 133
49 138
49 139
49 141
49 143
49 146
49 149
50 51
50 52
50 53
50 59
50 61
50 66
50 67
50 68
50 69
50 73
50 74
50 79
50 80
50 81
50 82
50 83
50 84
50 89
50 91
50 92
50 95
50 96
50 101
50 103
50 110
50 112
50 118
50 119
50 120
50 124
50 125
50 130
50 131
50 138
50 140
50 145
50 146
50 148
50 149
51 52
51 53
51 55
51 56
51 58
51 61
51 64
51 70
51 71
51 74
51 76
51 77
51 80
51 83
51 87
51 92
51 93
51 96
51 97
51 99
51 100
51 105
51 106
51 108
51 109
51 111
51 112
51 116
51 121
51 125
51 127
51 130
51 132
51 133
51 136
51 139
51 142
52 53
52 54
52 58
52 59
52 61
52 63
52 64
52 65
52 67
52 68
52 69
52 73
52 77
52 78
52 82
52 83
52 85
52 87
52 90
52 94
52 95
52 101
52 107
52 109
52 110
52 118
52 120
52 121
52 127
52 133
52 134
52 135
52 139
52 144
52 145
52 149
53 55
53 57
53 60
53 66
53 68
53 75
53 77
53 78
53 82
53 84
53 88
53 90
53 94
53 95
53 96
53 98
53 100
53 103
53 104
53 105
53 106
53 107
53 111
53 115
53 116
53 119
53 123
53 127
53 128
53 130
53 132
53 133
53 136
53 138
53 141
53 144
53 146
53 148
54 58
54 59
54 61
54 62
54 65
54 67
54 75
54 77
54 78
54 80
54 84
54 88
54 90
54 94
54 96
54 97
54 98
54 100
54 102
54 104
54 105
54 112
54 115
54 122
54 123
54 124
54 126
54 129
54 135
54 136
54 139
54 143
54 144
54 145
54 147
54 148
54 149
55 56
55 57
55 61
55 70
55 73
55 82
55 83
55 84
55 89
55 90
55 92
55 95
55 96
55 98
55 100
55 102
55 104
55 105
55 106
55 107
55 108
55 110
55 115
55 116
55 118
55 121
55 122
55 123
55 125
55 126
55 128
55 129
55 130
55 133
55 134
55 139
55 140
55 146
55 147
55 149
56 57
56 59
56 61
56 64
56 66
56 68
56 69
56 70
56 71
56 75
56 83
56 84
56 86
56 88
56 89
56 91
56 94
56 95
56 97
56 101
56 104
56 108
56 112
56 115
56 117
56 119
56 121
56 122
56 124
56 126
56 128
56 129
56 130
56 132
56 133
56 136
56 141
56 142
56 147
57 58
57 62
57 65
57 66
57 72
57 79
57 82
57 83
57 84
57 86
57 90
57 100
57 101
57 102
57 103
57 108
57 116
57 117
57 120
57 125
57 127
57 128
57 131
57 132
57 133
57 134
57 137
57 141
58 61
58 65
58 66
58 68
58 71
58 73
58 75
58 78
58 81
58 82
58 90
58 91
58 95
58 96
58 98
58 106
58 111
58 114
58 115
58 116
58 119
58 120
58 123
58 124
58 125
58 127
58 129
58 136
58 137
58 138
58 142
58 143
58 145
58 146
58 148
58 149
59 60
59 63
59 64
59 65
59 66
59 68
59 69
59 70
59 73
59 76
59 80
59 81
59 84
59 87
59 96
59 98
59 99
59 102
59 103
59 107
59 109
59 112
59 113
59 114
59 116
59 124
59 127
59 128
59 129
59 132
59 144
59 145
59 148
59 149
60 61
60 65
60 66
60 69
60 70
60 72
60 82
60 85
60 87
60 89
60 94
60 95
60 98
60 99
60 103
60 105
60 106
60 108
60 110
60 111
60 113
60 118
60 119
60 124
60 128
60 131
60 132
60 137
60 142
60 145
60 147
60 148
61 62
61 67
61 72
61 73
61 76
61 78
61 80
61 83
61 84
61 93
61 96
61 98
61 100
61 104
61 105
61 107
61 108
61 110
61 111
61 113
61 115
61 117
61 121
61 123
61 126
61 128
61 129
61 130
61 134
61 135
61 139
61 142
61 144
61 148
62 63
62 67
62 68
62 70
62 73
62 75
62 79
62 80
62 81
62 83
62 84
62 85
62 90
62 93
62 95
62 97
62 102
62 104
62 105
62 106
62 108
62 109
62 112
62 113
62 116
62 117
62 118
62 124
62 126
62 127
62 129
62 132
62 134
62 140
62 141
62 146
63 64
63 67
63 70
63 73
63 74
63 77
63 81
63 85
63 87
63 88
63 89
63 90
63 92
63 93
63 94
63 96
63 97
63 101
63 104
63 105
63 106
63 109
63 111
63 113
63 118
63 121
63 125
63 126
63 128
63 132
63 135
63 137
63 138
63 141
63 146
63 147
63 149
64 66
64 67
64 70
64 73
64 80
64 87
64 88
64 90
64 93
64 98
64 99
64 101
64 104
64 105
64 107
64 109
64 112
64 114
64 119
64 126
64 129
64 130
64 131
64 135
64 138
64 139
64 140
64 145
64 147
64 148
64 149
65 70
65 72
65 75
65 76
65 78
65 86
65 92
65 93
65 97
65 99
65 100
65 103
65 105
65 109
65 110
65 114
65 115
65 116
65 123
65 124
65 125
65 126
65 129
65 130
65 131
65 133
65 136
65 139
65 140
65 143
65 145
65 146
66 69
66 71
66 72
66 73
66 82
66 85
66 86
66 91
66 96
66 98
66 103
66 104
66 107
66 114
66 115
66 117
66 122
66 123
66 126
66 127
66 130
66 132
66 136
66 138
66 140
66 141
66 142
66 143
66 144
66 146
66 149
67 68
67 72
67 73
67 74
67 75
67 79
67 80
67 84
67 92
67 93
67 94
67 95
67 96
67 100
67 101
67 105
67 106
67 110
67 112
67 114
67 118
67 125
67 129
67 132
67 133
67 134
67 135
67 137
67 144
67 148
68 73
68 76
68 78
68 79
68 86
68 87
68 91
68 93
68 95
68 96
68 99
68 100
68 101
68 102
68 103
68 104
68 106
68 107
68 108
68 109
68 110
68 111
68 114
68 117
68 118
68 119
68 120
68 124
68 126
68 127
68 136
68 142
68 143
68 144
69 70
69 72
69 73
69 76
69 77
69 78
69 81
69 84
69 85
69 86
69 87
69 89
69 90
69 92
69 101
69 107
69 108
69 110
69 112
69 113
69 114
69 118
69 124
69 126
69 129
69 130
69 132
69 135
69 136
69 137
69 140
69 142
69 143
69 144
69 147
69 149
70 72
70 73
70 75
70 77
70 78
70 79
70 81
70 82
70 84
70 89
70 91
70 92
70 97
70 101
70 102
70 103
70 105
70 107
70 108
70 109
70 111
70 120
70 123
70 126
70 130
70 132
70 134
70 136
70 138
70 143
70 144
70 146
71 73
71 75
71 79
71 80
71 82
71 84
71 85
71 86
71 91
71 92
71 94
71 95
71 96
71 97
71 98
71 99
71 101
71 105
71 110
71 111
71 112
71 114
71 116
71 117
71 118
71 119
71 121
71 125
71 126
71 132
71 135
71 137
71 138
72 77
72 80
72 83
72 85
72 86
72 92
72 93
72 97
72 98
72 100
72 103
72 104
72 106
72 110
72 111
72 112
72 116
72 117
72 118
72 123
72 125
72 126
72 127
72 128
72 130
72 133
72 135
72 139
72 140
72 141
72 145
72 148
72 149
73 78
73 80
73 81
73 82
73 83
73 85
73 89
73 91
73 92
73 110
73 113
73 114
73 117
73 119
73 121
73 122
73 125
73 126
73 127
73 134
73 140
73 141
73 142
73 143
73 145
73 148
74 78
74 85
74 89
74 90
74 92
74 94
74 98
74 106
74 107
74 108
74 110
74 112
74 116
74 121
74 122
74 123
74 125
74 128
74 129
74 135
74 136
74 138
74 140
74 141
74 143
74 144
74 148
74 149
75 84
75 85
75 87
75 89
75 91
75 92
75 94
75 95
75 97
75 98
75 99
75 100
75 104
75 110
75 114
75 122
75 126
75 128
75 133
75 136
75 140
75 141
75 143
75 145
75 147
75 148
76 81
76 88
76 89
76 91
76 92
76 95
76 96
76 100
76 102
76 105
76 106
76 108
76 109
76 110
76 111
76 117
76 119
76 122
76 123
76 125
76 127
76 129
76 131
76 134
76 135
76 136
76 140
76 142
76 145
76 148
76 149
77 78
77 79
77 83
77 87
77 89
77 96
77 98
77 103
77 108
77 109
77 110
77 111
77 114
77 115
77 120
77 124
77 129
77 131
77 133
77 137
77 138
77 141
77 142
77 143
77 144
77 145
77 147
77 149
78 79
78 80
78 87
78 93
78 97
78 99
78 103
78 104
78 106
78 108
78 109
78 110
78 116
78 117
78 118
78 124
78 127
78 130
78 132
78 134
78 135
78 140
78 141
78 142
78 144
78 145
78 146
78 147
78 148
79 81
79 84
79 87
79 89
79 94
79 99
79 100
79 104
79 105
79 106
79 110
79 111
79 112
79 114
79 115
79 116
79 117
79 119
79 122
79 124
79 125
79 126
79 129
79 130
79 132
79 136
79 141
79 144
79 147
79 148
80 82
80 83
80 88
80 90
80 92
80 93
80 94
80 95
80 96
80 98
80 99
80 100
80 102
80 103
80 107
80 108
80 110
80 118
80 120
80 122
80 124
80 125
80 128
80 129
80 131
80 132
80 133
80 134
80 136
80 141
80 142
80 144
81 82
81 84
81 85
81 86
81 87
81 88
81 91
81 93
81 94
81 95
81 96
81 97
81 100
81 102
81 104
81 109
81 111
81 115
81 121
81 122
81 124
81 127
81 128
81 135
81 138
81 139
81 140
81 141
81 142
81 143
81 147
81 148
81 149
82 85
82 86
82 88
82 89
82 97
82 101
82 102
82 104
82 107
82 110
82 113
82 122
82 124
82 128
82 131
82 133
82 135
82 137
82 139
82 146
82 147
82 149
83 88
83 89
83 95
83 98
83 99
83 100
83 108
83 110
83 119
83 120
83 122
83 126
83 127
83 129
83 130
83 131
83 132
83 135
83 136
83 141
83 144
83 147
84 87
84 90
84 93
84 94
84 97
84 99
84 103
84 104
84 105
84 106
84 108
84 109
84 114
84 116
84 119
84 120
84 121
84 122
84 123
84 124
84 125
84 126
84 127
84 128
84 133
84 138
84 139
84 140
84 148
84 149
85 86
85 87
85 89
85 92
85 96
85 97
85 99
85 103
85 104
85 105
85 107
85 108
85 109
85 116
85 122
85 124
85 125
85 126
85 128
85 134
85 135
85 137
85 141
85 142
85 143
85 144
85 145
85 146
86 92
86 96
86 98
86 101
86 103
86 106
86 108
86 112
86 115
86 117
86 118
86 119
86 125
86 127
86 128
86 129
86 130
86 131
86 134
86 135
86 136
86 138
86 141
86 142
86 144
86 147
86 148
87 90
87 93
87 95
87 98
87 99
87 100
87 102
87 103
87 105
87 106
87 108
87 111
87 116
87 117
87 120
87 126
87 127
87 130
87 131
87 133
87 135
87 145
87 146
87 147
87 148
88 90
88 91
88 92
88 94
88 96
88 100
88 101
88 103
88 104
88 105
88 107
88 110
88 113
88 114
88 116
88 117
88 118
88 122
88 124
88 137
88 140
88 142
88 143
88 144
88 148
88 149
89 93
89 95
89 96
89 98
89 102
89 104
89 108
89 109
89 112
89 113
89 114
89 117
89 118
89 120
89 124
89 126
89 131
89 135
89 138
89 142
89 143
89 144
89 146
89 149
90 92
90 93
90 98
90 101
90 106
90 110
90 111
90 116
90 118
90 119
90 120
90 122
90 123
90 125
90 126
90 128
90 134
90 141
90 142
90 143
90 148
91 92
91 93
91 94
91 97
91 100
91 103
91 104
91 109
91 110
91 114
91 115
91 117
91 123
91 126
91 131
91 141
91 142
91 143
91 144
91 148
91 149
92 93
92 95
92 97
92 99
92 102
92 108
92 110
92 111
92 113
92 115
92 118
92 120
92 121
92 123
92 126
92 127
92 130
92 132
92 133
92 136
92 137
92 142
92 146
92 149
93 96
93 98
93 99
93 101
93 103
93 108
93 112
93 114
93 116
93 118
93 123
93 125
93 127
93 129
93 130
93 131
93 132
93 137
93 138
93 139
93 142
93 143
93 147
93 148
94 95
94 99
94 100
94 101
94 106
94 108
94 110
94 114
94 115
94 116
94 118
94 124
94 127
94 128
94 131
94 133
94 134
94 135
94 136
94 138
94 140
94 141
94 142
94 143
94 144
94 146
94 147
95 96
95 100
95 104
95 106
95 107
95 108
95 111
95 112
95 113
95 116
95 117
95 118
95 119
95 120
95 125
95 126
95 131
95 134
95 137
95 138
95 139
95 141
95 142
95 144
95 145
95 147
95 149
96 97
96 99
96 102
96 104
96 105
96 106
96 108
96 112
96 113
96 114
96 115
96 118
96 123
96 124
96 125
96 126
96 129
96 130
96 132
96 134
96 135
96 136
96 138
96 139
96 140
96 144
96 145
96 147
96 148
96 149
97 100
97 102
97 104
97 106
97 107
97 109
97 113
97 119
97 124
97 126
97 127
97 129
97 132
97 137
97 139
97 146
97 148
98 100
98 102
98 104
98 107
98 113
98 116
98 120
98 121
98 132
98 133
98 136
98 145
98 146
99 100
99 104
99 107
99 114
99 117
99 118
99 120
99 124
99 127
99 131
99 134
99 135
99 139
99 140
99 145
99 149
100 103
100 113
100 116
100 119
100 124
100 127
100 128
100 129
100 131
100 143
100 144
100 146
101 104
101 108
101 109
101 115
101 117
101 123
101 133
101 136
101 138
101 142
101 144
101 146
101 149
102 104
102 106
102 107
102 109
102 114
102 115
102 120
102 121
102 122
102 124
102 130
102 132
102 133
102 134
102 138
102 141
102 143
102 144
102 146
103 105
103 106
103 107
103 109
103 110
103 111
103 115
103 116
103 117
103 118
103 119
103 121
103 125
103 126
103 127
103 132
103 134
103 137
103 143
103 146
103 148
103 149
104 106
104 110
104 113
104 114
104 117
104 119
104 120
104 121
104 123
104 125
104 129
104 132
104 134
104 137
104 143
104 144
104 146
105 107
105 113
105 119
105 120
105 121
105 124
105 136
105 138
105 139
105 142
105 146
105 149
106 107
106 109
106 110
106 112
106 113
106 114
106 119
106 120
106 121
106 127
106 128
106 132
106 136
106 137
106 139
106 142
106 144
106 146
107 109
107 111
107 119
107 130
107 138
107 141
107 143
107 144
107 147
108 109
108 110
108 112
108 113
108 119
108 120
108 122
108 124
108 130
108 131
108 132
108 133
108 134
108 135
108 136
108 139
108 140
108 145
108 147
108 149
109 111
109 113
109 114
109 117
109 119
109 122
109 123
109 125
109 129
109 133
109 134
109 135
109 136
109 138
109 141
109 142
109 146
109 147
109 149
110 112
110 113
110 117
110 118
110 119
110 120
110 121
110 124
110 125
110 126
110 127
110 128
110 130
110 133
110 134
110 135
110 139
110 140
110 141
110 142
110 147
110 149
111 116
111 121
111 123
111 129
111 130
111 133
111 139
111 147
111 148
112 117
112 126
112 129
112 131
112 135
112 138
112 142
112 147
112 148
113 119
113 120
113 125
113 127
113 131
113 132
113 137
113 139
114 115
114 117
114 121
114 124
114 126
114 127
114 130
114 132
114 133
114 135
114 138
114 139
114 140
114 144
114 146
114 148
114 149
115 117
115 118
115 122
115 125
115 126
115 129
115 138
115 140
115 142
115 143
115 145
115 146
115 149
116 117
116 119
116 121
116 124
116 125
116 126
116 129
116 131
116 132
116 134
116 136
116 142
116 143
116 144
116 145
116 147
117 120
117 122
117 123
117 127
117 128
117 130
117 132
117 133
117 134
117 137
117 143
117 144
117 145
117 147
117 148
117 149
118 122
118 127
118 133
118 134
118 135
118 137
118 138
118 140
118 142
118 144
118 145
118 146
119 120
119 122
119 124
119 127
119 128
119 130
119 134
119 139
119 140
119 142
119 144
120 121
120 125
120 126
120 129
120 132
120 134
120 135
120 142
120 143
120 144
121 122
121 124
121 125
121 126
121 128
121 129
121 130
121 132
121 133
121 137
121 138
121 139
121 140
121 142
121 143
121 144
121 145
121 148
122 127
122 128
122 137
122 138
122 139
122 144
122 145
122 146
122 149
123 141
123 143
123 144
123 148
124 125
124 129
124 131
124 133
124 134
124 138
124 142
124 144
124 148
125 126
125 129
125 133
125 134
125 135
125 139
125 141
125 143
125 145
125 146
125 149
126 130
126 131
126 133
126 134
126 147
126 149
127 129
127 131
127 132
127 133
127 134
127 136
127 137
127 138
127 139
127 140
127 141
127 142
127 143
127 144
127 146
128 131
128 135
128 137
128 140
128 141
129 130
129 132
129 135
129 136
129 137
129 138
129 140
129 142
130 131
130 133
130 134
130 137
130 148
131 132
131 134
131 135
131 136
131 137
131 143
131 149
132 134
132 136
132 138
132 141
132 142
132 146
132 147
132 149
133 134
133 139
133 142
133 143
133 145
133 147
133 149
134 138
134 139
134 141
134 142
135 137
135 139
135 140
135 141
135 145
135 146
135 147
135 148
136 141
136 143
136 144
136 145
136 147
136 149
137 138
137 139
137 140
137 141
137 143
137 145
138 140
138 142
138 143
138 149
139 142
139 149
140 142
140 143
140 146
141 143
141 144
141 147
142 143
142 145
142 146
142 148
142 149
143 147
143 148
143 149
144 145
146 147
146 149
147 148
147 149
148 149
