100 2826
100 46
33 21
48 28
90 95
77 43
74 18
41 76
82 99
25 98
72 34
24 56
56 17
12 43
54 98
25 100
27 28
86 10
88 94
80 30
36 21
19 64
14 83
96 46
33 84
78 31
58 62
87 53
93 28
51 96
25 90
58 32
100 82
94 44
63 45
66 67
52 65
67 50
84 72
55 72
47 24
94 34
47 80
21 49
48 95
52 88
38 27
40 10
17 45
97 58
74 80
84 12
48 30
44 75
62 88
27 49
94 45
18 44
62 70
62 56
45 14
60 93
99 93
53 23
57 83
89 55
57 61
85 83
80 84
23 78
18 79
62 72
46 90
25 19
84 41
39 43
43 59
65 66
86 46
70 38
53 43
73 99
84 84
61 37
37 97
33 96
42 19
53 33
75 27
41 79
26 27
57 14
46 32
29 97
90 49
22 96
14 42
64 21
41 69
38 49
60 43
921
0 4
0 6
0 7
0 9
0 13
0 36
0 47
0 48
0 49
0 51
0 53
0 55
0 57
0 59
0 62
0 68
0 79
0 81
0 86
0 88
0 91
0 98
1 2
1 12
1 23
1 33
1 38
1 41
1 44
1 63
1 69
1 80
1 87
1 94
1 95
2 5
2 9
2 14
2 15
2 35
2 39
2 41
2 42
2 48
2 49
2 52
2 62
2 66
2 69
2 72
2 73
2 80
2 81
2 88
2 97
2 98
3 13
3 19
3 26
3 29
3 32
3 54
3 55
3 57
3 59
3 65
3 77
3 82
3 91
3 92
3 95
4 6
4 18
4 43
4 50
4 64
4 66
4 75
4 79
4 86
4 99
5 8
5 13
5 19
5 28
5 32
5 34
5 37
5 39
5 40
5 41
5 50
5 71
5 79
5 82
5 85
5 97
6 8
6 13
6 19
6 23
6 25
6 30
6 56
6 64
6 65
6 70
6 79
6 85
6 90
6 95
7 16
7 17
7 22
7 39
7 40
7 41
7 42
7 47
7 52
7 59
7 60
7 84
7 85
7 86
7 93
7 95
8 10
8 18
8 20
8 21
8 32
8 34
8 44
8 45
8 47
8 48
8 53
8 76
8 85
8 95
9 12
9 13
9 18
9 21
9 24
9 29
9 38
9 51
9 70
9 87
9 90
9 98
9 99
10 11
10 14
10 27
10 35
10 36
10 37
10 38
10 43
10 46
10 47
10 49
10 61
10 66
10 70
10 72
10 77
10 78
10 79
10 82
10 93
11 19
11 20
11 23
11 26
11 32
11 34
11 38
11 41
11 42
11 44
11 47
11 48
11 52
11 53
11 62
11 67
11 69
11 70
11 78
11 90
11 96
12 16
12 18
12 20
12 21
12 37
12 39
12 46
12 47
12 49
12 55
12 57
12 65
12 66
12 70
12 79
12 84
13 17
13 24
13 26
13 27
13 33
13 45
13 46
13 60
13 61
13 66
13 71
13 73
13 81
13 88
13 93
13 97
14 15
14 21
14 26
14 31
14 32
14 33
14 36
14 44
14 56
14 59
14 62
14 69
14 81
14 82
14 85
14 86
14 87
14 88
14 95
14 97
14 99
15 16
15 17
15 21
15 24
15 36
15 43
15 44
15 47
15 51
15 61
15 65
15 69
15 75
15 78
15 84
15 91
15 93
15 98
16 17
16 30
16 36
16 54
16 56
16 67
16 69
16 72
16 75
16 90
16 92
17 18
17 20
17 47
17 50
17 54
17 57
17 67
17 77
17 78
17 86
17 90
17 91
17 92
17 98
18 19
18 25
18 27
18 30
18 33
18 37
18 38
18 52
18 53
18 55
18 56
18 59
18 62
18 63
18 67
18 70
18 78
18 85
18 87
18 96
19 28
19 35
19 64
19 66
19 75
19 82
19 87
19 95
20 23
20 24
20 28
20 29
20 31
20 34
20 40
20 41
20 47
20 49
20 52
20 55
20 58
20 60
20 69
20 70
20 72
20 79
20 80
20 87
20 90
20 92
20 99
21 27
21 28
21 32
21 45
21 47
21 49
21 51
21 53
21 58
21 65
21 69
21 82
21 91
21 94
21 96
22 23
22 30
22 32
22 33
22 46
22 49
22 54
22 56
22 57
22 60
22 63
22 65
22 79
22 81
22 89
22 90
22 92
22 94
23 33
23 42
23 45
23 54
23 59
23 81
23 88
23 90
23 93
23 97
24 30
24 31
24 39
24 42
24 46
24 47
24 53
24 56
24 58
24 60
24 66
24 76
24 84
24 88
24 91
24 92
24 96
24 97
24 98
25 27
25 43
25 44
25 50
25 63
25 81
25 86
25 87
25 96
25 97
26 30
26 56
26 57
26 59
26 65
26 67
26 69
26 73
26 78
26 91
26 94
26 97
27 28
27 30
27 35
27 37
27 52
27 60
27 65
27 68
27 72
27 75
27 79
27 83
27 85
27 88
27 89
27 92
27 99
28 29
28 30
28 34
28 36
28 40
28 41
28 48
28 56
28 62
28 66
28 72
28 75
28 78
28 79
28 80
28 88
28 91
28 92
28 96
29 31
29 33
29 34
29 35
29 37
29 39
29 47
29 54
29 59
29 72
29 76
29 81
29 85
29 90
29 95
29 96
29 99
30 31
30 33
30 35
30 39
30 45
30 54
30 71
30 82
30 90
30 99
31 35
31 36
31 37
31 44
31 49
31 51
31 54
31 55
31 56
31 67
31 71
31 74
31 77
31 78
31 86
31 88
31 93
31 94
32 35
32 45
32 52
32 54
32 61
32 66
32 78
32 79
32 81
32 83
32 94
33 36
33 37
33 38
33 45
33 46
33 49
33 52
33 55
33 57
33 66
33 71
33 73
33 79
33 87
33 89
33 90
33 95
33 96
34 35
34 36
34 37
34 40
34 50
34 53
34 57
34 72
34 79
34 82
34 88
34 90
34 93
35 38
35 39
35 44
35 45
35 60
35 61
35 64
35 66
35 68
35 83
35 84
35 96
35 97
36 39
36 42
36 51
36 62
36 64
36 71
36 78
36 81
36 84
36 88
36 89
36 90
36 94
37 44
37 49
37 62
37 68
37 74
37 78
37 80
37 90
38 46
38 55
38 57
38 58
38 61
38 62
38 69
38 77
38 78
38 84
38 86
38 89
38 99
39 47
39 48
39 52
39 53
39 78
39 88
39 92
39 93
39 96
39 98
40 44
40 56
40 62
40 66
40 68
40 76
40 77
40 79
40 90
40 96
41 45
41 46
41 47
41 54
41 64
41 65
41 75
41 88
41 91
41 94
41 95
41 98
42 46
42 69
42 76
42 77
42 80
42 82
42 89
42 98
43 44
43 48
43 51
43 56
43 61
43 62
43 67
43 68
43 71
43 80
43 87
43 89
43 90
44 47
44 51
44 59
44 77
44 83
44 89
44 90
44 92
44 97
44 99
45 51
45 58
45 60
45 67
45 75
45 76
45 83
45 84
45 89
45 92
45 95
46 47
46 59
46 60
46 61
46 73
46 83
46 86
46 91
46 97
46 98
47 55
47 64
47 67
47 75
47 81
47 84
47 85
47 90
47 92
47 93
47 98
48 50
48 59
48 74
48 78
48 86
49 53
49 54
49 64
49 70
49 76
49 77
49 82
49 89
49 96
50 54
50 73
50 75
50 77
50 83
50 86
50 88
50 89
50 90
50 91
51 53
51 54
51 65
51 76
51 81
51 86
51 91
51 94
51 98
52 64
52 67
52 69
52 75
52 76
52 87
52 89
52 92
53 61
53 66
53 79
53 94
53 95
53 96
54 56
54 63
54 64
54 73
54 78
54 87
54 96
54 98
55 76
55 79
56 58
56 67
56 71
56 72
56 73
56 91
56 92
56 95
56 98
57 61
57 72
57 83
57 89
57 94
57 98
58 60
58 63
58 64
58 71
58 72
58 74
58 82
58 86
58 88
58 91
59 60
59 61
59 75
59 84
59 93
59 97
59 98
60 68
60 70
60 72
60 74
60 77
60 78
60 79
60 96
61 65
61 66
61 68
61 70
61 71
61 74
61 78
61 79
61 92
61 94
62 64
62 67
62 69
62 85
62 92
62 99
63 73
63 74
63 84
63 86
63 87
63 89
63 92
63 96
64 66
64 71
64 78
64 91
64 94
65 67
65 70
65 73
65 76
65 77
65 78
65 97
66 72
66 75
66 90
66 92
66 93
66 98
67 69
67 70
67 73
67 74
67 80
67 88
67 90
68 70
68 80
68 84
68 87
68 90
68 91
69 81
69 83
69 96
70 72
70 76
70 80
70 83
70 90
70 91
71 73
71 74
71 75
71 81
71 87
71 89
71 98
72 75
72 78
72 86
72 90
72 94
73 85
73 88
73 93
73 95
73 97
73 98
74 85
74 89
75 95
75 97
76 77
76 83
76 88
76 91
76 96
77 80
77 85
77 88
77 90
78 84
78 89
78 93
79 80
79 81
79 82
79 83
80 82
80 83
80 84
80 97
81 90
81 96
82 83
82 86
82 91
82 94
82 97
83 85
83 89
83 94
83 97
84 86
84 87
84 89
84 90
85 95
85 98
85 99
86 88
86 89
86 97
87 88
87 96
88 94
89 97
92 93
97 98
