100 2716
94 35
59 15
70 96
33 90
87 97
21 14
42 33
52 37
32 100
76 21
28 65
85 83
29 37
73 22
10 51
48 50
31 79
62 49
82 75
64 30
84 89
63 72
95 88
91 39
51 64
33 45
44 33
92 19
65 31
29 27
10 22
67 98
34 10
11 35
71 22
56 22
82 33
51 21
92 68
34 89
37 50
74 71
18 37
19 67
80 33
21 78
89 56
93 67
23 88
20 94
18 36
92 56
42 98
45 75
95 62
54 97
62 18
35 26
91 63
56 54
75 96
100 44
90 23
59 78
46 22
82 98
69 50
90 47
66 24
71 10
33 25
62 13
17 57
68 38
15 94
60 52
70 91
74 10
54 81
83 80
92 81
14 60
38 87
22 37
77 10
85 65
45 42
35 15
90 72
33 95
64 69
24 89
22 68
29 54
62 80
50 73
86 49
31 31
49 74
77 16
2010
0 5
0 6
0 9
0 10
0 13
0 18
0 20
0 23
0 24
0 27
0 31
0 33
0 36
0 39
0 40
0 42
0 46
0 50
0 55
0 61
0 63
0 65
0 67
0 68
0 70
0 71
0 73
0 74
0 76
0 77
0 78
0 79
0 80
0 82
0 83
0 84
0 86
0 87
0 90
0 93
0 94
0 99
1 3
1 4
1 6
1 12
1 14
1 15
1 20
1 24
1 25
1 26
1 30
1 31
1 34
1 43
1 44
1 45
1 46
1 48
1 54
1 57
1 59
1 60
1 62
1 66
1 68
1 69
1 71
1 72
1 75
1 78
1 79
1 80
1 81
1 84
1 90
1 92
1 94
1 98
2 6
2 7
2 13
2 14
2 19
2 20
2 24
2 25
2 27
2 32
2 35
2 37
2 38
2 42
2 43
2 46
2 47
2 51
2 53
2 56
2 60
2 67
2 69
2 70
2 77
2 78
2 79
2 83
2 92
2 95
3 4
3 5
3 9
3 12
3 13
3 14
3 16
3 17
3 20
3 24
3 27
3 28
3 30
3 31
3 32
3 33
3 37
3 38
3 39
3 41
3 44
3 45
3 46
3 49
3 50
3 51
3 52
3 54
3 55
3 57
3 59
3 60
3 61
3 62
3 64
3 70
3 74
3 81
3 83
3 88
3 95
3 98
4 5
4 7
4 13
4 14
4 17
4 20
4 25
4 27
4 28
4 31
4 32
4 34
4 36
4 37
4 42
4 44
4 50
4 56
4 58
4 66
4 69
4 79
4 83
4 86
4 87
4 88
4 89
4 90
4 91
4 93
4 96
5 9
5 10
5 11
5 14
5 18
5 20
5 23
5 27
5 34
5 35
5 36
5 41
5 46
5 47
5 48
5 49
5 53
5 54
5 56
5 57
5 58
5 67
5 70
5 74
5 76
5 77
5 78
5 80
5 81
5 82
5 84
5 85
5 86
5 95
5 96
5 98
6 12
6 16
6 17
6 19
6 23
6 27
6 28
6 29
6 31
6 33
6 35
6 38
6 40
6 42
6 45
6 50
6 52
6 54
6 55
6 57
6 58
6 59
6 60
6 62
6 63
6 64
6 70
6 72
6 73
6 74
6 76
6 77
6 79
6 81
6 85
6 91
6 95
6 96
6 97
6 98
7 10
7 13
7 15
7 16
7 19
7 24
7 26
7 28
7 29
7 30
7 31
7 32
7 34
7 36
7 38
7 44
7 46
7 47
7 51
7 52
7 55
7 58
7 61
7 62
7 69
7 73
7 75
7 77
7 80
7 81
7 84
7 86
7 89
7 90
7 95
7 98
7 99
8 10
8 13
8 17
8 18
8 20
8 23
8 24
8 26
8 30
8 32
8 38
8 43
8 45
8 46
8 47
8 48
8 50
8 58
8 61
8 66
8 67
8 71
8 72
8 74
8 77
8 78
8 79
8 86
8 89
8 92
8 95
9 10
9 11
9 13
9 16
9 20
9 22
9 23
9 25
9 28
9 29
9 30
9 36
9 37
9 38
9 42
9 48
9 51
9 53
9 58
9 59
9 64
9 71
9 72
9 80
9 82
9 84
9 88
9 91
9 96
9 97
10 11
10 13
10 14
10 15
10 17
10 18
10 21
10 23
10 24
10 26
10 31
10 37
10 39
10 42
10 44
10 47
10 48
10 51
10 52
10 56
10 60
10 62
10 64
10 66
10 70
10 72
10 73
10 75
10 76
10 83
10 84
10 85
10 87
10 91
10 93
10 97
10 98
10 99
11 13
11 18
11 23
11 25
11 27
11 30
11 32
11 41
11 43
11 49
11 50
11 51
11 53
11 54
11 58
11 59
11 64
11 66
11 69
11 73
11 76
11 78
11 84
11 88
11 89
11 90
11 94
11 97
12 13
12 14
12 17
12 18
12 19
12 23
12 24
12 25
12 26
12 27
12 30
12 32
12 36
12 38
12 44
12 45
12 46
12 47
12 48
12 50
12 51
12 53
12 59
12 60
12 63
12 64
12 66
12 68
12 70
12 73
12 75
12 76
12 78
12 84
12 87
12 88
12 90
12 91
12 93
12 95
12 96
12 99
13 15
13 16
13 17
13 18
13 20
13 23
13 25
13 26
13 29
13 32
13 35
13 36
13 40
13 41
13 42
13 53
13 55
13 58
13 59
13 60
13 64
13 66
13 68
13 71
13 74
13 75
13 77
13 78
13 79
13 80
13 81
13 82
13 84
13 85
13 88
13 91
13 96
13 97
13 98
13 99
14 19
14 21
14 22
14 23
14 24
14 29
14 31
14 32
14 33
14 36
14 41
14 45
14 49
14 50
14 51
14 53
14 54
14 59
14 61
14 62
14 64
14 67
14 68
14 69
14 71
14 74
14 75
14 76
14 78
14 79
14 80
14 81
14 83
14 87
14 89
14 91
14 95
15 16
15 17
15 19
15 22
15 25
15 26
15 27
15 29
15 32
15 33
15 37
15 39
15 41
15 46
15 49
15 52
15 53
15 54
15 56
15 65
15 69
15 70
15 72
15 73
15 74
15 81
15 82
15 83
15 86
15 88
15 89
15 92
15 94
16 17
16 19
16 20
16 28
16 29
16 30
16 32
16 35
16 36
16 38
16 39
16 45
16 47
16 48
16 49
16 50
16 51
16 52
16 54
16 55
16 56
16 57
16 59
16 60
16 62
16 63
16 64
16 65
16 66
16 70
16 71
16 77
16 79
16 83
16 84
16 85
16 87
16 90
16 96
16 97
17 21
17 22
17 23
17 25
17 27
17 31
17 36
17 38
17 40
17 45
17 47
17 50
17 51
17 52
17 53
17 57
17 63
17 67
17 69
17 70
17 76
17 77
17 80
17 81
17 83
17 84
17 87
17 92
17 93
17 94
17 97
17 98
17 99
18 21
18 25
18 27
18 29
18 30
18 35
18 36
18 37
18 40
18 41
18 42
18 44
18 45
18 46
18 48
18 51
18 52
18 56
18 58
18 59
18 62
18 63
18 64
18 65
18 67
18 71
18 77
18 79
18 80
18 81
18 86
18 90
18 93
19 20
19 21
19 22
19 23
19 26
19 27
19 28
19 30
19 35
19 36
19 37
19 46
19 48
19 50
19 51
19 54
19 61
19 62
19 64
19 65
19 69
19 70
19 77
19 78
19 80
19 82
19 83
19 90
19 92
19 93
19 94
19 98
20 26
20 27
20 32
20 34
20 35
20 37
20 38
20 39
20 44
20 46
20 47
20 49
20 55
20 56
20 57
20 60
20 61
20 66
20 72
20 73
20 75
20 84
20 86
20 89
20 91
20 93
20 96
21 24
21 26
21 29
21 32
21 33
21 34
21 35
21 36
21 38
21 39
21 41
21 44
21 46
21 48
21 51
21 57
21 62
21 64
21 66
21 69
21 70
21 73
21 77
21 78
21 81
21 83
21 85
21 89
21 90
21 91
21 94
21 95
21 98
21 99
22 24
22 28
22 31
22 33
22 34
22 38
22 43
22 45
22 48
22 49
22 50
22 54
22 55
22 56
22 58
22 60
22 62
22 64
22 66
22 67
22 68
22 69
22 70
22 73
22 75
22 78
22 82
22 83
22 84
22 87
22 89
22 90
22 92
22 93
22 96
23 24
23 25
23 28
23 31
23 32
23 37
23 38
23 39
23 42
23 44
23 49
23 56
23 57
23 58
23 60
23 61
23 65
23 71
23 73
23 77
23 78
23 79
23 83
23 86
23 87
23 90
23 93
23 94
23 95
23 98
23 99
24 25
24 26
24 30
24 35
24 36
24 38
24 40
24 41
24 43
24 48
24 49
24 50
24 51
24 52
24 53
24 56
24 58
24 59
24 60
24 61
24 65
24 69
24 71
24 73
24 75
24 76
24 78
24 79
24 80
24 84
24 85
24 88
24 90
24 94
24 97
24 98
25 27
25 28
25 31
25 33
25 34
25 38
25 40
25 41
25 42
25 43
25 45
25 49
25 50
25 51
25 52
25 53
25 56
25 57
25 62
25 65
25 66
25 68
25 71
25 73
25 79
25 80
25 83
25 85
25 87
25 88
25 92
25 93
25 96
25 97
25 99
26 27
26 29
26 31
26 32
26 33
26 35
26 36
26 37
26 41
26 42
26 43
26 44
26 47
26 51
26 54
26 58
26 59
26 64
26 67
26 72
26 73
26 80
26 84
26 86
26 87
26 91
26 96
26 98
27 31
27 33
27 37
27 41
27 44
27 48
27 59
27 63
27 65
27 73
27 74
27 75
27 77
27 78
27 80
27 83
27 85
27 86
27 88
27 90
27 93
27 94
27 96
27 98
28 30
28 35
28 39
28 40
28 41
28 44
28 45
28 49
28 50
28 52
28 53
28 54
28 55
28 56
28 58
28 60
28 62
28 63
28 65
28 66
28 67
28 70
28 73
28 75
28 77
28 78
28 84
28 89
28 90
28 95
28 98
29 30
29 34
29 41
29 42
29 47
29 49
29 52
29 53
29 54
29 58
29 59
29 60
29 68
29 69
29 73
29 75
29 77
29 82
29 85
29 87
29 89
29 90
29 91
29 94
29 95
29 97
29 98
29 99
30 34
30 38
30 42
30 44
30 45
30 46
30 49
30 52
30 55
30 56
30 57
30 59
30 60
30 63
30 65
30 67
30 68
30 69
30 72
30 73
30 75
30 79
30 80
30 86
30 87
30 90
30 93
31 36
31 39
31 42
31 44
31 49
31 50
31 51
31 52
31 54
31 56
31 58
31 59
31 60
31 63
31 65
31 66
31 67
31 68
31 69
31 70
31 71
31 76
31 77
31 81
31 85
31 88
31 92
31 94
31 96
31 97
32 33
32 34
32 38
32 39
32 42
32 50
32 52
32 56
32 59
32 60
32 64
32 65
32 70
32 73
32 75
32 77
32 78
32 79
32 81
32 83
32 84
32 86
32 87
32 90
32 92
32 95
33 39
33 49
33 51
33 52
33 54
33 55
33 57
33 58
33 59
33 60
33 61
33 62
33 63
33 64
33 66
33 71
33 74
33 78
33 80
33 81
33 82
33 84
33 87
33 90
33 91
33 95
34 35
34 36
34 39
34 42
34 43
34 49
34 50
34 51
34 56
34 57
34 58
34 59
34 61
34 67
34 71
34 73
34 74
34 75
34 77
34 84
34 85
34 90
34 91
34 92
34 93
34 97
35 36
35 37
35 39
35 40
35 44
35 50
35 52
35 53
35 55
35 56
35 58
35 60
35 63
35 66
35 70
35 73
35 76
35 80
35 83
35 84
35 89
35 90
35 91
35 92
36 38
36 39
36 40
36 41
36 45
36 46
36 48
36 49
36 50
36 55
36 57
36 60
36 62
36 63
36 64
36 65
36 66
36 71
36 72
36 76
36 77
36 78
36 79
36 80
36 82
36 86
36 88
36 89
36 90
36 91
36 93
36 94
36 96
36 97
36 99
37 38
37 44
37 46
37 47
37 48
37 49
37 51
37 56
37 65
37 66
37 68
37 70
37 72
37 76
37 77
37 79
37 80
37 81
37 87
37 88
37 89
37 95
37 96
37 98
38 44
38 46
38 47
38 52
38 53
38 54
38 57
38 61
38 64
38 74
38 75
38 77
38 84
38 87
38 88
38 89
38 92
38 93
38 94
38 96
38 97
38 98
39 40
39 41
39 42
39 44
39 46
39 49
39 50
39 52
39 56
39 58
39 60
39 64
39 65
39 66
39 67
39 69
39 73
39 74
39 76
39 82
39 83
39 84
39 88
39 89
39 95
39 96
39 99
40 41
40 42
40 50
40 53
40 55
40 56
40 57
40 58
40 59
40 60
40 61
40 62
40 63
40 69
40 70
40 73
40 78
40 81
40 89
40 92
40 94
40 97
40 99
41 42
41 43
41 44
41 45
41 47
41 48
41 57
41 60
41 63
41 66
41 68
41 69
41 70
41 72
41 81
41 85
41 89
41 94
41 95
41 99
42 43
42 44
42 45
42 46
42 47
42 57
42 58
42 59
42 60
42 62
42 64
42 65
42 66
42 67
42 68
42 73
42 74
42 78
42 81
42 83
42 87
42 88
42 92
42 93
42 98
43 45
43 48
43 49
43 54
43 56
43 58
43 59
43 60
43 61
43 65
43 66
43 69
43 70
43 72
43 78
43 80
43 81
43 86
43 87
43 89
43 94
43 96
44 47
44 48
44 50
44 52
44 54
44 55
44 56
44 59
44 60
44 65
44 66
44 67
44 68
44 70
44 71
44 73
44 74
44 78
44 90
44 91
44 92
44 93
44 95
44 97
44 98
44 99
45 48
45 50
45 53
45 55
45 57
45 58
45 62
45 64
45 67
45 68
45 69
45 76
45 78
45 81
45 84
45 88
45 92
45 93
45 94
45 95
45 96
46 48
46 49
46 50
46 53
46 57
46 63
46 66
46 68
46 69
46 73
46 74
46 76
46 83
46 87
46 88
46 90
46 91
46 99
47 53
47 54
47 57
47 62
47 70
47 71
47 79
47 80
47 81
47 83
47 84
47 86
47 87
47 88
47 92
47 93
47 96
48 50
48 51
48 52
48 53
48 57
48 59
48 60
48 62
48 63
48 65
48 68
48 69
48 76
48 82
48 85
48 86
48 88
48 89
48 91
48 94
48 95
48 97
49 50
49 61
49 63
49 64
49 71
49 75
49 78
49 81
49 83
49 84
49 85
49 87
49 89
49 90
49 92
49 93
49 96
49 99
50 51
50 52
50 57
50 60
50 61
50 65
50 66
50 67
50 70
50 73
50 77
50 81
50 84
50 86
50 89
50 94
50 96
51 54
51 55
51 56
51 57
51 58
51 63
51 64
51 66
51 67
51 69
51 70
51 71
51 72
51 76
51 78
51 84
51 86
51 88
51 92
51 93
51 94
51 99
52 57
52 58
52 59
52 61
52 62
52 63
52 65
52 66
52 67
52 70
52 71
52 73
52 78
52 82
52 84
52 85
52 86
52 89
52 90
52 94
52 97
52 99
53 55
53 58
53 61
53 63
53 70
53 71
53 76
53 78
53 80
53 81
53 83
53 84
53 87
53 88
53 91
53 94
53 98
53 99
54 55
54 58
54 59
54 61
54 63
54 65
54 66
54 73
54 74
54 76
54 77
54 79
54 80
54 85
54 86
54 87
54 88
54 93
54 94
55 56
55 57
55 60
55 62
55 67
55 68
55 71
55 73
55 75
55 76
55 78
55 82
55 85
55 86
55 88
55 89
55 90
55 91
55 92
55 93
55 94
55 96
56 57
56 59
56 60
56 64
56 75
56 79
56 81
56 83
56 84
56 85
56 86
56 88
56 89
56 91
56 93
56 94
56 98
56 99
57 60
57 65
57 68
57 71
57 73
57 81
57 82
57 83
57 85
57 89
57 91
57 92
57 98
58 59
58 61
58 65
58 67
58 68
58 70
58 71
58 72
58 74
58 78
58 82
58 84
58 87
58 89
58 90
58 91
58 93
58 94
58 95
59 60
59 61
59 62
59 64
59 70
59 73
59 79
59 81
59 83
59 86
59 88
59 89
59 95
59 96
59 97
59 98
60 61
60 63
60 67
60 68
60 70
60 72
60 74
60 77
60 79
60 81
60 83
60 84
60 85
60 87
60 93
60 95
60 96
60 98
61 62
61 65
61 66
61 68
61 71
61 75
61 76
61 83
61 85
61 87
61 89
61 91
61 95
61 96
61 99
62 66
62 67
62 68
62 69
62 75
62 76
62 77
62 81
62 82
62 83
62 96
62 97
63 66
63 67
63 70
63 73
63 74
63 76
63 77
63 79
63 81
63 82
63 85
63 91
63 97
63 98
64 68
64 69
64 73
64 76
64 77
64 78
64 86
64 87
64 88
64 89
64 95
64 96
64 99
65 69
65 74
65 75
65 80
65 81
65 86
65 90
65 93
65 96
66 69
66 70
66 73
66 74
66 75
66 77
66 78
66 82
66 84
66 86
66 90
66 91
66 93
66 94
66 96
66 98
66 99
67 71
67 73
67 74
67 75
67 78
67 80
67 81
67 82
67 84
67 87
67 89
67 94
67 95
67 96
67 98
68 69
68 70
68 71
68 72
68 73
68 76
68 80
68 81
68 83
68 84
68 86
68 92
68 93
68 94
68 96
68 98
68 99
69 71
69 74
69 75
69 76
69 77
69 78
69 80
69 81
69 88
69 90
69 91
69 97
69 98
69 99
70 71
70 74
70 76
70 78
70 79
70 83
70 85
70 87
70 88
70 91
70 94
70 97
70 99
71 72
71 74
71 75
71 77
71 78
71 79
71 85
71 86
71 88
71 89
71 95
71 97
72 73
72 76
72 77
72 78
72 85
72 91
72 92
72 95
72 96
72 97
72 98
72 99
73 77
73 81
73 83
73 84
73 87
73 92
73 93
73 94
74 75
74 76
74 78
74 79
74 80
74 84
74 85
74 87
74 93
74 95
74 96
74 99
75 76
75 77
75 78
75 79
75 80
75 81
75 84
75 87
75 92
75 94
75 97
75 98
76 89
76 91
76 92
76 93
76 94
76 99
77 78
77 82
77 85
77 89
77 97
77 99
78 79
78 82
78 83
78 84
78 85
78 89
78 93
78 94
78 96
78 97
78 98
78 99
79 83
79 85
79 86
79 89
79 93
79 95
79 96
80 82
80 87
80 88
80 89
80 92
80 93
80 94
80 97
80 98
80 99
81 83
81 92
81 94
81 97
81 99
82 89
82 93
82 94
83 84
83 87
83 91
83 94
83 96
83 98
83 99
84 85
84 86
84 87
84 89
84 90
84 91
84 93
84 95
84 96
85 86
85 90
85 91
85 98
85 99
86 93
86 94
86 96
86 98
87 89
87 90
87 91
87 94
87 96
87 98
88 89
88 91
88 92
88 97
88 99
89 92
89 93
89 97
89 98
90 92
90 99
91 94
91 95
91 96
92 95
92 96
92 97
92 98
92 99
93 95
93 97
93 98
94 95
94 96
94 98
94 99
95 96
96 98
97 98
98 99
