100 2603
63 50
55 58
14 59
46 31
99 64
51 45
99 43
12 19
67 18
100 82
60 18
58 59
29 46
29 56
30 30
44 66
71 42
100 87
25 48
77 79
23 50
86 51
45 51
11 28
44 37
80 65
100 10
43 14
66 33
23 10
98 28
19 45
54 39
61 62
65 18
24 70
19 92
56 82
73 82
71 52
80 60
98 91
39 40
94 11
92 63
50 20
92 70
53 33
66 58
82 83
15 35
53 98
88 78
26 20
47 65
65 52
46 42
73 82
90 27
96 34
50 47
44 13
84 37
30 60
15 51
19 94
85 29
73 92
83 65
44 67
92 69
37 45
63 54
75 65
57 90
89 87
40 27
38 30
59 81
62 91
18 67
89 41
35 51
60 66
17 43
93 58
10 45
94 38
96 75
44 78
15 35
60 89
93 28
69 90
29 16
16 60
26 12
58 26
91 64
76 49
940
0 4
0 5
0 6
0 10
0 13
0 24
0 25
0 35
0 42
0 43
0 47
0 49
0 52
0 55
0 61
0 65
0 66
0 69
0 72
0 75
0 76
0 79
0 85
0 88
0 90
0 95
0 96
1 2
1 8
1 11
1 15
1 16
1 18
1 22
1 29
1 36
1 38
1 42
1 43
1 46
1 47
1 51
1 66
1 70
1 74
1 79
1 92
1 94
1 95
1 98
2 14
2 17
2 20
2 28
2 33
2 34
2 44
2 46
2 50
2 51
2 52
2 54
2 59
2 60
2 61
2 66
2 67
2 74
2 78
2 84
2 86
2 94
3 8
3 10
3 16
3 17
3 33
3 42
3 44
3 49
3 51
3 60
3 66
3 70
3 75
3 80
3 86
3 90
4 14
4 17
4 20
4 50
4 55
4 57
4 60
4 64
4 86
4 87
4 94
4 96
5 9
5 10
5 14
5 23
5 33
5 38
5 47
5 52
5 60
5 61
5 65
5 67
5 83
5 85
5 89
5 90
6 8
6 16
6 17
6 18
6 19
6 26
6 28
6 31
6 38
6 42
6 45
6 48
6 51
6 56
6 58
6 69
6 72
6 80
6 81
6 84
6 87
6 94
7 16
7 17
7 20
7 39
7 46
7 47
7 51
7 57
7 67
7 83
7 91
8 9
8 11
8 32
8 33
8 37
8 41
8 49
8 59
8 62
8 66
8 84
8 85
8 87
8 91
8 99
9 10
9 18
9 31
9 47
9 52
9 53
9 59
9 67
9 68
9 73
9 80
9 82
9 86
9 90
9 94
9 95
9 97
9 99
10 14
10 18
10 20
10 32
10 34
10 41
10 43
10 52
10 55
10 61
10 64
10 77
10 78
10 79
10 82
10 88
10 96
10 97
11 12
11 34
11 35
11 39
11 49
11 61
11 78
11 79
11 84
11 85
11 93
11 95
11 99
12 13
12 14
12 23
12 26
12 29
12 36
12 43
12 57
12 61
12 71
12 73
12 74
12 77
12 89
12 90
12 98
13 26
13 27
13 29
13 38
13 40
13 54
13 67
13 70
13 72
13 87
13 89
13 94
14 16
14 21
14 33
14 35
14 36
14 47
14 49
14 64
14 66
14 67
14 68
14 86
14 91
15 18
15 22
15 31
15 39
15 41
15 53
15 56
15 60
15 62
15 63
15 64
15 74
15 75
15 80
15 83
15 88
15 99
16 17
16 24
16 27
16 32
16 36
16 40
16 48
16 49
16 50
16 53
16 57
16 62
16 63
16 65
16 67
16 77
16 78
16 86
16 92
16 93
16 95
17 21
17 26
17 27
17 30
17 42
17 49
17 55
17 57
17 62
17 65
17 68
17 76
17 79
17 87
17 92
17 93
18 21
18 25
18 27
18 30
18 33
18 49
18 58
18 63
18 67
18 68
18 88
18 97
19 22
19 24
19 26
19 55
19 56
19 62
19 73
19 75
19 79
19 90
20 25
20 31
20 43
20 50
20 51
20 53
20 61
20 74
20 75
20 79
20 87
20 88
20 89
20 90
20 92
20 93
20 96
21 22
21 30
21 32
21 40
21 48
21 53
21 59
21 61
21 69
21 71
21 74
21 75
21 80
21 89
21 93
21 96
22 23
22 24
22 25
22 30
22 35
22 40
22 49
22 52
22 54
22 56
22 58
22 60
22 67
22 68
22 71
22 73
22 81
22 82
22 92
22 99
23 30
23 40
23 50
23 54
23 57
23 79
23 87
23 89
23 90
23 94
23 98
23 99
24 27
24 30
24 32
24 33
24 34
24 43
24 46
24 47
24 54
24 56
24 59
24 61
24 75
24 76
24 78
24 83
24 97
25 27
25 31
25 34
25 36
25 54
25 83
25 84
25 85
25 91
25 93
25 94
25 95
25 96
25 99
26 33
26 36
26 37
26 45
26 46
26 58
26 61
26 65
26 66
26 68
26 69
26 73
26 80
26 83
27 31
27 34
27 38
27 41
27 54
27 56
27 65
27 69
27 73
27 77
27 82
27 89
27 95
28 33
28 41
28 53
28 54
28 63
28 72
28 76
28 87
28 94
28 95
29 31
29 35
29 37
29 42
29 47
29 50
29 58
29 68
29 69
29 70
29 71
29 74
29 77
29 78
29 83
29 87
29 90
29 92
29 97
30 31
30 39
30 45
30 49
30 51
30 53
30 55
30 58
30 64
30 65
30 69
30 72
30 73
30 74
30 78
30 84
30 90
31 33
31 41
31 52
31 54
31 55
31 64
31 67
31 75
31 79
31 87
32 35
32 38
32 44
32 48
32 49
32 68
32 70
32 73
32 74
32 84
32 99
33 43
33 47
33 48
33 60
33 66
33 67
33 72
33 74
33 77
33 79
33 82
33 83
33 87
33 88
33 90
34 37
34 40
34 44
34 46
34 47
34 51
34 56
34 62
34 72
34 75
34 76
34 81
34 84
35 45
35 49
35 53
35 61
35 65
35 66
35 69
35 82
35 83
35 91
35 95
35 99
36 41
36 42
36 47
36 53
36 54
36 55
36 60
36 63
36 69
36 71
36 80
36 87
36 89
37 39
37 43
37 46
37 54
37 62
37 69
37 71
37 76
37 92
37 97
38 42
38 44
38 50
38 51
38 58
38 62
38 66
38 67
38 75
38 85
38 87
38 93
38 94
39 47
39 48
39 63
39 73
39 76
39 78
39 83
39 87
39 91
39 93
40 44
40 61
40 70
40 72
40 83
40 90
40 99
41 48
41 51
41 55
41 60
41 66
41 67
41 68
41 75
41 85
41 94
41 95
42 46
42 51
42 64
42 65
42 68
42 76
42 77
42 79
42 80
42 82
42 84
42 90
43 47
43 55
43 62
43 64
43 69
43 73
43 78
43 87
43 92
43 97
44 58
44 62
44 63
44 74
44 83
44 85
44 88
44 90
44 92
45 51
45 53
45 69
45 77
45 80
45 83
45 90
45 91
45 92
45 96
45 97
46 49
46 55
46 57
46 60
46 62
46 77
46 78
46 80
46 85
46 86
46 91
46 95
47 56
47 57
47 62
47 67
47 70
47 71
47 75
47 77
47 93
48 52
48 56
48 57
48 58
48 59
48 62
48 67
48 70
48 79
48 84
48 97
48 98
49 51
49 57
49 60
49 62
49 64
49 67
49 72
49 74
49 76
49 82
49 83
49 85
49 95
50 57
50 58
50 59
50 62
50 73
50 82
50 90
50 92
50 96
51 59
51 64
51 66
51 68
51 69
51 71
51 78
51 81
51 90
51 94
52 53
52 55
52 61
52 64
52 70
52 71
52 77
52 92
52 94
52 96
53 60
53 69
53 70
53 75
53 81
53 94
54 57
54 58
54 62
54 74
54 75
54 77
54 79
54 88
54 91
54 92
55 65
55 66
55 68
55 71
55 76
55 77
55 94
55 97
55 99
56 61
56 63
56 68
56 74
56 75
56 82
56 89
56 90
56 92
56 95
57 67
57 71
57 76
57 77
57 83
57 91
58 60
58 62
58 70
58 71
58 92
58 93
59 65
59 66
59 68
59 76
59 79
59 82
59 85
59 87
59 97
60 62
60 73
60 78
60 84
60 86
60 89
60 94
61 62
61 65
61 72
61 83
61 84
61 85
61 93
62 64
62 67
62 69
62 79
62 89
63 67
63 71
63 76
63 85
63 94
63 99
64 66
64 69
64 75
64 78
64 88
65 68
65 75
65 79
65 81
65 84
65 90
65 91
65 97
66 67
66 68
66 72
66 76
66 82
66 86
66 88
66 91
67 75
67 78
67 80
67 81
67 87
67 88
67 91
67 96
67 97
67 99
68 72
68 87
68 88
68 89
68 95
68 98
69 73
69 75
70 74
70 93
70 98
70 99
72 73
72 76
72 81
72 82
72 83
72 88
72 93
72 97
73 75
73 80
73 91
73 92
74 78
74 89
74 97
74 99
75 88
75 96
76 78
76 79
76 97
76 99
77 82
77 83
77 88
77 89
77 95
77 98
78 79
78 81
78 83
78 84
78 85
78 88
78 97
79 80
79 81
79 84
79 98
80 81
81 83
81 85
81 89
82 91
82 92
83 84
83 85
83 92
83 99
84 85
84 86
84 94
85 95
85 99
86 91
87 91
87 94
87 96
87 99
88 92
88 96
89 90
89 93
89 99
90 92
90 97
91 95
91 96
92 96
92 99
93 96
95 97
95 99
96 98
98 99
