100 2808
60 51
32 90
68 74
85 37
56 29
84 99
59 78
73 29
82 85
60 75
85 25
54 53
55 44
63 52
51 25
89 91
99 31
12 44
50 25
38 63
97 78
17 78
46 20
51 24
60 84
64 41
77 76
26 63
61 71
14 92
66 22
56 36
90 39
23 63
22 17
74 72
52 66
99 31
67 27
24 93
49 23
29 42
30 86
17 14
35 26
55 42
59 21
18 71
97 42
73 58
41 97
96 75
18 85
56 17
99 87
65 18
91 99
14 71
74 60
96 60
26 53
46 30
82 76
31 39
71 95
64 79
76 33
52 72
13 76
29 65
60 19
93 92
23 52
12 49
18 35
31 92
83 83
89 10
23 19
28 73
15 57
17 40
35 63
16 11
43 84
14 49
52 52
92 92
60 61
21 99
13 61
26 75
41 66
96 22
91 65
76 88
79 55
73 24
63 50
78 73
996
0 6
0 13
0 20
0 26
0 30
0 32
0 33
0 47
0 48
0 51
0 58
0 62
0 67
0 84
0 88
0 98
1 2
1 9
1 24
1 25
1 28
1 32
1 40
1 41
1 49
1 59
1 63
1 65
1 68
1 73
1 80
1 86
1 92
1 99
2 5
2 21
2 27
2 28
2 29
2 34
2 36
2 38
2 40
2 43
2 44
2 45
2 47
2 56
2 58
2 62
2 70
2 71
2 76
2 78
2 92
2 93
2 94
2 98
3 7
3 14
3 18
3 20
3 22
3 25
3 35
3 37
3 38
3 42
3 51
3 55
3 77
3 78
3 80
3 83
3 87
3 91
3 94
4 6
4 7
4 11
4 13
4 18
4 22
4 24
4 29
4 31
4 37
4 38
4 60
4 72
4 73
4 77
4 79
4 81
4 84
4 96
4 97
4 98
5 6
5 9
5 12
5 19
5 23
5 27
5 28
5 31
5 32
5 33
5 37
5 40
5 43
5 48
5 53
5 55
5 61
5 65
5 69
5 71
5 76
5 77
5 88
5 96
5 97
6 11
6 21
6 23
6 24
6 25
6 27
6 29
6 39
6 43
6 50
6 51
6 61
6 67
6 76
6 78
6 79
6 80
6 81
6 90
6 94
7 10
7 17
7 26
7 36
7 41
7 43
7 47
7 48
7 50
7 53
7 54
7 58
7 60
7 70
7 72
7 73
7 75
7 83
7 95
7 99
8 13
8 27
8 29
8 30
8 38
8 43
8 44
8 50
8 52
8 57
8 68
8 91
8 99
9 11
9 12
9 14
9 17
9 18
9 23
9 24
9 25
9 29
9 31
9 34
9 44
9 62
9 73
9 81
9 86
9 88
9 90
9 94
9 95
9 99
10 12
10 15
10 16
10 22
10 34
10 40
10 47
10 68
10 69
10 77
10 78
10 91
10 92
10 94
10 97
11 12
11 14
11 16
11 23
11 24
11 31
11 38
11 53
11 57
11 61
11 67
11 83
11 86
11 87
11 91
12 14
12 17
12 22
12 24
12 27
12 33
12 37
12 38
12 40
12 42
12 48
12 57
12 67
12 72
12 74
12 79
12 81
12 82
12 83
12 86
12 96
13 14
13 18
13 21
13 22
13 25
13 36
13 38
13 40
13 44
13 61
13 65
13 67
13 75
13 84
13 87
13 88
13 90
13 92
13 94
14 25
14 27
14 29
14 32
14 43
14 49
14 50
14 61
14 63
14 64
14 66
14 71
14 75
14 80
14 81
14 82
14 86
14 91
14 92
14 94
14 98
15 29
15 34
15 72
15 73
15 74
15 78
15 85
15 90
15 92
15 95
16 24
16 25
16 27
16 30
16 31
16 32
16 38
16 39
16 47
16 48
16 54
16 56
16 61
16 66
16 72
16 81
16 85
16 86
16 87
16 94
17 18
17 19
17 21
17 29
17 31
17 33
17 37
17 39
17 40
17 41
17 45
17 48
17 51
17 55
17 57
17 59
17 62
17 64
17 66
17 69
17 72
17 77
17 81
17 87
17 90
17 97
17 98
18 21
18 26
18 30
18 33
18 40
18 41
18 48
18 77
18 80
18 98
19 23
19 42
19 55
19 69
19 72
19 77
19 78
19 82
19 84
19 85
19 97
19 99
20 21
20 30
20 36
20 37
20 71
20 77
20 80
20 86
20 87
20 89
20 94
21 29
21 31
21 39
21 54
21 88
21 95
22 28
22 34
22 41
22 54
22 56
22 67
22 77
22 82
22 89
23 29
23 32
23 45
23 48
23 52
23 56
23 59
23 63
23 66
23 69
23 72
23 74
23 75
23 76
23 78
23 80
23 92
24 37
24 40
24 42
24 43
24 58
24 60
24 64
24 69
24 71
24 75
24 79
24 84
24 86
24 87
25 26
25 31
25 43
25 45
25 54
25 55
25 57
25 61
25 70
25 73
25 81
25 84
25 88
25 93
25 94
25 97
25 99
26 27
26 31
26 35
26 38
26 47
26 53
26 60
26 72
26 88
26 90
26 99
27 29
27 32
27 34
27 38
27 42
27 47
27 51
27 64
27 66
27 67
27 70
27 76
27 81
28 31
28 36
28 39
28 49
28 52
28 59
28 66
28 69
28 79
28 80
28 98
28 99
29 31
29 35
29 42
29 52
29 58
29 63
29 66
29 67
29 79
29 81
29 83
29 84
29 90
29 92
29 97
29 99
30 32
30 33
30 35
30 40
30 42
30 50
30 55
30 56
30 57
30 62
30 66
30 67
30 71
30 74
30 76
30 79
30 85
30 86
30 89
30 94
30 97
31 33
31 36
31 48
31 61
31 62
31 67
31 68
31 72
31 74
31 75
31 81
31 90
31 94
32 35
32 37
32 40
32 44
32 46
32 47
32 52
32 58
32 82
32 87
32 97
32 99
33 48
33 49
33 53
33 57
33 58
33 66
33 69
33 72
33 81
33 89
33 94
33 98
34 47
34 48
34 66
34 78
34 80
34 84
34 85
34 89
34 93
34 95
34 96
34 97
35 60
35 67
35 76
35 89
35 94
35 98
36 37
36 41
36 47
36 54
36 55
36 59
36 61
36 62
36 71
36 73
36 78
36 79
36 84
36 87
36 92
36 95
36 98
37 39
37 44
37 53
37 57
37 60
37 63
37 69
37 71
37 74
37 77
37 78
37 79
37 81
37 87
37 92
38 48
38 54
38 55
38 58
38 60
38 61
38 69
38 79
38 94
39 44
39 45
39 60
39 69
39 71
39 75
39 76
39 84
39 86
39 91
39 92
39 93
39 95
40 43
40 49
40 56
40 57
40 60
40 62
40 71
40 74
40 78
40 88
40 98
41 60
41 70
41 73
41 86
41 93
41 94
41 95
41 98
42 56
42 60
42 68
42 69
42 75
42 81
42 84
42 90
42 91
42 96
43 44
43 56
43 78
43 81
43 83
43 92
43 96
43 99
44 51
44 53
44 60
44 63
44 64
44 68
44 74
44 89
45 46
45 49
45 56
45 61
45 64
45 74
45 75
45 79
45 80
45 88
45 92
45 96
45 99
46 52
46 59
46 60
46 73
46 74
46 75
46 76
46 79
46 80
46 81
46 88
46 89
46 91
46 94
46 98
46 99
47 53
47 60
47 64
47 75
47 80
47 81
47 82
47 84
47 92
47 96
48 55
48 62
48 66
48 69
48 71
48 75
48 85
48 88
48 89
48 91
48 96
48 99
49 54
49 59
49 64
49 79
49 95
50 54
50 57
50 59
50 61
50 63
50 65
50 71
50 89
50 93
51 70
51 73
51 76
51 78
51 85
51 87
51 96
52 53
52 55
52 61
52 64
52 66
52 72
52 98
53 58
53 71
53 74
53 79
53 86
53 90
53 91
54 55
54 62
54 63
54 77
54 96
55 56
55 70
55 72
55 74
55 75
55 95
55 96
56 58
56 75
56 78
56 79
56 88
56 91
56 94
57 59
57 61
57 66
57 73
57 79
57 80
57 87
57 89
57 99
58 60
58 72
58 80
58 88
58 91
59 61
59 64
59 67
59 68
59 71
59 73
59 75
59 76
59 80
59 81
59 88
59 92
59 95
59 96
59 97
60 62
60 63
60 66
60 67
60 70
60 71
60 73
60 78
60 79
60 85
60 90
60 91
60 94
60 96
61 63
61 80
61 82
61 92
61 95
61 96
61 99
62 68
62 70
62 73
62 77
62 82
62 91
62 93
62 97
63 67
63 75
63 76
63 77
63 85
63 89
63 90
63 91
63 92
63 98
64 67
64 69
64 71
64 72
64 73
64 74
64 77
64 79
64 80
64 81
64 91
64 93
64 94
64 96
65 67
65 69
65 70
65 71
65 81
65 86
65 88
65 96
65 98
66 67
66 70
66 78
66 80
66 86
66 87
66 89
66 90
66 95
66 96
67 69
67 78
67 79
67 80
67 82
67 85
67 90
67 91
67 93
67 96
67 97
67 99
68 90
68 98
69 70
69 86
69 89
69 94
69 99
70 78
70 81
70 83
70 85
70 86
70 92
70 97
70 98
71 74
71 76
71 79
71 86
71 95
71 96
71 97
72 74
72 75
72 77
72 79
72 80
72 82
72 91
72 92
72 94
73 82
73 83
73 87
73 88
73 90
73 94
73 95
73 99
74 75
74 81
74 84
74 86
74 89
74 91
74 94
74 96
75 79
75 80
75 87
75 94
76 79
76 86
76 88
76 90
76 92
76 98
77 79
77 85
77 93
77 98
77 99
78 91
78 94
79 80
79 81
79 86
79 88
79 98
79 99
80 86
80 90
80 91
80 96
80 97
81 94
82 83
83 84
83 86
83 96
83 97
83 99
84 86
84 88
85 86
85 91
86 88
86 90
86 97
87 88
87 90
87 91
87 92
87 95
88 99
89 91
89 92
90 99
91 98
92 94
92 96
93 94
93 96
93 97
93 99
94 95
94 99
96 98
96 99
97 98
