200 5313
54 60
34 34
75 28
55 95
13 11
93 48
13 47
93 16
98 61
74 72
66 43
18 11
59 27
76 21
67 21
29 12
96 43
64 55
10 61
53 51
25 46
31 85
100 45
60 86
30 27
84 48
75 55
89 17
11 80
20 45
74 29
80 62
17 36
81 67
26 85
64 12
84 13
12 92
77 34
50 31
69 76
83 96
91 67
79 43
87 87
64 81
68 71
95 48
17 87
70 65
17 25
16 93
87 15
48 25
17 83
63 27
46 19
16 53
63 38
30 68
40 26
70 18
60 98
30 44
91 23
42 90
83 36
12 56
85 40
60 19
31 78
75 51
51 41
58 64
42 52
26 13
29 46
76 43
92 74
29 20
86 92
48 68
69 29
93 20
82 52
78 52
82 59
92 51
68 81
95 28
39 61
53 55
45 37
19 20
21 79
38 92
14 90
40 39
41 33
12 74
26 63
92 32
93 47
91 99
64 23
31 38
89 67
46 12
19 43
16 60
88 98
100 42
11 82
91 33
47 97
87 93
39 29
98 59
54 95
61 17
11 75
58 86
61 86
42 52
80 74
86 53
55 90
39 73
56 68
16 33
70 27
79 17
80 20
47 43
84 12
75 41
93 53
80 68
53 14
28 27
86 26
30 82
75 83
21 60
48 56
30 91
66 45
11 16
59 35
83 42
10 38
55 38
35 27
57 46
65 15
38 49
11 43
82 66
79 31
38 99
89 76
44 55
75 82
16 50
14 62
50 68
23 68
71 70
86 67
45 37
89 51
34 97
29 54
44 83
94 91
30 29
16 49
82 75
23 79
81 51
31 67
61 91
22 79
51 13
12 51
90 100
47 78
45 63
82 21
92 26
87 18
96 41
45 93
42 84
70 72
28 78
11 71
27 52
49 34
41 49
3940
0 5
0 7
0 11
0 12
0 14
0 19
0 21
0 27
0 28
0 29
0 30
0 37
0 41
0 45
0 49
0 52
0 66
0 67
0 68
0 72
0 74
0 75
0 84
0 87
0 89
0 91
0 92
0 95
0 100
0 102
0 107
0 110
0 113
0 115
0 119
0 120
0 126
0 146
0 148
0 151
0 163
0 164
0 167
0 172
0 178
0 184
0 185
0 186
0 192
0 194
0 195
1 6
1 11
1 17
1 20
1 26
1 34
1 36
1 43
1 44
1 52
1 56
1 57
1 59
1 61
1 62
1 63
1 67
1 68
1 81
1 85
1 88
1 98
1 105
1 121
1 125
1 132
1 133
1 157
1 160
1 162
1 165
1 170
1 171
1 172
1 176
1 178
1 181
1 186
1 198
2 8
2 16
2 23
2 28
2 30
2 31
2 35
2 41
2 42
2 50
2 51
2 63
2 75
2 77
2 81
2 83
2 84
2 85
2 90
2 95
2 99
2 101
2 102
2 106
2 107
2 111
2 114
2 134
2 135
2 137
2 147
2 152
2 165
2 168
2 173
2 188
2 189
2 190
2 195
2 199
3 9
3 17
3 23
3 27
3 28
3 45
3 46
3 50
3 54
3 61
3 63
3 70
3 91
3 94
3 99
3 101
3 102
3 108
3 110
3 112
3 118
3 120
3 122
3 123
3 128
3 136
3 137
3 138
3 139
3 144
3 147
3 158
3 159
3 165
3 166
3 172
3 175
3 191
3 196
3 199
4 7
4 8
4 11
4 13
4 19
4 29
4 36
4 39
4 46
4 49
4 50
4 53
4 58
4 60
4 67
4 69
4 71
4 82
4 87
4 89
4 92
4 98
4 103
4 105
4 109
4 112
4 128
4 132
4 136
4 141
4 149
4 153
4 154
4 155
4 167
4 173
4 185
4 186
4 198
5 6
5 7
5 29
5 36
5 38
5 47
5 48
5 60
5 66
5 67
5 78
5 79
5 81
5 83
5 84
5 88
5 89
5 94
5 104
5 114
5 123
5 124
5 125
5 126
5 132
5 134
5 141
5 142
5 156
5 160
5 175
5 176
5 180
5 190
5 194
5 196
6 9
6 11
6 14
6 15
6 17
6 26
6 29
6 39
6 40
6 44
6 48
6 49
6 54
6 55
6 61
6 74
6 77
6 80
6 88
6 90
6 101
6 103
6 107
6 112
6 127
6 130
6 131
6 134
6 138
6 146
6 147
6 150
6 159
6 163
6 165
6 166
6 170
6 171
6 173
6 177
6 179
6 180
6 182
6 196
7 8
7 9
7 12
7 15
7 19
7 23
7 28
7 46
7 56
7 58
7 67
7 76
7 77
7 81
7 83
7 85
7 91
7 94
7 98
7 100
7 104
7 106
7 108
7 118
7 119
7 122
7 126
7 134
7 136
7 140
7 145
7 151
7 154
7 156
7 161
7 164
7 168
7 173
7 179
7 190
7 195
7 199
8 10
8 16
8 23
8 30
8 38
8 42
8 43
8 44
8 45
8 53
8 57
8 61
8 64
8 68
8 71
8 76
8 77
8 91
8 94
8 114
8 117
8 120
8 127
8 129
8 130
8 140
8 143
8 146
8 151
8 156
8 159
8 163
8 165
8 175
8 182
8 183
8 184
8 187
8 191
9 12
9 20
9 26
9 30
9 46
9 50
9 52
9 53
9 58
9 65
9 76
9 84
9 90
9 98
9 101
9 107
9 123
9 131
9 141
9 143
9 145
9 153
9 154
9 158
9 162
9 164
9 181
9 182
9 185
9 188
9 192
10 11
10 15
10 17
10 23
10 42
10 45
10 48
10 52
10 55
10 59
10 64
10 65
10 72
10 75
10 79
10 96
10 101
10 104
10 107
10 110
10 111
10 116
10 117
10 123
10 134
10 139
10 146
10 148
10 149
10 156
10 161
10 171
10 173
10 180
10 181
10 185
10 190
10 192
10 194
11 14
11 24
11 35
11 42
11 44
11 53
11 55
11 59
11 60
11 63
11 65
11 72
11 73
11 75
11 83
11 87
11 89
11 90
11 94
11 96
11 104
11 109
11 116
11 129
11 132
11 136
11 145
11 150
11 157
11 165
11 167
11 168
11 184
11 187
11 198
12 20
12 28
12 29
12 41
12 42
12 54
12 57
12 58
12 59
12 61
12 63
12 66
12 75
12 79
12 87
12 96
12 110
12 122
12 128
12 139
12 140
12 141
12 147
12 149
12 158
12 161
12 162
12 168
12 176
12 177
12 179
12 186
12 188
12 196
13 23
13 28
13 30
13 39
13 40
13 41
13 42
13 47
13 48
13 51
13 55
13 61
13 63
13 69
13 73
13 74
13 76
13 86
13 88
13 89
13 92
13 101
13 103
13 110
13 117
13 122
13 125
13 131
13 137
13 150
13 153
13 155
13 161
13 162
13 163
13 169
13 175
13 177
13 195
13 197
14 17
14 21
14 30
14 33
14 36
14 44
14 45
14 48
14 49
14 51
14 52
14 53
14 66
14 67
14 80
14 83
14 84
14 86
14 87
14 107
14 109
14 114
14 123
14 125
14 128
14 133
14 136
14 146
14 148
14 156
14 158
14 177
14 182
14 185
14 186
14 192
14 198
15 18
15 20
15 22
15 25
15 38
15 42
15 43
15 46
15 52
15 53
15 58
15 63
15 68
15 69
15 75
15 82
15 86
15 129
15 133
15 143
15 146
15 148
15 150
15 155
15 159
15 172
15 174
15 176
15 181
15 186
16 21
16 22
16 38
16 44
16 50
16 52
16 53
16 55
16 60
16 61
16 72
16 76
16 79
16 96
16 101
16 122
16 132
16 134
16 139
16 140
16 143
16 145
16 147
16 148
16 150
16 153
16 161
16 170
16 173
16 179
16 182
16 184
16 188
16 190
16 194
17 20
17 24
17 25
17 27
17 31
17 37
17 44
17 45
17 56
17 66
17 68
17 69
17 74
17 85
17 91
17 97
17 99
17 101
17 110
17 111
17 116
17 123
17 130
17 132
17 134
17 137
17 140
17 150
17 155
17 156
17 161
17 162
17 165
17 166
17 168
17 171
17 179
17 181
17 184
17 193
17 199
18 32
18 35
18 46
18 52
18 55
18 62
18 72
18 73
18 76
18 79
18 91
18 94
18 95
18 99
18 102
18 105
18 111
18 113
18 115
18 121
18 134
18 148
18 151
18 157
18 159
18 161
18 168
18 178
18 182
18 184
18 197
19 22
19 32
19 39
19 45
19 46
19 49
19 57
19 59
19 62
19 64
19 70
19 75
19 76
19 78
19 79
19 88
19 100
19 106
19 111
19 116
19 126
19 129
19 132
19 136
19 140
19 141
19 146
19 147
19 151
19 153
19 154
19 157
19 164
19 165
19 166
19 176
19 179
19 181
19 183
19 186
19 187
19 198
20 33
20 38
20 41
20 44
20 50
20 51
20 54
20 55
20 61
20 69
20 74
20 75
20 77
20 79
20 81
20 85
20 86
20 88
20 91
20 98
20 103
20 104
20 108
20 122
20 123
20 129
20 133
20 135
20 138
20 143
20 144
20 154
20 157
20 159
20 163
20 166
20 174
20 180
20 183
20 196
20 198
21 22
21 23
21 27
21 32
21 33
21 39
21 43
21 45
21 46
21 50
21 53
21 70
21 77
21 80
21 85
21 96
21 98
21 99
21 102
21 103
21 106
21 110
21 116
21 118
21 123
21 131
21 134
21 137
21 140
21 147
21 152
21 154
21 156
21 164
21 165
21 166
21 169
21 172
21 179
21 181
21 187
21 194
21 195
22 25
22 29
22 32
22 33
22 39
22 42
22 50
22 56
22 57
22 77
22 82
22 84
22 85
22 88
22 89
22 104
22 112
22 124
22 125
22 141
22 143
22 146
22 147
22 160
22 163
22 173
22 174
22 175
22 177
22 180
22 186
22 187
22 189
22 193
22 196
22 198
23 24
23 32
23 38
23 43
23 48
23 54
23 56
23 59
23 61
23 81
23 84
23 88
23 100
23 103
23 112
23 126
23 138
23 143
23 163
23 164
23 169
23 172
23 176
23 178
23 179
23 188
23 192
23 195
23 196
24 27
24 37
24 46
24 54
24 55
24 57
24 60
24 65
24 66
24 73
24 74
24 75
24 81
24 84
24 92
24 97
24 98
24 110
24 113
24 115
24 120
24 123
24 131
24 135
24 139
24 140
24 148
24 155
24 162
24 166
24 172
24 191
24 192
24 194
24 197
25 27
25 30
25 33
25 37
25 41
25 44
25 48
25 56
25 61
25 64
25 77
25 79
25 88
25 91
25 92
25 95
25 98
25 101
25 103
25 108
25 113
25 115
25 116
25 133
25 141
25 149
25 150
25 158
25 174
25 179
25 181
25 184
25 189
25 190
26 39
26 44
26 62
26 64
26 66
26 70
26 72
26 77
26 78
26 80
26 84
26 88
26 89
26 98
26 106
26 113
26 115
26 116
26 121
26 123
26 125
26 129
26 131
26 136
26 141
26 143
26 148
26 151
26 161
26 164
26 167
26 168
26 176
26 180
26 181
26 183
26 192
26 193
26 195
26 196
26 199
27 29
27 40
27 44
27 45
27 47
27 48
27 65
27 72
27 79
27 96
27 97
27 98
27 125
27 126
27 131
27 135
27 137
27 142
27 143
27 149
27 154
27 164
27 170
27 184
27 188
27 191
27 193
27 198
28 39
28 42
28 44
28 45
28 53
28 55
28 59
28 60
28 62
28 65
28 68
28 70
28 76
28 77
28 84
28 85
28 91
28 99
28 101
28 102
28 104
28 106
28 111
28 112
28 113
28 114
28 116
28 120
28 129
28 132
28 136
28 140
28 141
28 143
28 145
28 149
28 151
28 154
28 160
28 162
28 164
28 166
28 167
28 180
28 181
28 186
28 189
28 193
28 194
28 195
29 33
29 34
29 39
29 41
29 42
29 44
29 47
29 53
29 54
29 57
29 58
29 61
29 64
29 65
29 68
29 72
29 77
29 82
29 84
29 88
29 91
29 95
29 103
29 130
29 136
29 141
29 150
29 154
29 157
29 158
29 162
29 171
29 177
29 178
29 187
29 190
29 193
29 194
29 199
30 40
30 47
30 49
30 50
30 57
30 66
30 84
30 90
30 103
30 108
30 111
30 112
30 116
30 117
30 119
30 125
30 128
30 130
30 135
30 149
30 150
30 152
30 153
30 158
30 160
30 165
30 166
30 177
30 184
30 185
31 46
31 47
31 50
31 54
31 60
31 64
31 69
31 77
31 81
31 83
31 87
31 89
31 100
31 105
31 107
31 109
31 114
31 118
31 127
31 129
31 130
31 131
31 142
31 150
31 152
31 159
31 161
31 166
31 167
31 171
31 182
31 187
31 188
31 192
31 194
31 198
32 33
32 34
32 36
32 39
32 40
32 49
32 62
32 66
32 77
32 89
32 97
32 104
32 107
32 114
32 115
32 120
32 123
32 134
32 135
32 140
32 151
32 174
32 176
32 177
32 186
32 196
32 197
33 34
33 52
33 54
33 61
33 81
33 86
33 90
33 94
33 97
33 113
33 121
33 123
33 129
33 130
33 131
33 146
33 151
33 158
33 167
33 173
33 179
33 180
33 186
33 191
33 192
33 193
33 199
34 39
34 43
34 44
34 45
34 46
34 62
34 64
34 65
34 73
34 74
34 78
34 79
34 80
34 84
34 90
34 109
34 112
34 114
34 115
34 121
34 129
34 132
34 135
34 146
34 148
34 157
34 159
34 160
34 170
34 177
34 183
34 189
34 198
35 41
35 49
35 64
35 67
35 70
35 75
35 89
35 93
35 94
35 95
35 101
35 109
35 111
35 113
35 116
35 125
35 129
35 133
35 154
35 158
35 161
35 162
35 163
35 168
35 175
35 176
35 178
35 184
35 185
35 187
35 188
35 189
35 190
35 191
35 192
35 195
36 41
36 48
36 53
36 56
36 61
36 62
36 65
36 74
36 77
36 88
36 92
36 96
36 99
36 103
36 110
36 121
36 125
36 133
36 138
36 147
36 150
36 151
36 157
36 164
36 173
36 180
36 192
36 196
36 198
37 40
37 41
37 51
37 56
37 57
37 58
37 68
37 72
37 93
37 95
37 101
37 103
37 104
37 107
37 109
37 110
37 120
37 126
37 136
37 145
37 146
37 151
37 153
37 169
37 170
37 172
37 173
37 193
37 195
38 39
38 50
38 55
38 61
38 65
38 72
38 77
38 82
38 90
38 93
38 100
38 108
38 110
38 113
38 116
38 131
38 133
38 138
38 147
38 149
38 152
38 158
38 162
38 163
38 181
38 186
38 188
39 40
39 52
39 54
39 67
39 72
39 75
39 76
39 93
39 95
39 98
39 100
39 102
39 106
39 129
39 135
39 136
39 137
39 138
39 139
39 147
39 156
39 159
39 167
39 169
39 172
39 179
39 181
39 196
39 199
40 52
40 57
40 58
40 59
40 60
40 63
40 65
40 68
40 73
40 86
40 90
40 94
40 100
40 103
40 104
40 105
40 116
40 119
40 123
40 126
40 129
40 140
40 144
40 145
40 147
40 158
40 159
40 185
40 186
40 190
40 191
40 196
41 42
41 44
41 48
41 51
41 52
41 59
41 60
41 61
41 63
41 68
41 77
41 80
41 82
41 87
41 89
41 110
41 117
41 118
41 127
41 128
41 129
41 136
41 138
41 143
41 161
41 168
41 170
41 171
41 182
41 184
41 196
42 44
42 45
42 51
42 64
42 68
42 76
42 79
42 81
42 90
42 99
42 102
42 103
42 107
42 113
42 114
42 116
42 122
42 126
42 135
42 137
42 141
42 154
42 158
42 171
42 172
42 180
42 186
42 187
43 50
43 55
43 61
43 63
43 68
43 72
43 78
43 83
43 92
43 93
43 97
43 108
43 109
43 119
43 121
43 123
43 124
43 132
43 138
43 157
43 164
43 165
43 173
43 186
43 189
43 190
43 192
43 194
43 196
43 198
44 51
44 52
44 60
44 64
44 65
44 68
44 71
44 73
44 84
44 97
44 127
44 132
44 133
44 139
44 141
44 145
44 154
44 156
44 159
44 168
44 169
44 171
44 173
44 179
44 181
44 193
45 50
45 53
45 56
45 60
45 62
45 64
45 81
45 82
45 86
45 90
45 105
45 109
45 110
45 113
45 124
45 139
45 144
45 152
45 169
45 171
45 185
45 189
45 197
46 49
46 51
46 52
46 58
46 59
46 67
46 80
46 83
46 94
46 119
46 120
46 128
46 135
46 143
46 145
46 148
46 149
46 154
46 155
46 166
46 167
46 178
46 186
46 193
47 49
47 58
47 61
47 62
47 63
47 64
47 71
47 79
47 82
47 87
47 92
47 95
47 96
47 103
47 120
47 124
47 146
47 148
47 149
47 152
47 156
47 158
47 161
47 162
47 165
47 168
47 171
47 177
47 182
47 185
47 193
47 195
47 196
48 61
48 66
48 67
48 78
48 81
48 86
48 90
48 91
48 101
48 112
48 115
48 121
48 122
48 129
48 130
48 133
48 134
48 136
48 149
48 154
48 159
48 160
48 172
48 175
48 176
48 180
48 182
48 184
48 185
48 187
48 194
48 195
49 52
49 65
49 70
49 78
49 79
49 90
49 92
49 95
49 97
49 111
49 114
49 118
49 124
49 135
49 140
49 143
49 154
49 159
49 164
49 165
49 171
49 187
49 189
49 195
49 196
50 54
50 56
50 66
50 74
50 76
50 77
50 85
50 90
50 93
50 101
50 103
50 106
50 109
50 120
50 122
50 129
50 130
50 136
50 141
50 143
50 145
50 150
50 151
50 155
50 156
50 160
50 177
50 181
50 187
50 190
50 191
50 194
51 53
51 58
51 61
51 66
51 67
51 71
51 73
51 86
51 89
51 90
51 92
51 93
51 98
51 100
51 106
51 109
51 111
51 117
51 119
51 121
51 126
51 128
51 132
51 133
51 141
51 146
51 149
51 153
51 156
51 159
51 178
51 186
51 189
51 191
51 193
51 195
52 56
52 64
52 66
52 67
52 78
52 86
52 93
52 97
52 102
52 104
52 106
52 110
52 113
52 115
52 118
52 123
52 130
52 133
52 137
52 138
52 141
52 145
52 147
52 149
52 150
52 177
52 179
52 181
52 185
52 189
52 193
52 195
53 64
53 67
53 81
53 93
53 94
53 106
53 107
53 109
53 110
53 114
53 115
53 116
53 117
53 118
53 122
53 125
53 127
53 129
53 133
53 135
53 141
53 147
53 154
53 155
53 156
53 160
53 165
53 170
53 176
53 187
53 189
53 190
53 196
54 58
54 65
54 71
54 72
54 73
54 77
54 80
54 83
54 92
54 95
54 98
54 99
54 104
54 109
54 112
54 113
54 118
54 120
54 127
54 129
54 134
54 136
54 139
54 145
54 149
54 152
54 156
54 169
54 178
54 182
54 187
54 188
54 190
54 192
54 193
54 197
55 67
55 71
55 76
55 99
55 101
55 125
55 127
55 134
55 166
55 169
55 170
55 171
55 175
55 177
55 185
55 189
55 192
55 194
55 199
56 69
56 75
56 79
56 86
56 96
56 97
56 99
56 103
56 104
56 107
56 108
56 124
56 131
56 135
56 137
56 146
56 147
56 148
56 156
56 160
56 166
56 167
56 168
56 169
56 170
56 186
56 187
56 188
56 191
56 198
56 199
57 64
57 69
57 71
57 73
57 79
57 80
57 84
57 95
57 99
57 110
57 120
57 135
57 141
57 142
57 148
57 149
57 151
57 154
57 155
57 157
57 160
57 163
57 169
57 170
57 171
57 175
57 189
57 195
58 60
58 66
58 68
58 74
58 85
58 86
58 88
58 94
58 102
58 103
58 106
58 107
58 116
58 120
58 121
58 124
58 128
58 133
58 142
58 145
58 148
58 158
58 159
58 160
58 172
58 180
58 182
58 192
58 196
59 65
59 68
59 75
59 95
59 97
59 103
59 115
59 116
59 124
59 128
59 138
59 140
59 144
59 149
59 153
59 154
59 163
59 175
59 186
59 188
59 198
60 67
60 73
60 75
60 84
60 85
60 95
60 99
60 108
60 116
60 131
60 135
60 143
60 146
60 147
60 153
60 158
60 162
60 163
60 167
60 174
60 183
60 184
60 188
60 194
60 197
61 63
61 70
61 74
61 76
61 79
61 84
61 88
61 92
61 100
61 101
61 105
61 106
61 109
61 110
61 113
61 115
61 117
61 118
61 119
61 120
61 124
61 125
61 136
61 147
61 151
61 156
61 165
61 171
61 173
61 180
61 188
61 196
62 65
62 66
62 73
62 77
62 89
62 101
62 107
62 108
62 111
62 140
62 144
62 145
62 147
62 148
62 151
62 156
62 164
62 168
62 173
62 174
62 177
62 182
62 189
63 67
63 76
63 78
63 82
63 88
63 92
63 112
63 121
63 122
63 133
63 136
63 137
63 155
63 159
63 162
63 168
63 169
63 170
63 172
63 174
63 181
63 182
63 186
63 188
63 196
63 197
64 68
64 70
64 72
64 73
64 77
64 79
64 81
64 83
64 84
64 86
64 91
64 111
64 115
64 116
64 117
64 118
64 120
64 121
64 122
64 125
64 126
64 129
64 133
64 143
64 147
64 148
64 154
64 162
64 168
64 172
64 179
64 191
65 74
65 77
65 83
65 89
65 95
65 105
65 108
65 109
65 111
65 112
65 117
65 122
65 123
65 126
65 135
65 137
65 142
65 143
65 147
65 154
65 155
65 161
65 166
65 167
65 178
65 182
65 183
65 185
65 195
66 67
66 68
66 71
66 78
66 81
66 84
66 88
66 101
66 108
66 110
66 113
66 114
66 116
66 118
66 119
66 122
66 136
66 153
66 154
66 157
66 159
66 161
66 164
66 167
66 170
66 177
66 183
66 187
66 189
66 194
67 70
67 73
67 79
67 82
67 84
67 86
67 91
67 96
67 113
67 117
67 121
67 134
67 142
67 150
67 152
67 153
67 154
67 164
67 169
67 170
67 173
67 195
68 71
68 86
68 88
68 90
68 92
68 110
68 114
68 115
68 119
68 131
68 132
68 134
68 137
68 141
68 143
68 145
68 148
68 149
68 152
68 154
68 158
68 167
68 171
68 176
68 177
68 178
68 181
68 182
68 189
68 193
68 194
68 195
68 196
68 198
69 70
69 71
69 75
69 92
69 101
69 112
69 116
69 123
69 124
69 134
69 142
69 159
69 177
70 75
70 82
70 91
70 98
70 110
70 117
70 118
70 122
70 123
70 130
70 131
70 132
70 134
70 137
70 145
70 149
70 153
70 154
70 164
70 168
70 170
70 180
70 193
70 198
71 79
71 86
71 91
71 99
71 103
71 105
71 106
71 110
71 114
71 119
71 121
71 122
71 131
71 134
71 144
71 149
71 150
71 155
71 156
71 159
71 161
71 164
71 177
71 181
71 187
71 194
72 76
72 78
72 87
72 99
72 100
72 112
72 116
72 117
72 128
72 134
72 138
72 144
72 147
72 157
72 158
72 166
72 185
72 191
73 78
73 85
73 89
73 95
73 99
73 113
73 114
73 123
73 126
73 127
73 149
73 153
73 157
73 159
73 171
73 172
73 184
73 188
73 189
73 192
73 194
74 81
74 84
74 99
74 100
74 104
74 106
74 108
74 118
74 120
74 121
74 125
74 126
74 128
74 129
74 134
74 138
74 139
74 140
74 141
74 148
74 150
74 151
74 155
74 161
74 163
74 168
74 178
74 181
74 187
75 85
75 89
75 90
75 96
75 97
75 100
75 101
75 102
75 106
75 107
75 109
75 111
75 115
75 118
75 123
75 126
75 129
75 136
75 138
75 143
75 148
75 152
75 153
75 160
75 164
75 165
75 168
75 186
75 190
76 84
76 93
76 94
76 96
76 97
76 104
76 108
76 109
76 113
76 115
76 116
76 122
76 127
76 128
76 129
76 133
76 134
76 135
76 136
76 140
76 163
76 175
76 180
76 191
76 195
77 80
77 82
77 88
77 93
77 100
77 110
77 115
77 125
77 126
77 128
77 132
77 133
77 134
77 137
77 139
77 143
77 150
77 158
77 160
77 161
77 166
77 179
77 180
77 181
77 191
77 195
78 83
78 88
78 90
78 91
78 94
78 99
78 104
78 108
78 109
78 112
78 114
78 120
78 127
78 137
78 138
78 150
78 154
78 165
78 174
78 176
78 183
78 188
78 195
78 199
79 90
79 94
79 99
79 100
79 103
79 113
79 114
79 115
79 125
79 128
79 129
79 131
79 132
79 136
79 154
79 159
79 173
79 174
79 176
79 184
79 185
79 193
80 81
80 85
80 89
80 93
80 116
80 117
80 120
80 122
80 123
80 125
80 130
80 134
80 145
80 162
80 165
80 180
80 182
80 184
80 191
80 192
80 194
80 196
81 86
81 101
81 110
81 111
81 117
81 118
81 121
81 126
81 140
81 145
81 146
81 154
81 158
81 159
81 163
81 172
81 177
81 187
81 189
82 85
82 89
82 99
82 103
82 108
82 109
82 110
82 112
82 122
82 124
82 127
82 129
82 137
82 151
82 159
82 160
82 167
82 169
82 176
82 179
82 184
82 185
82 188
82 192
82 196
82 197
83 87
83 89
83 94
83 96
83 104
83 106
83 116
83 117
83 121
83 123
83 141
83 142
83 144
83 146
83 147
83 157
83 165
83 171
83 174
83 181
83 186
83 195
84 91
84 96
84 99
84 103
84 104
84 108
84 124
84 128
84 140
84 142
84 143
84 151
84 155
84 159
84 161
84 169
84 175
84 178
84 180
84 184
84 185
84 196
84 197
85 90
85 93
85 96
85 98
85 104
85 105
85 124
85 139
85 141
85 149
85 160
85 161
85 162
85 168
85 169
85 172
85 176
85 183
85 185
85 195
85 196
85 199
86 104
86 108
86 111
86 119
86 122
86 124
86 133
86 139
86 140
86 142
86 143
86 147
86 151
86 153
86 167
86 169
86 187
87 100
87 113
87 114
87 118
87 125
87 129
87 134
87 135
87 138
87 143
87 144
87 157
87 164
87 169
87 175
87 178
87 180
87 186
87 191
87 195
87 198
87 199
88 89
88 102
88 103
88 104
88 105
88 113
88 116
88 118
88 121
88 122
88 136
88 145
88 149
88 156
88 158
88 161
88 167
88 169
88 171
88 173
88 178
88 180
88 181
88 188
89 94
89 95
89 100
89 101
89 102
89 104
89 106
89 109
89 111
89 126
89 130
89 151
89 159
89 160
89 163
89 169
89 171
89 174
89 177
89 183
89 189
89 191
89 193
90 100
90 109
90 116
90 122
90 131
90 142
90 153
90 157
90 167
90 170
90 172
90 176
90 177
90 179
90 192
90 198
91 93
91 94
91 98
91 100
91 106
91 110
91 119
91 120
91 121
91 122
91 128
91 133
91 134
91 139
91 142
91 145
91 149
91 156
91 164
91 176
91 178
91 183
91 188
91 191
91 199
92 93
92 102
92 103
92 104
92 105
92 108
92 111
92 112
92 121
92 125
92 126
92 129
92 135
92 137
92 140
92 141
92 148
92 152
92 153
92 155
92 171
92 176
92 178
92 184
92 194
92 195
92 197
92 198
93 100
93 102
93 104
93 106
93 111
93 120
93 125
93 127
93 129
93 130
93 141
93 142
93 147
93 152
93 153
93 156
93 157
93 160
93 168
93 173
93 174
93 175
93 186
93 187
93 188
93 189
93 190
93 194
93 196
94 95
94 97
94 98
94 106
94 109
94 112
94 113
94 115
94 116
94 117
94 121
94 128
94 136
94 139
94 148
94 149
94 150
94 159
94 179
94 181
94 183
94 187
94 193
94 196
94 199
95 97
95 101
95 104
95 106
95 107
95 110
95 117
95 119
95 124
95 131
95 137
95 142
95 143
95 147
95 163
95 176
95 177
95 181
95 182
95 188
96 104
96 120
96 121
96 123
96 125
96 126
96 133
96 134
96 139
96 142
96 149
96 151
96 153
96 154
96 158
96 159
96 160
96 161
96 164
96 168
96 174
96 179
96 182
96 183
96 185
96 196
96 197
97 112
97 114
97 120
97 122
97 128
97 130
97 135
97 140
97 149
97 159
97 160
97 161
97 166
97 171
97 172
97 178
97 185
97 186
97 193
97 197
98 102
98 104
98 111
98 113
98 114
98 116
98 118
98 119
98 123
98 127
98 128
98 135
98 139
98 144
98 147
98 158
98 160
98 161
98 169
98 174
98 175
98 185
98 186
98 195
98 196
99 117
99 120
99 126
99 128
99 129
99 142
99 157
99 164
99 171
99 179
99 186
100 102
100 111
100 114
100 120
100 122
100 127
100 134
100 154
100 162
100 163
100 167
100 169
100 171
100 172
100 174
100 176
100 181
100 182
100 186
100 195
101 104
101 106
101 107
101 110
101 114
101 117
101 119
101 121
101 134
101 139
101 145
101 146
101 150
101 156
101 157
101 171
101 173
101 183
101 186
101 187
101 192
101 196
102 104
102 113
102 120
102 122
102 129
102 135
102 142
102 144
102 153
102 159
102 162
102 169
102 170
102 173
102 174
102 178
102 180
102 181
102 185
102 186
102 187
103 105
103 124
103 127
103 129
103 138
103 139
103 146
103 148
103 149
103 155
103 160
103 164
103 166
103 179
103 185
103 190
103 198
104 105
104 107
104 125
104 131
104 135
104 137
104 138
104 152
104 155
104 167
104 174
104 182
104 186
104 195
104 197
104 198
105 113
105 116
105 120
105 126
105 130
105 132
105 140
105 144
105 148
105 156
105 161
105 162
105 165
105 167
105 183
105 186
105 194
105 197
106 107
106 110
106 116
106 130
106 137
106 148
106 150
106 158
106 162
106 172
106 175
106 180
106 183
106 190
106 198
106 199
107 114
107 129
107 130
107 131
107 139
107 143
107 144
107 152
107 163
107 164
107 173
107 174
107 177
107 185
107 189
107 190
107 196
107 198
108 111
108 121
108 124
108 126
108 128
108 136
108 138
108 152
108 153
108 154
108 177
108 186
108 192
108 193
108 194
109 118
109 121
109 130
109 131
109 133
109 137
109 145
109 148
109 149
109 153
109 162
109 164
109 165
109 187
109 192
109 199
110 111
110 117
110 119
110 146
110 161
110 163
110 164
110 165
110 167
110 168
110 169
110 170
110 183
110 186
110 190
110 196
111 122
111 123
111 124
111 125
111 126
111 138
111 143
111 147
111 149
111 152
111 160
111 171
111 176
111 177
111 184
111 188
112 114
112 122
112 127
112 129
112 145
112 146
112 147
112 152
112 155
112 170
112 174
112 175
112 176
112 177
112 178
112 181
112 185
112 188
112 191
112 194
112 195
113 116
113 121
113 122
113 124
113 143
113 147
113 156
113 178
113 180
113 183
113 184
113 185
113 187
113 190
113 197
113 198
114 117
114 120
114 128
114 140
114 147
114 149
114 154
114 156
114 158
114 159
114 163
114 165
114 166
114 170
114 172
114 176
114 179
114 181
114 182
114 188
114 196
114 198
115 117
115 122
115 125
115 146
115 147
115 152
115 154
115 165
115 171
115 173
115 175
115 176
115 177
115 180
115 183
115 191
115 196
116 119
116 133
116 147
116 148
116 149
116 155
116 157
116 158
116 165
116 167
116 169
116 170
116 175
116 177
116 179
116 180
116 183
116 188
116 190
116 199
117 120
117 125
117 130
117 139
117 151
117 152
117 153
117 157
117 158
117 195
118 119
118 120
118 121
118 126
118 128
118 135
118 140
118 141
118 145
118 148
118 160
118 163
118 164
118 165
118 166
118 182
118 197
119 122
119 124
119 128
119 129
119 130
119 132
119 141
119 143
119 151
119 153
119 165
119 167
119 174
119 176
119 178
119 180
119 191
119 195
120 126
120 147
120 148
120 156
120 158
120 160
120 165
120 172
120 173
120 178
120 179
120 191
120 196
121 127
121 136
121 144
121 150
121 151
121 154
121 159
121 160
121 163
121 166
121 172
121 174
121 176
121 178
121 188
121 195
122 123
122 129
122 130
122 131
122 135
122 139
122 141
122 147
122 153
122 160
122 163
122 167
122 168
122 169
122 174
122 175
122 185
122 186
122 187
122 194
123 128
123 133
123 137
123 144
123 145
123 147
123 153
123 154
123 158
123 168
123 185
123 188
124 128
124 131
124 135
124 136
124 148
124 149
124 150
124 153
124 156
124 158
124 160
124 166
124 168
124 170
124 193
125 135
125 136
125 140
125 147
125 161
125 169
125 173
125 176
125 177
125 179
125 187
125 190
125 194
126 128
126 150
126 157
126 165
126 177
126 185
126 196
126 199
127 128
127 130
127 131
127 133
127 134
127 140
127 144
127 147
127 161
127 164
127 168
127 169
127 171
127 180
127 181
127 186
127 187
127 190
127 198
128 136
128 138
128 139
128 140
128 141
128 142
128 151
128 152
128 159
128 167
128 171
128 174
128 186
128 190
128 197
128 199
129 131
129 132
129 135
129 147
129 151
129 155
129 157
129 167
129 175
129 179
129 181
129 182
129 194
130 133
130 135
130 136
130 140
130 148
130 149
130 154
130 155
130 158
130 160
130 161
130 169
130 170
130 171
130 172
130 177
130 181
130 184
130 186
130 198
131 132
131 136
131 141
131 153
131 155
131 159
131 160
131 164
131 171
131 172
131 173
131 174
131 179
131 181
131 185
131 193
132 133
132 136
132 149
132 152
132 153
132 154
132 164
132 165
132 171
132 172
132 174
132 175
132 176
132 179
132 184
132 185
132 191
133 142
133 149
133 168
133 175
133 177
133 184
133 187
133 192
134 137
134 138
134 141
134 144
134 149
134 150
134 154
134 155
134 160
134 165
134 178
134 187
134 190
134 192
134 197
135 137
135 146
135 150
135 156
135 159
135 163
135 165
135 169
135 172
135 174
135 175
135 184
135 187
135 190
135 195
135 199
136 152
136 157
136 166
136 170
136 176
136 191
136 192
136 195
136 199
137 140
137 147
137 151
137 154
137 158
137 165
137 167
137 169
137 172
137 178
137 197
137 199
138 144
138 156
138 157
138 176
138 178
138 179
138 182
138 183
138 185
138 187
138 194
138 197
139 148
139 162
139 171
139 174
139 178
139 182
139 186
139 189
139 194
139 197
140 151
140 154
140 159
140 162
140 164
140 165
140 166
140 170
140 173
140 176
140 186
140 187
140 191
141 142
141 167
141 168
141 178
141 185
141 195
142 145
142 149
142 151
142 154
142 156
142 166
142 181
142 191
142 194
143 147
143 152
143 153
143 156
143 159
143 162
143 166
143 170
143 181
143 183
143 184
143 189
143 197
144 150
144 173
144 176
144 181
144 193
145 157
145 162
145 170
145 173
145 183
145 184
145 189
145 195
146 148
146 155
146 158
146 161
146 165
146 166
146 172
146 173
146 174
146 182
146 183
146 188
146 193
146 195
147 153
147 159
147 162
147 168
147 172
147 176
147 178
147 179
147 183
147 193
147 197
148 154
148 157
148 160
148 161
148 168
148 174
148 192
148 195
148 197
149 150
149 152
149 153
149 154
149 170
149 174
149 178
149 183
149 184
149 186
149 198
149 199
150 154
150 156
150 157
150 166
150 173
150 186
151 160
151 161
151 165
151 166
151 168
151 182
151 184
151 191
151 194
152 155
152 169
152 175
152 178
152 185
152 186
152 187
152 189
152 194
152 197
153 156
153 160
153 170
153 175
153 181
153 184
153 190
153 196
153 197
153 199
154 159
154 173
154 177
154 179
154 180
154 181
154 187
154 189
154 195
155 156
155 157
155 160
155 161
155 166
155 167
155 171
155 176
155 179
155 180
155 182
155 191
155 193
156 170
156 176
156 184
156 192
157 158
157 159
157 168
157 170
157 173
157 186
157 198
158 159
158 161
158 162
158 167
158 181
158 184
158 190
158 192
158 198
159 168
159 180
159 183
159 185
159 193
159 194
160 166
160 167
160 173
160 174
160 176
160 177
160 181
160 185
160 189
160 199
161 164
161 173
161 175
161 176
161 179
161 180
161 193
161 198
161 199
162 177
162 178
162 180
162 188
162 195
162 197
163 166
163 195
163 198
164 165
164 166
164 168
164 169
164 178
164 183
164 185
164 199
165 173
165 175
165 184
165 190
165 194
165 195
165 198
166 172
166 180
166 185
166 187
166 189
166 192
166 195
166 197
166 198
167 187
167 189
168 170
168 171
168 172
168 177
168 187
168 189
168 192
168 193
169 171
169 181
169 187
169 188
169 196
169 198
170 186
170 193
170 196
170 199
171 172
171 178
171 179
171 185
171 192
172 173
172 175
172 177
172 189
172 196
172 197
173 181
173 189
173 195
174 175
174 177
174 181
174 185
174 193
175 177
175 179
175 187
175 188
175 196
176 186
176 187
176 189
177 178
177 179
177 192
177 193
177 195
177 196
177 199
178 183
178 199
179 181
179 191
179 197
180 181
180 196
181 186
181 189
181 192
181 195
183 184
183 185
183 190
183 193
184 187
184 194
184 198
185 186
185 189
185 192
185 196
186 188
186 192
186 196
187 190
187 199
188 194
188 198
188 199
189 190
189 192
189 197
189 198
191 192
191 195
192 197
195 198
