200 5721
58 51
21 74
17 90
65 59
64 92
59 11
72 69
57 18
19 44
25 67
93 10
19 61
38 78
42 90
84 97
21 97
13 81
83 82
69 85
69 64
97 63
52 71
71 10
16 81
96 79
48 14
73 39
71 41
97 43
92 98
57 98
85 48
93 51
99 78
54 57
89 76
25 84
30 35
34 88
53 81
66 95
59 58
98 18
37 80
75 98
43 15
47 92
46 53
39 97
68 14
80 11
93 96
84 62
12 17
83 87
88 31
60 62
38 77
80 28
36 47
75 92
41 27
23 76
35 63
94 32
71 80
91 23
60 47
63 87
24 71
56 74
40 12
55 39
24 62
74 43
89 56
94 56
78 82
53 38
11 73
66 84
14 59
100 69
46 85
54 53
60 68
82 45
100 64
47 78
45 97
48 51
57 95
61 66
22 94
95 100
80 84
79 11
12 90
33 82
53 42
30 50
61 97
39 61
73 67
28 12
32 77
96 96
27 82
45 11
47 81
100 22
24 87
13 66
17 26
83 20
19 12
57 53
80 65
87 91
98 58
21 59
91 83
49 13
92 77
75 24
54 79
43 57
74 43
17 84
49 32
44 21
65 11
79 13
33 84
14 40
44 53
79 50
36 73
62 90
91 41
71 10
28 48
58 31
49 30
79 31
92 73
62 36
21 23
77 71
89 60
69 100
89 75
65 41
96 67
21 45
59 81
61 57
24 97
66 73
70 26
48 14
16 100
44 48
72 23
33 78
17 88
45 73
27 51
43 41
18 26
26 68
93 63
10 32
47 25
75 31
63 45
13 42
90 55
10 68
68 47
26 67
90 54
24 74
30 12
23 56
74 28
91 38
80 84
61 59
41 18
92 30
51 55
26 83
67 89
72 40
85 20
98 15
77 32
48 69
33 23
4003
0 6
0 9
0 21
0 22
0 30
0 33
0 35
0 36
0 38
0 48
0 50
0 52
0 54
0 69
0 73
0 74
0 78
0 82
0 83
0 88
0 90
0 95
0 100
0 103
0 104
0 105
0 108
0 112
0 114
0 124
0 125
0 126
0 134
0 140
0 141
0 147
0 152
0 155
0 156
0 159
0 162
0 163
0 172
0 175
0 177
0 181
0 197
1 2
1 7
1 9
1 21
1 30
1 39
1 41
1 43
1 44
1 45
1 52
1 58
1 79
1 86
1 89
1 90
1 91
1 102
1 104
1 113
1 121
1 141
1 143
1 147
1 152
1 156
1 157
1 169
1 172
1 178
1 183
1 190
1 191
1 197
1 199
2 5
2 13
2 14
2 18
2 19
2 26
2 27
2 33
2 38
2 52
2 53
2 57
2 62
2 71
2 74
2 85
2 90
2 93
2 94
2 103
2 113
2 118
2 121
2 125
2 127
2 129
2 136
2 137
2 138
2 144
2 145
2 150
2 154
2 157
2 159
2 164
2 167
2 170
2 171
2 174
2 176
2 178
2 183
2 190
3 6
3 14
3 16
3 25
3 26
3 27
3 37
3 43
3 62
3 64
3 80
3 86
3 89
3 90
3 92
3 99
3 102
3 104
3 105
3 106
3 114
3 115
3 121
3 127
3 129
3 138
3 140
3 141
3 142
3 143
3 145
3 151
3 156
3 166
3 168
3 174
3 180
3 182
3 184
4 5
4 10
4 11
4 20
4 28
4 43
4 45
4 49
4 50
4 53
4 68
4 83
4 93
4 100
4 103
4 110
4 127
4 128
4 132
4 136
4 141
4 144
4 147
4 152
4 153
4 157
4 164
4 176
4 180
4 187
5 10
5 13
5 17
5 19
5 23
5 25
5 27
5 28
5 29
5 31
5 41
5 42
5 44
5 59
5 62
5 63
5 69
5 70
5 78
5 82
5 83
5 85
5 92
5 96
5 98
5 99
5 101
5 104
5 105
5 106
5 108
5 111
5 112
5 113
5 116
5 117
5 118
5 123
5 128
5 129
5 131
5 138
5 140
5 142
5 159
5 168
5 169
5 177
5 180
5 184
5 185
5 199
6 11
6 12
6 18
6 29
6 33
6 44
6 52
6 54
6 63
6 65
6 69
6 70
6 77
6 82
6 87
6 103
6 110
6 111
6 116
6 118
6 125
6 132
6 136
6 147
6 151
6 164
6 165
6 167
6 171
6 177
6 186
6 192
7 15
7 16
7 28
7 30
7 34
7 49
7 56
7 60
7 62
7 63
7 69
7 74
7 85
7 88
7 95
7 96
7 97
7 107
7 111
7 112
7 117
7 121
7 126
7 129
7 136
7 145
7 147
7 150
7 157
7 164
7 166
7 179
7 186
8 20
8 33
8 37
8 39
8 45
8 46
8 48
8 57
8 58
8 59
8 63
8 67
8 68
8 70
8 72
8 73
8 78
8 81
8 92
8 102
8 118
8 120
8 128
8 129
8 141
8 148
8 153
8 176
8 180
8 181
8 185
8 193
8 199
9 19
9 25
9 27
9 38
9 39
9 43
9 44
9 45
9 46
9 50
9 55
9 58
9 59
9 62
9 65
9 84
9 86
9 93
9 105
9 107
9 119
9 123
9 128
9 130
9 131
9 132
9 133
9 134
9 147
9 151
9 152
9 153
9 158
9 159
9 162
9 168
9 169
9 177
9 181
9 183
9 185
9 188
9 191
9 193
9 196
10 17
10 23
10 31
10 35
10 36
10 38
10 46
10 47
10 49
10 52
10 57
10 60
10 64
10 65
10 70
10 76
10 80
10 91
10 95
10 107
10 109
10 112
10 117
10 127
10 128
10 132
10 134
10 145
10 160
10 162
10 164
10 169
10 174
10 181
10 182
10 190
10 194
10 196
11 16
11 20
11 22
11 26
11 27
11 28
11 31
11 33
11 34
11 36
11 38
11 43
11 60
11 62
11 65
11 66
11 73
11 74
11 79
11 82
11 85
11 87
11 99
11 101
11 103
11 105
11 109
11 112
11 118
11 119
11 123
11 124
11 127
11 136
11 140
11 159
11 162
11 178
11 179
11 180
11 191
11 196
12 14
12 17
12 43
12 44
12 48
12 50
12 51
12 53
12 65
12 67
12 70
12 71
12 73
12 76
12 77
12 80
12 84
12 93
12 95
12 105
12 111
12 113
12 117
12 120
12 134
12 140
12 141
12 143
12 147
12 148
12 153
12 158
12 170
12 172
12 173
12 182
12 184
12 186
12 188
12 193
13 14
13 19
13 24
13 38
13 39
13 42
13 46
13 55
13 57
13 59
13 60
13 67
13 71
13 75
13 86
13 88
13 89
13 91
13 93
13 94
13 106
13 120
13 124
13 127
13 139
13 144
13 158
13 159
13 170
13 172
13 184
13 191
13 192
13 193
14 22
14 37
14 51
14 53
14 57
14 62
14 81
14 82
14 90
14 91
14 94
14 100
14 107
14 110
14 115
14 116
14 118
14 119
14 120
14 125
14 127
14 131
14 139
14 150
14 161
14 162
14 166
14 168
14 179
14 181
14 185
14 190
14 191
14 197
15 31
15 32
15 34
15 37
15 39
15 43
15 46
15 47
15 52
15 55
15 57
15 59
15 65
15 68
15 70
15 73
15 93
15 95
15 100
15 103
15 105
15 107
15 113
15 122
15 123
15 129
15 132
15 137
15 138
15 140
15 143
15 144
15 146
15 147
15 152
15 155
15 159
15 168
15 172
15 176
15 181
15 184
15 197
16 23
16 27
16 31
16 37
16 40
16 45
16 50
16 55
16 56
16 60
16 71
16 78
16 82
16 87
16 95
16 108
16 111
16 123
16 128
16 133
16 138
16 145
16 153
16 155
16 162
16 163
16 164
16 173
16 180
16 181
16 182
16 185
16 197
17 20
17 21
17 27
17 29
17 35
17 38
17 42
17 51
17 55
17 60
17 66
17 70
17 91
17 95
17 99
17 110
17 117
17 132
17 141
17 146
17 152
17 154
17 155
17 158
17 163
17 166
17 169
17 172
17 174
17 175
17 176
17 178
17 183
17 187
17 189
17 191
17 194
17 196
17 197
18 24
18 25
18 27
18 31
18 32
18 34
18 37
18 51
18 55
18 60
18 65
18 71
18 82
18 98
18 106
18 108
18 113
18 116
18 117
18 120
18 122
18 124
18 129
18 130
18 132
18 136
18 146
18 150
18 151
18 158
18 159
18 169
18 179
18 180
18 182
18 183
18 184
18 186
18 190
18 192
18 193
18 195
18 199
19 24
19 34
19 37
19 42
19 45
19 59
19 63
19 72
19 76
19 83
19 84
19 88
19 96
19 97
19 103
19 110
19 113
19 116
19 118
19 119
19 125
19 134
19 136
19 137
19 144
19 146
19 151
19 152
19 153
19 155
19 156
19 160
19 175
19 177
19 178
19 189
19 191
19 193
20 22
20 27
20 30
20 35
20 41
20 44
20 54
20 56
20 76
20 77
20 87
20 89
20 91
20 93
20 94
20 99
20 100
20 108
20 110
20 114
20 116
20 126
20 132
20 136
20 152
20 158
20 159
20 165
20 168
20 171
20 173
20 179
20 180
21 32
21 38
21 41
21 43
21 50
21 55
21 60
21 61
21 70
21 71
21 77
21 82
21 83
21 84
21 85
21 89
21 90
21 91
21 94
21 96
21 99
21 102
21 103
21 107
21 125
21 140
21 145
21 149
21 156
21 159
21 160
21 171
21 179
21 181
21 182
21 186
21 188
21 189
22 23
22 24
22 37
22 49
22 54
22 55
22 58
22 84
22 85
22 86
22 93
22 101
22 103
22 107
22 108
22 111
22 112
22 118
22 119
22 127
22 133
22 137
22 138
22 139
22 146
22 153
22 160
22 162
22 166
22 167
22 169
22 170
22 172
22 186
22 188
22 191
22 192
22 196
22 197
23 34
23 40
23 65
23 73
23 80
23 91
23 95
23 96
23 99
23 103
23 104
23 114
23 124
23 125
23 126
23 127
23 135
23 139
23 147
23 153
23 157
23 158
23 160
23 162
23 164
23 170
23 178
23 184
23 186
23 187
23 188
23 190
23 192
24 28
24 30
24 36
24 45
24 47
24 56
24 57
24 59
24 62
24 63
24 65
24 67
24 68
24 71
24 72
24 85
24 91
24 96
24 98
24 115
24 122
24 124
24 125
24 129
24 135
24 138
24 162
24 164
24 174
24 179
24 181
24 185
24 197
24 199
25 28
25 33
25 35
25 48
25 61
25 63
25 64
25 67
25 70
25 74
25 78
25 85
25 96
25 98
25 101
25 102
25 106
25 120
25 133
25 134
25 139
25 143
25 145
25 146
25 148
25 162
25 163
25 171
25 174
25 178
25 184
25 189
25 191
25 192
25 196
25 197
26 31
26 32
26 34
26 39
26 41
26 47
26 49
26 53
26 54
26 64
26 73
26 78
26 88
26 99
26 103
26 104
26 108
26 115
26 117
26 123
26 130
26 133
26 135
26 136
26 137
26 141
26 149
26 150
26 156
26 158
26 160
26 165
26 169
26 170
26 178
26 191
26 195
27 32
27 33
27 37
27 48
27 55
27 56
27 58
27 64
27 67
27 81
27 96
27 97
27 104
27 106
27 109
27 112
27 118
27 119
27 121
27 126
27 127
27 128
27 129
27 131
27 138
27 141
27 144
27 148
27 150
27 151
27 164
27 165
27 168
27 170
27 174
27 175
27 183
27 187
27 192
28 31
28 38
28 57
28 58
28 92
28 98
28 99
28 107
28 118
28 119
28 120
28 129
28 131
28 133
28 138
28 145
28 150
28 151
28 161
28 162
28 168
28 178
28 179
28 183
28 186
28 187
28 191
28 196
29 30
29 31
29 34
29 38
29 59
29 63
29 70
29 78
29 79
29 82
29 85
29 91
29 97
29 102
29 107
29 108
29 110
29 114
29 116
29 117
29 121
29 137
29 138
29 144
29 146
29 147
29 149
29 160
29 165
29 167
29 168
29 173
29 182
29 183
29 185
29 190
29 192
30 33
30 34
30 37
30 46
30 48
30 50
30 60
30 63
30 64
30 69
30 73
30 82
30 84
30 90
30 91
30 103
30 106
30 111
30 116
30 139
30 140
30 142
30 154
30 157
30 162
30 163
30 164
30 166
30 167
30 169
30 171
30 173
30 177
30 192
30 196
30 197
31 39
31 41
31 44
31 50
31 64
31 65
31 73
31 83
31 91
31 98
31 106
31 111
31 125
31 134
31 135
31 136
31 138
31 141
31 143
31 145
31 164
31 165
31 167
31 168
31 175
31 187
31 188
32 36
32 43
32 44
32 59
32 65
32 66
32 68
32 75
32 80
32 82
32 83
32 92
32 96
32 107
32 116
32 123
32 124
32 125
32 128
32 129
32 134
32 144
32 152
32 153
32 156
32 157
32 160
32 165
32 180
32 182
32 183
32 184
32 187
32 192
32 199
33 44
33 45
33 64
33 69
33 71
33 77
33 79
33 80
33 81
33 87
33 95
33 101
33 102
33 103
33 105
33 106
33 111
33 113
33 126
33 132
33 138
33 149
33 158
33 159
33 163
33 174
33 176
33 180
33 184
33 185
33 187
33 196
33 199
34 39
34 43
34 49
34 68
34 71
34 79
34 80
34 81
34 82
34 105
34 106
34 115
34 119
34 120
34 125
34 128
34 136
34 142
34 143
34 144
34 146
34 151
34 158
34 165
34 166
34 169
34 171
34 172
34 180
34 192
34 198
35 39
35 42
35 46
35 48
35 54
35 63
35 67
35 72
35 77
35 79
35 81
35 85
35 86
35 87
35 95
35 98
35 106
35 110
35 111
35 115
35 127
35 129
35 143
35 152
35 159
35 164
35 168
35 170
35 179
35 183
35 185
35 186
35 194
35 196
36 37
36 39
36 55
36 61
36 65
36 66
36 71
36 76
36 90
36 95
36 96
36 97
36 99
36 103
36 105
36 116
36 120
36 129
36 133
36 143
36 149
36 152
36 153
36 171
36 180
36 181
36 182
36 183
36 186
36 195
36 196
36 198
37 45
37 54
37 67
37 76
37 77
37 84
37 85
37 87
37 89
37 91
37 94
37 100
37 102
37 105
37 110
37 118
37 123
37 124
37 126
37 128
37 134
37 136
37 139
37 146
37 147
37 149
37 150
37 153
37 154
37 161
37 163
37 165
37 167
37 171
37 175
37 187
37 190
37 192
37 194
37 195
37 196
37 199
38 41
38 45
38 53
38 70
38 71
38 73
38 74
38 75
38 79
38 87
38 89
38 93
38 95
38 102
38 104
38 122
38 128
38 130
38 134
38 138
38 142
38 145
38 149
38 150
38 156
38 161
38 167
38 176
38 183
38 191
38 199
39 43
39 47
39 51
39 69
39 86
39 93
39 94
39 98
39 102
39 107
39 108
39 110
39 112
39 118
39 123
39 124
39 126
39 134
39 141
39 164
39 170
39 174
39 181
39 183
39 184
39 195
39 199
40 47
40 50
40 51
40 55
40 59
40 60
40 62
40 70
40 71
40 72
40 78
40 83
40 84
40 86
40 87
40 92
40 94
40 95
40 101
40 112
40 113
40 120
40 125
40 126
40 127
40 139
40 144
40 151
40 153
40 165
40 166
40 169
40 191
40 198
41 45
41 47
41 50
41 64
41 68
41 80
41 88
41 89
41 95
41 97
41 104
41 111
41 121
41 122
41 128
41 129
41 131
41 132
41 134
41 135
41 137
41 149
41 158
41 165
41 166
41 169
41 173
41 175
41 179
41 183
41 184
41 191
41 197
42 45
42 46
42 48
42 52
42 77
42 82
42 94
42 99
42 103
42 112
42 113
42 136
42 137
42 149
42 152
42 158
42 161
42 166
42 167
42 169
42 172
42 177
42 181
42 183
42 184
42 185
42 193
42 195
42 199
43 45
43 46
43 49
43 65
43 67
43 72
43 74
43 79
43 80
43 82
43 85
43 87
43 88
43 89
43 90
43 93
43 97
43 98
43 107
43 108
43 111
43 115
43 116
43 119
43 128
43 131
43 148
43 149
43 155
43 163
43 164
43 168
43 172
43 175
43 181
43 185
43 188
44 51
44 60
44 61
44 68
44 76
44 84
44 86
44 87
44 89
44 92
44 101
44 103
44 108
44 113
44 118
44 120
44 148
44 155
44 158
44 165
44 169
44 176
44 178
44 183
44 188
44 199
45 47
45 48
45 60
45 61
45 86
45 91
45 92
45 99
45 101
45 105
45 107
45 108
45 109
45 117
45 120
45 123
45 142
45 148
45 151
45 155
45 157
45 163
45 172
45 175
45 176
45 178
45 179
45 180
45 182
45 183
45 185
45 186
45 187
46 53
46 62
46 63
46 73
46 93
46 95
46 102
46 112
46 116
46 120
46 121
46 127
46 134
46 138
46 139
46 152
46 160
46 161
46 164
46 172
46 179
46 182
46 186
46 193
46 194
46 199
47 59
47 61
47 70
47 71
47 73
47 75
47 81
47 86
47 88
47 91
47 95
47 98
47 99
47 100
47 107
47 111
47 114
47 116
47 118
47 121
47 128
47 131
47 135
47 139
47 140
47 143
47 146
47 150
47 152
47 157
47 162
47 165
47 166
47 199
48 67
48 68
48 70
48 74
48 83
48 86
48 91
48 92
48 99
48 100
48 104
48 106
48 107
48 112
48 113
48 116
48 122
48 126
48 130
48 133
48 143
48 144
48 152
48 153
48 154
48 161
48 167
48 175
48 185
48 190
48 193
48 195
48 198
49 50
49 53
49 57
49 62
49 67
49 70
49 74
49 78
49 79
49 80
49 82
49 92
49 100
49 109
49 115
49 118
49 129
49 130
49 131
49 136
49 147
49 158
49 162
49 166
49 182
49 189
49 190
49 195
50 51
50 55
50 56
50 58
50 60
50 61
50 64
50 67
50 70
50 75
50 83
50 89
50 94
50 95
50 96
50 98
50 104
50 107
50 112
50 124
50 125
50 131
50 135
50 142
50 145
50 147
50 149
50 156
50 159
50 160
50 162
50 164
50 166
50 173
50 175
50 176
50 180
50 184
50 185
50 191
50 193
50 199
51 56
51 66
51 69
51 75
51 81
51 88
51 89
51 107
51 122
51 130
51 142
51 151
51 153
51 156
51 157
51 162
51 163
51 165
51 166
51 167
51 169
51 171
51 177
51 186
51 187
51 191
51 195
51 199
52 56
52 60
52 66
52 67
52 75
52 90
52 95
52 96
52 108
52 110
52 114
52 121
52 125
52 131
52 133
52 139
52 146
52 154
52 155
52 156
52 157
52 158
52 160
52 161
52 171
52 178
52 181
52 182
52 188
52 189
53 55
53 56
53 57
53 59
53 65
53 67
53 72
53 74
53 79
53 80
53 81
53 82
53 86
53 104
53 107
53 121
53 128
53 129
53 132
53 133
53 142
53 145
53 148
53 149
53 151
53 156
53 168
53 170
53 172
53 190
53 193
54 60
54 61
54 63
54 64
54 69
54 72
54 75
54 83
54 87
54 89
54 93
54 98
54 99
54 100
54 117
54 120
54 123
54 126
54 130
54 134
54 145
54 147
54 150
54 153
54 156
54 157
54 168
54 171
54 175
54 177
54 179
54 181
54 182
54 187
54 193
54 194
54 197
54 198
55 56
55 62
55 64
55 68
55 74
55 76
55 78
55 98
55 105
55 111
55 115
55 120
55 129
55 141
55 142
55 146
55 147
55 153
55 154
55 156
55 157
55 164
55 170
55 176
55 178
55 184
55 188
55 189
55 195
56 58
56 65
56 67
56 81
56 83
56 86
56 87
56 88
56 93
56 95
56 103
56 108
56 116
56 118
56 120
56 121
56 122
56 128
56 129
56 133
56 138
56 140
56 143
56 155
56 164
56 167
56 169
56 170
56 177
56 183
56 192
56 198
57 67
57 80
57 88
57 92
57 93
57 109
57 111
57 113
57 116
57 123
57 124
57 128
57 129
57 133
57 136
57 138
57 144
57 145
57 149
57 160
57 165
57 171
57 173
57 174
57 188
57 189
57 190
57 196
58 63
58 67
58 71
58 72
58 83
58 89
58 91
58 104
58 107
58 118
58 119
58 122
58 123
58 129
58 132
58 139
58 144
58 149
58 152
58 154
58 155
58 168
58 169
58 172
58 178
58 184
58 191
58 197
59 70
59 85
59 95
59 98
59 100
59 112
59 119
59 122
59 123
59 126
59 127
59 133
59 135
59 140
59 145
59 150
59 151
59 158
59 160
59 165
59 169
59 175
59 182
59 183
59 184
59 186
59 189
59 193
59 198
60 64
60 70
60 78
60 79
60 92
60 93
60 97
60 109
60 125
60 126
60 128
60 130
60 131
60 133
60 135
60 141
60 145
60 148
60 150
60 152
60 153
60 166
60 169
60 170
60 184
60 195
60 197
60 198
61 71
61 82
61 84
61 92
61 94
61 100
61 102
61 111
61 114
61 116
61 122
61 124
61 126
61 128
61 129
61 134
61 135
61 136
61 141
61 143
61 147
61 149
61 152
61 155
61 157
61 159
61 160
61 161
61 168
61 170
61 172
61 173
61 179
61 180
62 66
62 71
62 79
62 85
62 89
62 90
62 92
62 96
62 99
62 114
62 119
62 144
62 149
62 155
62 157
62 163
62 165
62 169
62 174
62 182
62 184
62 186
62 187
62 189
62 192
63 64
63 67
63 68
63 76
63 77
63 79
63 84
63 104
63 106
63 118
63 120
63 122
63 124
63 129
63 131
63 140
63 159
63 164
63 173
63 181
63 183
63 184
63 185
63 194
63 195
64 75
64 81
64 85
64 88
64 90
64 92
64 93
64 100
64 111
64 114
64 115
64 122
64 142
64 151
64 156
64 159
64 161
64 162
64 164
64 165
64 167
64 176
64 186
64 188
64 192
64 198
65 92
65 94
65 95
65 98
65 99
65 105
65 106
65 129
65 132
65 135
65 152
65 153
65 159
65 161
65 174
65 176
65 179
65 181
65 184
65 186
65 198
66 71
66 74
66 76
66 86
66 93
66 95
66 100
66 108
66 109
66 110
66 118
66 122
66 123
66 126
66 135
66 138
66 139
66 143
66 144
66 145
66 146
66 149
66 155
66 163
66 166
66 167
66 171
66 179
66 180
66 183
66 188
66 189
66 191
66 194
66 195
67 72
67 73
67 75
67 84
67 90
67 100
67 105
67 106
67 111
67 125
67 133
67 137
67 140
67 145
67 151
67 159
67 160
67 171
67 173
67 186
67 196
67 197
67 198
67 199
68 74
68 77
68 85
68 86
68 90
68 91
68 92
68 106
68 111
68 118
68 122
68 126
68 127
68 128
68 131
68 133
68 135
68 136
68 138
68 142
68 143
68 146
68 152
68 158
68 159
68 164
68 166
68 168
68 172
68 173
68 177
68 180
68 185
69 73
69 75
69 82
69 86
69 88
69 100
69 108
69 110
69 112
69 116
69 117
69 122
69 124
69 132
69 133
69 135
69 140
69 152
69 155
69 158
69 165
69 172
69 173
70 85
70 91
70 96
70 107
70 108
70 109
70 110
70 119
70 123
70 126
70 127
70 135
70 137
70 141
70 148
70 153
70 157
70 170
70 174
70 178
70 181
70 182
70 186
70 192
70 198
71 77
71 91
71 100
71 102
71 105
71 119
71 124
71 134
71 137
71 139
71 140
71 141
71 144
71 147
71 161
71 164
71 171
71 174
71 194
72 81
72 86
72 92
72 100
72 103
72 104
72 105
72 111
72 118
72 127
72 133
72 135
72 136
72 140
72 141
72 161
72 179
72 181
72 183
72 197
72 198
73 76
73 80
73 81
73 82
73 83
73 90
73 95
73 98
73 100
73 111
73 114
73 117
73 125
73 128
73 133
73 140
73 148
73 162
73 164
73 168
73 171
73 175
73 176
73 181
73 182
73 187
73 188
73 192
74 81
74 83
74 86
74 95
74 96
74 98
74 100
74 104
74 112
74 114
74 116
74 118
74 121
74 132
74 136
74 143
74 147
74 148
74 151
74 155
74 164
74 167
74 170
74 175
74 189
75 81
75 82
75 85
75 91
75 92
75 100
75 105
75 107
75 112
75 118
75 129
75 136
75 147
75 149
75 150
75 157
75 158
75 165
75 166
75 169
75 186
75 187
75 189
75 190
75 196
76 81
76 84
76 85
76 86
76 89
76 92
76 96
76 102
76 103
76 126
76 128
76 145
76 148
76 150
76 152
76 155
76 159
76 162
76 182
76 187
76 193
77 92
77 100
77 107
77 112
77 113
77 114
77 115
77 123
77 124
77 127
77 136
77 153
77 155
77 177
77 179
77 183
77 184
77 186
77 190
77 192
77 194
77 197
77 199
78 80
78 81
78 88
78 91
78 92
78 96
78 99
78 100
78 101
78 102
78 112
78 127
78 134
78 135
78 138
78 148
78 149
78 163
78 165
78 178
78 180
78 188
78 190
78 195
78 197
79 82
79 90
79 101
79 103
79 119
79 122
79 131
79 138
79 140
79 150
79 152
79 158
79 168
79 176
79 178
79 181
79 183
79 184
79 187
79 190
79 192
79 194
79 196
80 90
80 91
80 97
80 108
80 116
80 119
80 120
80 132
80 138
80 143
80 145
80 155
80 158
80 164
80 169
80 170
80 175
80 178
80 188
80 190
80 194
80 197
80 198
80 199
81 83
81 87
81 98
81 101
81 110
81 114
81 116
81 125
81 127
81 131
81 132
81 133
81 138
81 143
81 155
81 160
81 161
81 168
81 169
81 173
81 186
81 188
82 83
82 87
82 88
82 99
82 104
82 105
82 108
82 110
82 117
82 121
82 126
82 129
82 133
82 135
82 142
82 145
82 158
82 168
82 169
82 195
82 197
83 87
83 89
83 94
83 96
83 102
83 109
83 123
83 126
83 127
83 137
83 145
83 161
83 162
83 163
83 165
83 170
83 174
83 190
83 198
83 199
84 86
84 88
84 94
84 95
84 108
84 113
84 114
84 121
84 124
84 135
84 136
84 142
84 143
84 150
84 152
84 158
84 160
84 162
84 171
84 174
84 180
84 187
84 193
85 86
85 92
85 93
85 95
85 105
85 106
85 113
85 120
85 122
85 125
85 137
85 146
85 151
85 157
85 159
85 162
85 164
85 166
85 167
85 168
85 172
85 183
85 185
85 186
85 187
86 87
86 90
86 92
86 93
86 94
86 101
86 102
86 108
86 110
86 116
86 118
86 119
86 123
86 126
86 128
86 129
86 130
86 132
86 134
86 149
86 151
86 166
86 171
86 179
86 180
86 184
86 189
86 191
86 196
86 199
87 88
87 91
87 100
87 110
87 112
87 123
87 142
87 144
87 151
87 154
87 159
87 160
87 163
87 165
87 166
87 171
87 182
87 198
87 199
88 90
88 92
88 103
88 106
88 109
88 111
88 117
88 121
88 126
88 141
88 142
88 153
88 158
88 161
88 171
88 177
88 180
88 181
88 188
88 189
88 192
88 197
89 93
89 96
89 97
89 100
89 103
89 106
89 110
89 113
89 120
89 123
89 129
89 132
89 133
89 139
89 140
89 147
89 148
89 152
89 168
89 176
89 177
89 185
89 186
89 189
89 194
90 102
90 107
90 118
90 120
90 121
90 123
90 134
90 136
90 138
90 141
90 142
90 151
90 152
90 154
90 162
90 168
90 175
90 177
90 180
90 181
91 96
91 99
91 101
91 105
91 106
91 108
91 109
91 112
91 113
91 114
91 119
91 128
91 134
91 145
91 151
91 152
91 154
91 160
91 169
91 175
91 177
91 178
91 187
92 101
92 110
92 111
92 114
92 116
92 117
92 130
92 138
92 139
92 142
92 148
92 157
92 160
92 161
92 166
92 169
92 178
92 187
92 188
92 191
92 194
92 196
93 94
93 95
93 98
93 100
93 110
93 122
93 124
93 136
93 137
93 142
93 147
93 148
93 149
93 152
93 155
93 158
93 172
93 192
93 198
94 96
94 97
94 98
94 104
94 105
94 113
94 116
94 118
94 124
94 125
94 145
94 147
94 148
94 151
94 154
94 157
94 165
94 166
94 168
94 169
94 170
94 173
94 180
94 183
94 186
94 197
95 97
95 101
95 102
95 105
95 110
95 124
95 125
95 127
95 135
95 136
95 139
95 144
95 148
95 151
95 155
95 161
95 162
95 163
95 164
95 180
95 184
95 193
95 194
95 197
95 199
96 97
96 102
96 111
96 114
96 121
96 126
96 131
96 134
96 136
96 144
96 145
96 157
96 163
96 168
96 182
96 185
96 192
96 195
96 196
97 101
97 114
97 124
97 131
97 137
97 145
97 147
97 148
97 154
97 157
97 158
97 159
97 161
97 176
97 177
97 183
97 188
97 199
98 106
98 108
98 109
98 111
98 114
98 116
98 119
98 125
98 137
98 148
98 153
98 155
98 156
98 159
98 188
98 189
98 192
98 193
98 197
99 107
99 111
99 116
99 119
99 122
99 135
99 141
99 145
99 146
99 149
99 151
99 163
99 164
99 171
99 172
99 175
99 186
99 194
99 198
100 107
100 109
100 128
100 129
100 133
100 140
100 143
100 152
100 159
100 160
100 176
100 181
100 184
100 185
101 119
101 127
101 135
101 136
101 139
101 156
101 157
101 164
101 173
101 182
101 183
101 184
101 195
101 196
101 199
102 105
102 108
102 114
102 116
102 121
102 126
102 134
102 137
102 148
102 153
102 158
102 163
102 169
102 175
102 178
102 181
102 184
102 191
102 193
102 195
102 196
102 198
103 111
103 113
103 115
103 118
103 120
103 132
103 133
103 141
103 146
103 154
103 156
103 161
103 164
103 168
103 172
103 177
103 184
103 185
103 188
103 196
104 105
104 106
104 107
104 110
104 111
104 112
104 118
104 125
104 131
104 148
104 153
104 160
104 165
104 168
104 170
104 172
104 174
104 177
104 188
104 195
104 196
104 199
105 106
105 108
105 115
105 116
105 117
105 120
105 133
105 141
105 148
105 154
105 161
105 171
105 172
105 175
105 176
105 177
105 178
105 185
105 187
105 190
105 197
105 198
106 107
106 109
106 114
106 119
106 125
106 128
106 130
106 133
106 137
106 138
106 139
106 142
106 143
106 145
106 154
106 155
106 157
106 158
106 173
106 178
106 180
106 182
106 183
106 184
106 186
107 114
107 123
107 126
107 129
107 131
107 147
107 149
107 152
107 153
107 160
107 167
107 182
107 185
107 187
107 190
107 192
107 199
108 116
108 121
108 133
108 138
108 139
108 154
108 163
108 166
108 167
108 170
108 172
108 173
108 178
108 184
108 185
108 191
108 195
109 110
109 122
109 125
109 144
109 150
109 154
109 157
109 165
109 177
109 181
109 185
109 188
109 193
110 116
110 126
110 130
110 133
110 136
110 157
110 158
110 162
110 164
110 173
110 175
110 178
110 182
110 187
110 189
110 190
110 192
110 194
110 195
110 199
111 117
111 118
111 121
111 137
111 148
111 156
111 160
111 170
111 176
111 178
111 179
111 180
111 185
111 186
111 193
112 120
112 125
112 127
112 129
112 142
112 157
112 163
112 164
112 173
112 177
112 182
112 189
112 190
112 196
112 197
113 116
113 118
113 129
113 138
113 153
113 159
113 161
113 165
113 169
113 173
113 175
113 182
113 184
113 189
113 195
114 116
114 117
114 120
114 121
114 122
114 134
114 136
114 142
114 150
114 154
114 157
114 159
114 172
114 176
114 180
114 194
114 198
115 117
115 121
115 125
115 127
115 133
115 134
115 144
115 148
115 151
115 154
115 157
115 158
115 164
115 165
115 169
115 171
115 173
115 179
115 182
115 184
115 185
115 189
115 193
115 194
116 119
116 123
116 124
116 126
116 128
116 132
116 134
116 136
116 149
116 153
116 158
116 163
116 170
116 171
116 172
116 176
116 180
116 183
116 198
117 124
117 129
117 143
117 147
117 157
117 161
117 166
117 171
117 172
117 175
117 179
117 186
117 191
118 120
118 123
118 131
118 136
118 143
118 146
118 149
118 153
118 159
118 164
118 171
118 173
118 174
118 183
118 190
119 122
119 128
119 129
119 134
119 137
119 141
119 144
119 145
119 147
119 173
119 178
119 183
119 188
119 189
119 191
120 123
120 131
120 137
120 139
120 140
120 143
120 147
120 151
120 152
120 153
120 161
120 166
120 171
120 176
120 178
120 180
120 183
120 189
120 192
120 195
120 196
120 197
120 199
121 124
121 132
121 141
121 142
121 144
121 159
121 162
121 163
121 168
121 189
121 190
121 193
121 196
121 199
122 124
122 125
122 127
122 128
122 131
122 138
122 140
122 145
122 150
122 153
122 154
122 161
122 163
122 164
122 165
122 166
122 167
122 170
122 179
123 126
123 127
123 136
123 146
123 160
123 161
123 164
123 173
123 179
123 183
123 184
123 188
123 194
123 196
124 136
124 146
124 150
124 151
124 162
124 163
124 164
124 173
124 178
124 180
124 184
124 187
124 188
125 129
125 130
125 141
125 144
125 146
125 151
125 153
125 156
125 157
125 159
125 162
125 163
125 165
125 173
125 174
125 178
125 180
125 182
125 185
125 188
125 190
125 193
126 139
126 140
126 142
126 148
126 151
126 163
126 187
126 199
127 130
127 136
127 137
127 141
127 160
127 163
127 168
127 169
127 172
127 176
127 185
127 186
127 188
127 189
127 193
127 195
128 134
128 140
128 142
128 148
128 164
128 166
128 169
128 171
128 172
128 176
128 182
128 189
128 191
128 192
128 195
129 134
129 136
129 138
129 142
129 156
129 169
129 177
129 185
129 189
129 195
130 133
130 138
130 168
130 175
130 176
130 182
130 194
131 138
131 152
131 162
131 166
131 174
131 175
131 177
131 178
131 181
131 183
131 188
131 189
131 196
132 135
132 138
132 154
132 158
132 161
132 165
132 177
132 181
132 182
132 191
132 193
132 197
133 134
133 136
133 138
133 150
133 155
133 157
133 158
133 165
133 169
133 174
133 176
133 188
133 191
133 192
133 199
134 144
134 145
134 149
134 153
134 157
134 168
134 177
134 180
134 182
134 185
134 189
134 195
134 196
135 142
135 158
135 164
135 166
135 181
135 185
135 187
135 190
136 137
136 139
136 141
136 144
136 149
136 152
136 172
136 177
136 178
136 191
136 192
136 199
137 140
137 144
137 150
137 157
137 165
137 174
137 178
137 184
137 185
137 186
137 189
137 194
137 197
138 151
138 152
138 153
138 154
138 163
138 174
138 175
138 176
138 177
138 179
138 184
138 185
138 189
138 191
138 193
139 147
139 149
139 163
139 164
139 165
139 168
139 175
139 176
139 185
139 197
140 153
140 164
140 168
140 171
140 172
140 178
140 181
140 189
140 190
140 192
140 199
141 142
141 143
141 145
141 146
141 148
141 155
141 158
141 159
141 160
141 162
141 163
141 188
141 191
141 198
142 150
142 155
142 157
142 163
142 165
142 178
142 192
142 194
143 145
143 148
143 149
143 155
143 161
143 165
143 170
143 173
143 175
143 178
143 183
144 146
144 151
144 155
144 159
144 168
144 171
144 172
144 178
144 194
144 195
144 196
145 149
145 155
145 157
145 159
145 160
145 165
145 169
145 170
145 172
145 174
145 185
145 190
146 151
146 155
146 168
146 181
146 183
146 186
147 149
147 151
147 159
147 170
147 173
147 175
147 178
147 179
147 183
147 186
147 187
147 191
147 194
147 195
147 196
148 150
148 160
148 164
148 169
148 171
148 184
148 193
148 194
149 153
149 156
149 161
149 164
149 183
149 198
150 152
150 159
150 161
150 176
150 182
150 185
150 188
150 189
151 154
151 157
151 164
151 165
151 166
151 167
151 174
151 177
151 178
151 180
151 195
151 197
152 169
152 171
152 173
152 192
153 158
153 160
153 164
153 183
153 185
153 191
153 193
153 195
154 173
154 177
154 189
154 191
154 192
154 197
154 199
155 166
155 174
155 177
155 186
155 192
155 197
156 161
156 166
156 171
156 172
156 180
156 184
156 191
156 192
156 197
156 198
157 159
157 162
157 167
157 174
157 178
157 183
157 184
157 193
158 170
158 171
158 181
158 184
158 187
158 197
158 199
159 180
159 182
159 193
160 166
160 174
160 179
160 185
160 187
160 189
160 195
160 196
160 197
160 199
161 162
161 165
161 168
161 173
161 180
161 185
161 187
161 197
161 199
162 165
162 173
162 181
162 185
162 186
162 194
162 196
163 164
163 166
163 167
163 173
163 174
163 176
163 178
163 188
163 194
163 196
164 168
164 171
164 172
164 183
164 187
164 189
164 190
164 191
164 199
165 169
165 175
165 177
165 186
165 191
165 192
165 197
166 174
166 183
166 184
166 190
166 198
167 177
167 178
167 180
167 181
167 182
167 192
168 187
168 189
168 192
168 194
168 196
169 180
169 186
169 192
169 194
169 197
170 172
170 178
170 184
170 190
170 193
170 196
170 197
170 198
171 176
171 182
171 187
171 190
171 194
171 198
172 176
172 185
172 186
172 190
172 191
172 195
172 197
173 174
173 181
173 183
173 184
173 192
173 199
174 175
174 187
174 189
174 190
174 193
175 185
175 194
175 195
175 197
175 198
176 182
176 184
176 188
176 189
176 194
176 195
177 178
177 183
177 184
177 190
178 184
178 191
178 193
179 189
179 190
180 184
180 190
180 196
180 198
180 199
181 183
181 185
181 186
181 187
182 184
182 190
182 198
183 185
183 186
183 188
183 193
184 188
184 191
185 187
185 194
185 196
185 197
186 188
186 194
186 199
187 196
188 193
189 192
189 193
190 191
190 193
190 199
191 196
191 199
192 196
192 197
193 194
193 196
194 196
194 198
195 197
196 199
