50 1493
39 99
52 98
55 93
88 53
74 53
69 21
12 89
97 95
35 74
69 76
18 82
54 70
57 15
64 28
68 54
70 45
15 57
65 44
19 68
14 46
31 88
50 33
81 15
25 65
88 51
66 69
46 51
61 32
11 12
25 48
37 36
95 87
37 22
10 80
32 83
26 24
75 100
62 33
19 94
30 60
75 56
45 48
36 44
54 61
99 83
54 19
29 97
46 98
59 51
47 86
641
0 1
0 6
0 7
0 8
0 10
0 11
0 15
0 17
0 18
0 20
0 21
0 24
0 25
0 27
0 29
0 30
0 32
0 35
0 38
0 40
0 42
0 43
0 46
0 47
0 49
1 3
1 4
1 6
1 7
1 11
1 12
1 15
1 16
1 17
1 19
1 20
1 22
1 23
1 24
1 26
1 27
1 28
1 29
1 31
1 32
1 33
1 34
1 36
1 38
1 39
1 40
1 41
1 43
1 44
1 45
1 46
1 47
1 48
2 4
2 6
2 8
2 10
2 14
2 17
2 21
2 23
2 24
2 25
2 26
2 27
2 28
2 31
2 33
2 34
2 35
2 36
2 37
2 38
2 42
2 43
2 45
2 46
2 47
2 48
3 6
3 11
3 12
3 13
3 14
3 15
3 18
3 19
3 20
3 21
3 22
3 23
3 26
3 29
3 30
3 31
3 33
3 34
3 39
3 41
3 42
3 46
3 47
4 7
4 9
4 13
4 14
4 17
4 18
4 20
4 21
4 22
4 24
4 25
4 26
4 28
4 29
4 31
4 32
4 34
4 37
4 39
4 40
4 42
4 44
4 45
4 47
5 6
5 7
5 8
5 13
5 14
5 15
5 16
5 17
5 19
5 20
5 21
5 24
5 31
5 34
5 36
5 37
5 38
5 40
5 43
5 44
5 47
6 8
6 11
6 14
6 15
6 17
6 18
6 20
6 21
6 23
6 24
6 26
6 27
6 28
6 30
6 31
6 32
6 34
6 35
6 37
6 38
6 39
6 42
6 43
6 46
6 48
7 10
7 11
7 15
7 17
7 22
7 24
7 26
7 30
7 31
7 34
7 35
7 36
7 41
7 42
7 45
7 48
7 49
8 11
8 13
8 15
8 19
8 20
8 22
8 25
8 26
8 27
8 29
8 32
8 33
8 35
8 37
8 38
8 40
8 43
8 46
8 48
9 12
9 15
9 20
9 21
9 24
9 25
9 32
9 33
9 34
9 35
9 37
9 38
9 41
9 45
9 46
9 48
9 49
10 14
10 15
10 19
10 20
10 21
10 22
10 23
10 24
10 27
10 34
10 35
10 38
10 39
10 41
10 42
10 43
10 46
10 49
11 12
11 14
11 15
11 16
11 17
11 18
11 20
11 21
11 22
11 24
11 25
11 26
11 27
11 29
11 30
11 33
11 34
11 35
11 37
11 38
11 41
11 42
11 45
12 13
12 16
12 21
12 23
12 25
12 26
12 30
12 32
12 33
12 35
12 36
12 37
12 39
12 41
12 45
12 46
12 48
12 49
13 14
13 16
13 17
13 18
13 19
13 22
13 23
13 24
13 25
13 27
13 28
13 29
13 30
13 31
13 33
13 34
13 35
13 36
13 38
13 44
13 45
13 46
13 48
13 49
14 21
14 23
14 24
14 27
14 29
14 32
14 34
14 35
14 40
14 41
14 42
14 43
14 44
14 46
14 48
14 49
15 19
15 21
15 23
15 24
15 25
15 26
15 27
15 28
15 29
15 30
15 31
15 34
15 35
15 37
15 38
15 40
15 43
15 44
15 45
15 48
15 49
16 17
16 21
16 22
16 23
16 25
16 33
16 35
16 36
16 37
16 38
16 44
16 45
16 46
16 47
16 48
17 20
17 22
17 26
17 27
17 31
17 33
17 37
17 39
17 41
17 42
17 43
17 45
17 46
17 48
18 19
18 20
18 22
18 24
18 25
18 28
18 31
18 32
18 33
18 34
18 35
18 38
18 39
18 42
18 44
18 46
18 47
18 49
19 20
19 23
19 26
19 30
19 32
19 33
19 34
19 35
19 36
19 37
19 38
19 44
19 45
19 46
19 48
20 21
20 23
20 24
20 25
20 27
20 28
20 32
20 33
20 39
20 41
20 42
20 43
20 44
20 45
20 46
20 47
20 48
20 49
21 23
21 26
21 28
21 29
21 30
21 33
21 37
21 39
21 40
21 41
21 43
21 45
21 47
21 48
21 49
22 24
22 25
22 26
22 27
22 28
22 30
22 31
22 32
22 33
22 35
22 36
22 37
22 38
22 39
22 40
22 42
22 43
22 44
22 45
22 47
23 24
23 25
23 26
23 28
23 31
23 32
23 34
23 36
23 37
23 38
23 39
23 40
23 41
23 42
23 43
23 44
23 45
23 48
24 28
24 31
24 32
24 35
24 37
24 39
24 41
24 42
24 44
24 46
24 48
24 49
25 26
25 27
25 28
25 31
25 32
25 33
25 39
25 40
25 41
25 43
25 45
25 47
26 27
26 29
26 30
26 32
26 33
26 34
26 37
26 38
26 39
26 41
26 42
26 43
26 45
26 46
26 47
26 48
26 49
27 29
27 30
27 35
27 36
27 37
27 38
27 39
27 40
27 42
27 43
27 48
27 49
28 29
28 32
28 34
28 35
28 38
28 42
28 47
29 32
29 33
29 35
29 36
29 37
29 38
29 39
29 40
29 41
29 42
29 44
29 45
29 46
30 31
30 32
30 34
30 36
30 39
30 43
30 45
30 47
30 49
31 37
31 40
31 41
31 45
31 46
32 33
32 36
32 38
32 39
32 40
32 41
32 42
32 43
32 44
32 45
32 48
32 49
33 34
33 35
33 37
33 40
33 45
33 46
33 47
34 35
34 36
34 37
34 39
34 40
34 41
34 45
34 47
34 48
35 37
35 40
35 49
36 40
36 49
37 43
37 44
37 45
37 48
37 49
38 40
38 41
38 42
38 46
38 49
39 40
39 41
39 44
39 45
39 48
39 49
40 41
40 42
40 43
40 45
40 47
40 49
41 42
41 43
41 45
41 46
41 47
41 49
42 43
42 47
43 46
43 47
44 45
44 46
44 48
45 46
45 48
46 47
