200 5709
87 31
81 98
87 64
37 52
77 59
100 41
36 61
74 33
97 67
75 28
10 62
46 33
21 38
71 83
75 99
61 22
26 19
70 39
67 90
82 45
99 85
100 83
23 98
99 61
26 24
17 19
29 82
100 50
50 54
10 19
61 93
60 86
15 67
17 44
96 88
31 49
51 80
15 17
95 66
20 21
46 25
44 42
88 43
96 93
70 39
51 17
54 76
58 10
48 78
23 68
35 99
66 77
63 55
26 40
29 88
42 71
98 62
19 65
64 44
25 11
53 66
28 83
95 98
89 44
66 77
93 89
55 68
43 54
28 80
23 25
58 19
34 88
42 27
68 98
92 44
68 15
74 99
51 59
50 19
70 27
41 26
91 13
55 45
16 95
45 66
22 42
35 78
54 76
27 58
56 66
23 99
62 48
27 32
88 100
32 81
33 27
59 61
77 67
62 73
64 99
98 68
84 22
46 37
62 46
73 12
16 77
93 66
17 36
60 53
66 89
31 89
100 59
82 88
66 68
47 73
100 77
65 82
74 45
53 13
49 28
78 43
76 33
42 85
88 64
62 94
61 91
52 70
26 78
73 43
88 88
15 23
74 21
63 37
12 32
61 40
26 44
30 46
20 36
65 81
11 44
18 47
59 91
83 50
54 34
25 32
35 57
65 32
26 42
10 28
33 86
74 17
59 70
79 62
95 54
76 21
43 57
36 29
88 29
45 59
62 96
69 77
34 32
23 62
77 78
52 82
43 77
24 10
71 84
62 90
12 97
74 16
97 67
77 48
100 84
57 24
27 58
63 18
73 71
94 71
76 75
46 75
52 88
95 69
37 82
56 99
64 58
25 48
45 34
44 36
58 21
95 68
20 83
49 68
58 73
71 54
24 26
22 53
26 46
94 39
17 79
7909
0 1
0 6
0 9
0 10
0 12
0 13
0 16
0 20
0 24
0 29
0 31
0 33
0 34
0 35
0 36
0 38
0 42
0 43
0 44
0 45
0 51
0 52
0 53
0 56
0 57
0 58
0 60
0 61
0 62
0 63
0 67
0 69
0 72
0 77
0 80
0 81
0 82
0 84
0 85
0 86
0 93
0 98
0 102
0 103
0 104
0 107
0 112
0 117
0 118
0 123
0 127
0 131
0 132
0 133
0 135
0 140
0 141
0 147
0 153
0 154
0 155
0 156
0 157
0 158
0 162
0 164
0 165
0 167
0 169
0 179
0 182
0 183
0 186
0 187
0 188
0 192
0 195
0 198
0 199
1 4
1 6
1 9
1 11
1 12
1 15
1 18
1 21
1 22
1 23
1 25
1 26
1 28
1 29
1 32
1 35
1 39
1 40
1 41
1 43
1 44
1 46
1 50
1 53
1 54
1 55
1 56
1 63
1 65
1 66
1 67
1 70
1 72
1 75
1 78
1 79
1 81
1 82
1 83
1 85
1 87
1 88
1 93
1 94
1 96
1 98
1 99
1 101
1 110
1 111
1 113
1 114
1 115
1 119
1 120
1 125
1 126
1 128
1 130
1 131
1 132
1 134
1 135
1 140
1 141
1 143
1 145
1 147
1 151
1 155
1 157
1 158
1 163
1 168
1 170
1 171
1 173
1 181
1 183
1 188
1 189
1 191
1 192
1 195
1 196
2 5
2 9
2 14
2 16
2 18
2 20
2 24
2 28
2 31
2 32
2 33
2 34
2 37
2 38
2 39
2 41
2 42
2 43
2 50
2 51
2 53
2 55
2 56
2 60
2 63
2 68
2 70
2 72
2 76
2 77
2 79
2 80
2 81
2 82
2 92
2 93
2 94
2 98
2 100
2 106
2 110
2 118
2 122
2 124
2 125
2 126
2 127
2 130
2 135
2 138
2 144
2 148
2 151
2 152
2 155
2 159
2 164
2 165
2 166
2 169
2 171
2 172
2 178
2 179
2 183
2 189
2 191
2 193
2 198
3 5
3 6
3 9
3 10
3 11
3 12
3 13
3 18
3 21
3 23
3 24
3 28
3 41
3 42
3 49
3 50
3 52
3 53
3 55
3 56
3 58
3 61
3 62
3 64
3 65
3 68
3 69
3 72
3 73
3 76
3 78
3 81
3 82
3 83
3 93
3 95
3 96
3 97
3 101
3 106
3 109
3 112
3 117
3 118
3 119
3 121
3 122
3 125
3 128
3 133
3 135
3 137
3 142
3 148
3 150
3 152
3 153
3 155
3 156
3 157
3 158
3 159
3 168
3 171
3 172
3 173
3 174
3 175
3 178
3 180
3 182
3 183
3 184
3 189
3 190
3 195
4 7
4 8
4 12
4 15
4 17
4 23
4 25
4 27
4 28
4 30
4 33
4 36
4 38
4 41
4 43
4 46
4 48
4 49
4 54
4 55
4 58
4 59
4 67
4 68
4 75
4 77
4 78
4 83
4 84
4 86
4 88
4 89
4 90
4 97
4 98
4 99
4 102
4 103
4 104
4 107
4 113
4 115
4 118
4 119
4 131
4 135
4 138
4 142
4 143
4 145
4 153
4 155
4 158
4 159
4 162
4 164
4 165
4 167
4 169
4 171
4 174
4 177
4 178
4 179
4 180
4 181
4 182
4 188
4 190
4 191
4 193
4 198
5 8
5 10
5 11
5 13
5 15
5 21
5 22
5 23
5 26
5 28
5 30
5 34
5 36
5 39
5 40
5 41
5 44
5 52
5 55
5 56
5 59
5 61
5 65
5 66
5 68
5 71
5 73
5 74
5 80
5 81
5 84
5 86
5 88
5 91
5 92
5 96
5 98
5 100
5 103
5 108
5 117
5 119
5 120
5 123
5 129
5 130
5 134
5 136
5 137
5 139
5 143
5 147
5 149
5 150
5 157
5 160
5 163
5 165
5 167
5 168
5 169
5 172
5 173
5 176
5 179
5 180
5 182
5 185
5 187
5 188
5 190
5 191
5 196
5 197
6 8
6 10
6 16
6 17
6 20
6 25
6 27
6 32
6 33
6 34
6 36
6 37
6 41
6 44
6 47
6 48
6 49
6 53
6 59
6 62
6 66
6 68
6 71
6 75
6 76
6 78
6 81
6 82
6 83
6 84
6 86
6 87
6 90
6 91
6 92
6 93
6 94
6 99
6 103
6 105
6 107
6 112
6 116
6 118
6 119
6 122
6 126
6 128
6 129
6 132
6 133
6 140
6 143
6 153
6 155
6 161
6 162
6 164
6 165
6 167
6 170
6 171
6 181
6 185
6 188
6 190
6 191
6 192
6 194
6 197
6 199
7 10
7 11
7 14
7 15
7 19
7 21
7 22
7 23
7 24
7 25
7 26
7 28
7 30
7 33
7 37
7 39
7 42
7 47
7 49
7 50
7 56
7 58
7 60
7 61
7 63
7 64
7 66
7 67
7 69
7 72
7 81
7 82
7 85
7 92
7 95
7 96
7 97
7 100
7 106
7 108
7 111
7 119
7 123
7 124
7 125
7 126
7 128
7 135
7 136
7 142
7 143
7 146
7 147
7 148
7 152
7 154
7 155
7 156
7 157
7 158
7 160
7 162
7 163
7 164
7 165
7 169
7 170
7 171
7 172
7 173
7 174
7 176
7 177
7 186
7 187
7 192
7 196
7 199
8 10
8 11
8 18
8 20
8 21
8 24
8 25
8 28
8 30
8 32
8 36
8 37
8 39
8 44
8 45
8 46
8 48
8 52
8 53
8 54
8 56
8 57
8 58
8 59
8 61
8 63
8 64
8 67
8 71
8 77
8 79
8 82
8 93
8 94
8 96
8 98
8 100
8 101
8 105
8 107
8 109
8 111
8 112
8 113
8 117
8 120
8 122
8 132
8 133
8 135
8 141
8 147
8 150
8 154
8 156
8 161
8 162
8 165
8 166
8 169
8 171
8 172
8 174
8 183
8 193
8 195
9 12
9 13
9 15
9 16
9 19
9 21
9 22
9 24
9 26
9 29
9 30
9 31
9 34
9 38
9 39
9 48
9 50
9 51
9 54
9 58
9 60
9 61
9 66
9 69
9 70
9 71
9 72
9 73
9 75
9 79
9 84
9 86
9 87
9 90
9 91
9 93
9 94
9 97
9 101
9 102
9 107
9 108
9 109
9 111
9 113
9 114
9 115
9 118
9 120
9 122
9 123
9 127
9 130
9 138
9 139
9 140
9 141
9 143
9 146
9 147
9 148
9 158
9 161
9 168
9 170
9 172
9 173
9 177
9 178
9 179
9 184
9 186
9 187
9 189
9 191
9 192
9 193
9 197
9 199
10 12
10 15
10 16
10 18
10 19
10 20
10 21
10 28
10 29
10 32
10 34
10 37
10 39
10 43
10 44
10 45
10 46
10 47
10 51
10 54
10 55
10 59
10 61
10 62
10 64
10 67
10 68
10 69
10 72
10 74
10 75
10 82
10 87
10 89
10 95
10 103
10 107
10 108
10 109
10 111
10 112
10 116
10 118
10 119
10 124
10 131
10 132
10 133
10 134
10 137
10 138
10 141
10 143
10 146
10 147
10 148
10 150
10 151
10 156
10 161
10 163
10 164
10 165
10 168
10 169
10 170
10 172
10 173
10 178
10 179
10 182
10 186
10 188
10 192
10 193
11 16
11 19
11 24
11 27
11 28
11 31
11 34
11 37
11 38
11 39
11 43
11 46
11 50
11 51
11 52
11 53
11 54
11 55
11 60
11 64
11 67
11 69
11 70
11 71
11 73
11 80
11 83
11 86
11 89
11 91
11 93
11 97
11 99
11 100
11 101
11 104
11 105
11 107
11 112
11 115
11 116
11 117
11 118
11 123
11 127
11 132
11 133
11 136
11 137
11 139
11 142
11 144
11 145
11 146
11 147
11 148
11 152
11 153
11 155
11 156
11 158
11 160
11 175
11 176
11 178
11 182
11 184
11 185
11 186
11 188
11 189
11 194
12 14
12 16
12 19
12 24
12 27
12 28
12 34
12 41
12 44
12 45
12 47
12 48
12 49
12 50
12 51
12 53
12 56
12 57
12 58
12 59
12 60
12 66
12 67
12 68
12 72
12 75
12 78
12 81
12 84
12 86
12 95
12 97
12 99
12 101
12 103
12 105
12 107
12 109
12 112
12 117
12 118
12 119
12 120
12 125
12 126
12 129
12 131
12 132
12 133
12 136
12 137
12 141
12 144
12 148
12 149
12 150
12 154
12 155
12 157
12 158
12 162
12 163
12 164
12 166
12 169
12 170
12 173
12 180
12 181
12 182
12 184
12 188
12 190
12 194
12 195
12 196
12 198
13 14
13 15
13 16
13 19
13 20
13 26
13 27
13 28
13 29
13 32
13 34
13 36
13 38
13 41
13 44
13 45
13 50
13 53
13 54
13 56
13 58
13 60
13 62
13 63
13 65
13 67
13 68
13 71
13 73
13 74
13 76
13 79
13 80
13 82
13 84
13 85
13 87
13 88
13 91
13 97
13 100
13 101
13 104
13 107
13 112
13 114
13 115
13 119
13 120
13 124
13 128
13 130
13 131
13 138
13 141
13 143
13 146
13 149
13 162
13 163
13 165
13 166
13 172
13 174
13 175
13 176
13 181
13 184
13 186
13 188
13 191
13 193
13 195
13 198
13 199
14 15
14 16
14 18
14 19
14 20
14 22
14 23
14 27
14 28
14 30
14 31
14 32
14 33
14 38
14 39
14 40
14 47
14 50
14 52
14 56
14 58
14 59
14 63
14 68
14 73
14 75
14 77
14 78
14 79
14 83
14 87
14 88
14 89
14 90
14 94
14 96
14 102
14 103
14 106
14 107
14 108
14 109
14 110
14 111
14 113
14 114
14 117
14 119
14 120
14 121
14 124
14 127
14 128
14 129
14 130
14 144
14 145
14 147
14 149
14 151
14 154
14 155
14 156
14 164
14 166
14 168
14 169
14 170
14 175
14 177
14 178
14 179
14 182
14 184
14 185
14 186
14 192
14 196
14 199
15 18
15 31
15 33
15 36
15 37
15 40
15 41
15 45
15 50
15 51
15 56
15 57
15 59
15 60
15 63
15 65
15 66
15 71
15 73
15 75
15 76
15 77
15 78
15 80
15 83
15 85
15 88
15 90
15 94
15 95
15 99
15 100
15 102
15 103
15 106
15 108
15 109
15 110
15 113
15 115
15 121
15 123
15 125
15 127
15 128
15 129
15 131
15 133
15 136
15 137
15 143
15 144
15 145
15 147
15 148
15 149
15 153
15 155
15 162
15 165
15 166
15 168
15 169
15 171
15 174
15 175
15 176
15 178
15 179
15 188
15 189
15 192
15 194
15 198
15 199
16 18
16 22
16 23
16 24
16 27
16 33
16 34
16 35
16 43
16 44
16 45
16 49
16 50
16 56
16 58
16 60
16 61
16 62
16 64
16 67
16 69
16 72
16 74
16 76
16 82
16 84
16 85
16 88
16 93
16 97
16 100
16 106
16 110
16 111
16 112
16 117
16 122
16 126
16 129
16 130
16 131
16 132
16 135
16 137
16 139
16 140
16 142
16 149
16 153
16 158
16 160
16 163
16 166
16 170
16 171
16 176
16 178
16 181
16 184
16 185
16 188
16 189
16 190
16 193
16 194
16 197
16 198
17 20
17 23
17 28
17 29
17 31
17 32
17 33
17 34
17 35
17 36
17 37
17 38
17 44
17 45
17 53
17 57
17 62
17 65
17 72
17 74
17 75
17 77
17 80
17 81
17 84
17 86
17 94
17 95
17 96
17 98
17 99
17 101
17 103
17 104
17 105
17 108
17 109
17 112
17 115
17 116
17 117
17 119
17 122
17 124
17 125
17 127
17 132
17 133
17 134
17 136
17 137
17 139
17 142
17 143
17 146
17 147
17 148
17 153
17 155
17 164
17 166
17 168
17 170
17 171
17 173
17 174
17 176
17 179
17 181
17 184
17 185
17 186
17 187
17 189
17 192
17 193
17 195
17 196
17 197
18 20
18 23
18 25
18 30
18 32
18 35
18 37
18 39
18 41
18 45
18 48
18 50
18 54
18 55
18 56
18 60
18 62
18 63
18 65
18 66
18 72
18 74
18 75
18 76
18 78
18 81
18 82
18 83
18 85
18 88
18 92
18 94
18 97
18 98
18 100
18 106
18 107
18 110
18 114
18 117
18 118
18 120
18 121
18 122
18 126
18 131
18 136
18 137
18 143
18 147
18 148
18 149
18 151
18 153
18 155
18 157
18 160
18 161
18 163
18 165
18 166
18 172
18 182
18 184
18 185
18 186
18 191
18 192
18 196
18 197
18 198
18 199
19 22
19 27
19 34
19 36
19 42
19 43
19 46
19 47
19 48
19 52
19 54
19 56
19 63
19 64
19 65
19 66
19 70
19 72
19 83
19 85
19 87
19 93
19 94
19 97
19 99
19 100
19 102
19 103
19 104
19 109
19 112
19 113
19 115
19 118
19 122
19 125
19 128
19 129
19 132
19 133
19 135
19 137
19 138
19 141
19 148
19 149
19 155
19 156
19 157
19 161
19 168
19 172
19 175
19 176
19 181
19 182
19 183
19 184
19 187
19 188
19 189
19 190
19 196
19 197
20 21
20 22
20 24
20 27
20 28
20 32
20 33
20 34
20 37
20 42
20 43
20 53
20 57
20 61
20 62
20 64
20 65
20 66
20 67
20 68
20 71
20 75
20 77
20 79
20 80
20 81
20 86
20 88
20 89
20 90
20 91
20 92
20 96
20 97
20 101
20 102
20 106
20 107
20 111
20 115
20 116
20 117
20 124
20 126
20 129
20 130
20 133
20 139
20 140
20 145
20 147
20 148
20 149
20 150
20 151
20 153
20 155
20 157
20 161
20 165
20 166
20 167
20 168
20 169
20 170
20 171
20 172
20 173
20 174
20 181
20 183
20 184
20 185
20 186
20 188
20 190
20 191
20 193
20 195
20 199
21 22
21 26
21 28
21 29
21 31
21 35
21 39
21 43
21 47
21 53
21 57
21 58
21 63
21 66
21 68
21 72
21 74
21 75
21 76
21 77
21 78
21 80
21 82
21 86
21 87
21 88
21 89
21 93
21 97
21 98
21 99
21 100
21 106
21 108
21 109
21 110
21 112
21 115
21 120
21 124
21 125
21 128
21 136
21 138
21 140
21 148
21 149
21 150
21 153
21 154
21 155
21 157
21 159
21 160
21 163
21 167
21 172
21 176
21 180
21 182
21 183
21 184
21 192
21 195
21 197
22 23
22 24
22 25
22 26
22 28
22 29
22 30
22 31
22 32
22 35
22 36
22 39
22 41
22 44
22 45
22 51
22 52
22 55
22 62
22 68
22 69
22 70
22 71
22 72
22 73
22 74
22 76
22 77
22 78
22 79
22 81
22 84
22 88
22 89
22 90
22 91
22 94
22 97
22 98
22 102
22 110
22 111
22 112
22 116
22 118
22 120
22 122
22 125
22 126
22 131
22 132
22 135
22 140
22 141
22 142
22 144
22 145
22 146
22 149
22 151
22 154
22 157
22 159
22 162
22 165
22 166
22 172
22 173
22 176
22 177
22 178
22 179
22 183
22 184
22 187
22 189
22 191
22 194
22 197
22 199
23 25
23 27
23 28
23 29
23 32
23 33
23 34
23 36
23 45
23 48
23 54
23 56
23 57
23 58
23 59
23 60
23 68
23 71
23 74
23 75
23 84
23 85
23 89
23 93
23 95
23 97
23 101
23 105
23 107
23 116
23 118
23 119
23 120
23 122
23 123
23 125
23 126
23 128
23 129
23 134
23 144
23 145
23 147
23 149
23 152
23 153
23 157
23 160
23 162
23 164
23 165
23 166
23 169
23 172
23 174
23 176
23 177
23 180
23 182
23 186
23 187
23 189
23 191
23 192
23 194
23 198
24 25
24 28
24 31
24 32
24 35
24 38
24 39
24 40
24 41
24 44
24 46
24 48
24 53
24 57
24 61
24 66
24 68
24 71
24 73
24 74
24 75
24 77
24 81
24 83
24 84
24 85
24 93
24 100
24 102
24 103
24 104
24 105
24 110
24 111
24 112
24 113
24 114
24 124
24 126
24 130
24 132
24 135
24 139
24 140
24 144
24 149
24 154
24 155
24 158
24 160
24 164
24 165
24 166
24 169
24 171
24 176
24 178
24 179
24 180
24 183
24 184
24 189
24 193
24 194
24 195
24 196
24 197
25 26
25 28
25 29
25 30
25 31
25 33
25 36
25 39
25 50
25 56
25 57
25 58
25 60
25 65
25 69
25 70
25 71
25 73
25 75
25 77
25 79
25 80
25 82
25 84
25 90
25 95
25 98
25 100
25 101
25 102
25 106
25 107
25 113
25 115
25 116
25 119
25 121
25 122
25 126
25 127
25 135
25 137
25 138
25 140
25 143
25 145
25 152
25 156
25 157
25 160
25 162
25 169
25 171
25 172
25 174
25 175
25 176
25 181
25 182
25 183
25 185
25 187
25 188
25 189
25 191
25 195
25 197
25 198
25 199
26 30
26 37
26 38
26 39
26 40
26 41
26 44
26 48
26 52
26 54
26 56
26 60
26 61
26 62
26 63
26 67
26 70
26 72
26 76
26 80
26 82
26 85
26 86
26 88
26 90
26 92
26 93
26 94
26 95
26 104
26 105
26 107
26 109
26 111
26 112
26 114
26 117
26 118
26 125
26 128
26 135
26 139
26 141
26 146
26 147
26 148
26 149
26 152
26 159
26 162
26 164
26 166
26 167
26 168
26 173
26 175
26 177
26 182
26 185
26 187
26 188
26 191
26 193
26 194
27 29
27 31
27 34
27 35
27 36
27 43
27 44
27 45
27 46
27 49
27 51
27 53
27 57
27 61
27 65
27 66
27 70
27 71
27 73
27 75
27 77
27 78
27 81
27 84
27 86
27 88
27 90
27 92
27 96
27 98
27 99
27 100
27 103
27 104
27 107
27 112
27 113
27 114
27 119
27 129
27 130
27 131
27 134
27 141
27 143
27 144
27 145
27 147
27 148
27 150
27 151
27 152
27 153
27 155
27 157
27 160
27 161
27 164
27 166
27 167
27 170
27 174
27 184
27 187
27 188
27 189
27 195
27 198
28 29
28 30
28 33
28 34
28 35
28 39
28 45
28 46
28 51
28 53
28 54
28 56
28 60
28 63
28 64
28 66
28 68
28 75
28 76
28 77
28 81
28 82
28 84
28 92
28 93
28 94
28 98
28 101
28 104
28 105
28 110
28 111
28 113
28 115
28 119
28 123
28 124
28 125
28 134
28 140
28 141
28 143
28 145
28 155
28 157
28 160
28 162
28 163
28 167
28 168
28 169
28 172
28 173
28 174
28 176
28 177
28 178
28 179
28 180
28 181
28 183
28 184
28 191
28 192
28 194
28 195
28 197
28 198
29 30
29 35
29 37
29 39
29 45
29 47
29 48
29 51
29 53
29 54
29 57
29 59
29 60
29 65
29 67
29 68
29 71
29 72
29 73
29 75
29 76
29 77
29 78
29 82
29 85
29 86
29 88
29 89
29 91
29 93
29 96
29 97
29 100
29 102
29 104
29 105
29 109
29 110
29 112
29 113
29 114
29 115
29 117
29 118
29 123
29 124
29 128
29 135
29 138
29 140
29 142
29 144
29 155
29 161
29 165
29 167
29 168
29 169
29 173
29 179
29 183
29 186
29 187
29 188
29 196
29 197
29 198
30 31
30 32
30 33
30 36
30 37
30 40
30 42
30 45
30 47
30 51
30 53
30 63
30 64
30 72
30 74
30 76
30 79
30 81
30 83
30 85
30 86
30 87
30 92
30 93
30 96
30 100
30 104
30 105
30 110
30 113
30 115
30 116
30 117
30 121
30 123
30 125
30 132
30 133
30 134
30 135
30 138
30 139
30 142
30 143
30 145
30 148
30 152
30 153
30 155
30 157
30 158
30 160
30 161
30 166
30 167
30 168
30 170
30 171
30 174
30 176
30 182
30 183
30 184
30 186
30 187
30 188
30 190
30 193
30 198
30 199
31 32
31 34
31 35
31 36
31 41
31 45
31 47
31 48
31 54
31 55
31 58
31 59
31 63
31 64
31 69
31 76
31 79
31 81
31 83
31 85
31 90
31 93
31 96
31 97
31 101
31 102
31 103
31 104
31 109
31 111
31 112
31 114
31 115
31 117
31 124
31 127
31 132
31 134
31 136
31 138
31 139
31 141
31 145
31 148
31 149
31 153
31 154
31 155
31 157
31 158
31 164
31 166
31 176
31 180
31 188
31 189
31 193
31 194
31 197
31 198
32 33
32 34
32 35
32 40
32 42
32 51
32 52
32 55
32 60
32 62
32 64
32 65
32 67
32 72
32 75
32 76
32 79
32 81
32 86
32 88
32 89
32 90
32 93
32 95
32 97
32 99
32 101
32 106
32 109
32 110
32 112
32 113
32 117
32 118
32 119
32 120
32 121
32 122
32 123
32 125
32 131
32 137
32 138
32 141
32 144
32 146
32 147
32 150
32 151
32 153
32 155
32 159
32 160
32 163
32 164
32 165
32 166
32 168
32 171
32 174
32 175
32 176
32 177
32 179
32 182
32 185
32 193
32 194
32 196
33 37
33 38
33 39
33 44
33 45
33 47
33 51
33 52
33 53
33 54
33 57
33 61
33 65
33 69
33 71
33 72
33 74
33 75
33 78
33 83
33 84
33 86
33 88
33 90
33 93
33 95
33 98
33 100
33 101
33 102
33 104
33 105
33 108
33 109
33 110
33 117
33 121
33 123
33 126
33 128
33 129
33 130
33 133
33 138
33 142
33 144
33 145
33 148
33 149
33 154
33 155
33 156
33 159
33 160
33 163
33 166
33 172
33 174
33 179
33 182
33 183
33 187
33 190
33 194
33 195
33 196
33 197
34 35
34 36
34 37
34 38
34 39
34 40
34 41
34 49
34 53
34 56
34 59
34 62
34 68
34 70
34 71
34 73
34 75
34 77
34 78
34 79
34 87
34 89
34 91
34 93
34 97
34 100
34 101
34 102
34 105
34 107
34 110
34 113
34 114
34 116
34 124
34 127
34 128
34 129
34 130
34 133
34 136
34 137
34 138
34 139
34 141
34 144
34 146
34 147
34 149
34 150
34 151
34 153
34 157
34 159
34 160
34 164
34 166
34 168
34 169
34 171
34 173
34 176
34 178
34 180
34 182
34 184
34 187
34 189
34 192
34 193
34 197
34 199
35 36
35 41
35 42
35 43
35 45
35 46
35 48
35 50
35 53
35 54
35 56
35 57
35 58
35 60
35 61
35 63
35 64
35 67
35 68
35 70
35 77
35 78
35 80
35 81
35 84
35 86
35 87
35 88
35 89
35 91
35 92
35 97
35 98
35 102
35 103
35 104
35 107
35 110
35 117
35 119
35 120
35 123
35 128
35 129
35 131
35 132
35 133
35 134
35 137
35 139
35 140
35 141
35 144
35 147
35 148
35 150
35 153
35 154
35 155
35 156
35 160
35 164
35 166
35 167
35 168
35 170
35 174
35 175
35 177
35 179
35 181
35 182
35 187
35 189
35 190
35 194
35 196
35 198
35 199
36 37
36 38
36 41
36 43
36 47
36 48
36 50
36 51
36 54
36 55
36 56
36 62
36 67
36 68
36 69
36 72
36 74
36 75
36 77
36 81
36 82
36 83
36 85
36 88
36 95
36 96
36 101
36 105
36 107
36 110
36 114
36 117
36 119
36 120
36 121
36 124
36 126
36 128
36 132
36 136
36 137
36 139
36 140
36 146
36 148
36 154
36 160
36 161
36 163
36 165
36 166
36 174
36 176
36 177
36 178
36 179
36 180
36 184
36 187
36 188
36 189
36 192
36 194
36 198
36 199
37 38
37 40
37 43
37 44
37 46
37 49
37 51
37 54
37 55
37 56
37 57
37 59
37 60
37 62
37 66
37 68
37 69
37 73
37 76
37 77
37 78
37 79
37 81
37 83
37 85
37 86
37 88
37 91
37 99
37 102
37 104
37 105
37 106
37 111
37 113
37 116
37 124
37 125
37 128
37 129
37 132
37 135
37 137
37 138
37 139
37 141
37 145
37 149
37 154
37 155
37 157
37 160
37 162
37 163
37 165
37 166
37 168
37 169
37 171
37 174
37 175
37 186
37 188
37 192
37 199
38 41
38 53
38 60
38 63
38 64
38 66
38 69
38 70
38 71
38 74
38 76
38 79
38 82
38 83
38 87
38 90
38 95
38 99
38 100
38 101
38 104
38 106
38 108
38 109
38 113
38 114
38 117
38 121
38 123
38 124
38 125
38 126
38 127
38 130
38 131
38 135
38 136
38 138
38 139
38 146
38 147
38 151
38 153
38 154
38 155
38 156
38 157
38 158
38 160
38 162
38 163
38 164
38 165
38 166
38 167
38 168
38 174
38 176
38 177
38 178
38 180
38 181
38 183
38 185
38 186
38 187
38 188
38 189
38 191
38 193
38 194
38 196
38 197
39 40
39 41
39 45
39 48
39 52
39 53
39 55
39 57
39 63
39 66
39 67
39 72
39 73
39 74
39 75
39 77
39 78
39 79
39 80
39 85
39 91
39 92
39 93
39 94
39 96
39 97
39 99
39 101
39 104
39 106
39 109
39 118
39 121
39 126
39 128
39 130
39 132
39 134
39 138
39 141
39 147
39 148
39 149
39 155
39 157
39 161
39 165
39 167
39 171
39 172
39 173
39 174
39 177
39 178
39 180
39 182
39 188
39 190
39 191
39 192
39 193
39 194
39 195
39 198
40 41
40 45
40 49
40 51
40 54
40 55
40 59
40 60
40 64
40 70
40 73
40 81
40 85
40 87
40 88
40 90
40 92
40 94
40 95
40 97
40 103
40 106
40 107
40 113
40 115
40 116
40 118
40 119
40 122
40 125
40 129
40 131
40 132
40 135
40 136
40 137
40 143
40 144
40 145
40 149
40 154
40 158
40 162
40 165
40 167
40 168
40 170
40 173
40 174
40 181
40 183
40 184
40 190
40 199
41 44
41 48
41 50
41 52
41 54
41 55
41 56
41 64
41 69
41 70
41 71
41 75
41 76
41 77
41 80
41 84
41 87
41 93
41 96
41 97
41 98
41 102
41 103
41 107
41 108
41 110
41 111
41 114
41 115
41 116
41 117
41 123
41 124
41 126
41 128
41 133
41 135
41 137
41 140
41 142
41 155
41 163
41 164
41 165
41 168
41 169
41 179
41 184
41 185
41 186
41 187
41 189
41 191
41 194
41 196
42 45
42 46
42 47
42 48
42 52
42 54
42 55
42 56
42 60
42 62
42 67
42 70
42 76
42 77
42 80
42 82
42 83
42 85
42 86
42 87
42 89
42 90
42 91
42 92
42 94
42 95
42 96
42 102
42 103
42 104
42 108
42 110
42 114
42 115
42 117
42 123
42 127
42 128
42 130
42 133
42 134
42 136
42 139
42 142
42 143
42 145
42 146
42 148
42 151
42 158
42 161
42 162
42 165
42 170
42 175
42 178
42 180
42 183
42 184
42 185
42 186
42 187
42 188
42 191
42 194
42 197
43 44
43 45
43 47
43 48
43 52
43 55
43 58
43 60
43 61
43 62
43 63
43 66
43 73
43 74
43 75
43 77
43 78
43 80
43 82
43 84
43 87
43 89
43 90
43 91
43 93
43 102
43 103
43 104
43 106
43 108
43 111
43 115
43 116
43 118
43 119
43 121
43 122
43 124
43 125
43 126
43 134
43 135
43 138
43 140
43 142
43 144
43 145
43 147
43 149
43 152
43 153
43 154
43 157
43 160
43 161
43 162
43 163
43 167
43 169
43 175
43 180
43 183
43 194
43 196
44 45
44 47
44 48
44 50
44 51
44 53
44 54
44 57
44 59
44 60
44 64
44 67
44 68
44 70
44 74
44 76
44 77
44 78
44 80
44 81
44 91
44 93
44 97
44 98
44 99
44 100
44 101
44 104
44 105
44 106
44 112
44 113
44 114
44 116
44 119
44 120
44 125
44 126
44 127
44 128
44 133
44 139
44 140
44 142
44 143
44 144
44 147
44 158
44 161
44 163
44 165
44 167
44 171
44 172
44 174
44 176
44 177
44 178
44 183
44 184
44 185
44 189
44 191
44 192
44 193
44 197
44 198
45 46
45 48
45 49
45 50
45 51
45 54
45 55
45 66
45 67
45 69
45 72
45 73
45 74
45 75
45 76
45 77
45 78
45 79
45 80
45 81
45 83
45 87
45 90
45 91
45 92
45 98
45 102
45 104
45 112
45 113
45 115
45 116
45 119
45 121
45 129
45 130
45 136
45 138
45 139
45 141
45 143
45 146
45 150
45 151
45 155
45 156
45 158
45 163
45 164
45 166
45 167
45 170
45 172
45 174
45 176
45 177
45 178
45 182
45 183
45 195
45 198
45 199
46 49
46 51
46 53
46 56
46 57
46 61
46 62
46 64
46 69
46 70
46 74
46 76
46 80
46 81
46 85
46 87
46 90
46 92
46 93
46 97
46 98
46 99
46 101
46 106
46 109
46 110
46 111
46 120
46 122
46 126
46 128
46 130
46 133
46 134
46 136
46 137
46 138
46 143
46 146
46 147
46 149
46 151
46 153
46 154
46 157
46 158
46 161
46 163
46 165
46 168
46 173
46 175
46 176
46 179
46 180
46 181
46 183
46 189
46 190
46 191
46 193
46 194
46 196
46 197
46 199
47 48
47 51
47 52
47 55
47 57
47 64
47 65
47 69
47 72
47 73
47 76
47 78
47 79
47 81
47 83
47 86
47 90
47 93
47 97
47 99
47 103
47 104
47 106
47 115
47 117
47 120
47 121
47 122
47 123
47 124
47 127
47 128
47 132
47 133
47 134
47 135
47 137
47 142
47 146
47 148
47 150
47 151
47 153
47 156
47 161
47 166
47 173
47 177
47 181
47 184
47 186
47 188
47 190
47 191
47 192
47 194
48 57
48 58
48 60
48 63
48 66
48 68
48 70
48 72
48 74
48 76
48 79
48 80
48 81
48 85
48 86
48 88
48 89
48 93
48 95
48 97
48 103
48 104
48 105
48 106
48 110
48 111
48 112
48 113
48 116
48 117
48 122
48 127
48 128
48 131
48 132
48 133
48 143
48 147
48 148
48 149
48 150
48 155
48 158
48 160
48 164
48 168
48 171
48 175
48 176
48 178
48 182
48 186
48 188
48 191
48 193
48 194
48 196
48 198
48 199
49 51
49 53
49 57
49 64
49 66
49 69
49 70
49 73
49 74
49 75
49 76
49 77
49 80
49 82
49 85
49 87
49 88
49 89
49 92
49 98
49 99
49 101
49 102
49 103
49 104
49 105
49 107
49 109
49 110
49 111
49 112
49 113
49 114
49 121
49 122
49 126
49 127
49 128
49 131
49 132
49 135
49 137
49 139
49 140
49 141
49 144
49 145
49 146
49 150
49 151
49 153
49 154
49 156
49 159
49 162
49 167
49 169
49 170
49 171
49 172
49 174
49 175
49 177
49 178
49 179
49 183
49 184
49 186
49 187
49 188
49 189
49 190
49 192
49 195
49 197
49 199
50 51
50 53
50 60
50 63
50 66
50 67
50 68
50 69
50 70
50 74
50 76
50 77
50 79
50 80
50 82
50 87
50 89
50 93
50 103
50 105
50 109
50 110
50 113
50 116
50 117
50 119
50 122
50 125
50 127
50 128
50 129
50 131
50 137
50 139
50 142
50 144
50 145
50 156
50 159
50 161
50 163
50 166
50 170
50 171
50 175
50 177
50 178
50 184
50 185
50 189
50 191
50 192
50 195
50 199
51 54
51 55
51 56
51 57
51 59
51 63
51 64
51 67
51 68
51 73
51 74
51 77
51 81
51 84
51 87
51 88
51 90
51 91
51 93
51 96
51 101
51 106
51 108
51 112
51 113
51 128
51 129
51 130
51 131
51 134
51 137
51 143
51 146
51 153
51 155
51 156
51 157
51 160
51 164
51 168
51 172
51 177
51 180
51 181
51 185
51 186
51 191
51 192
51 194
51 195
51 198
52 53
52 54
52 55
52 57
52 64
52 67
52 69
52 70
52 71
52 73
52 75
52 76
52 77
52 84
52 97
52 98
52 99
52 102
52 108
52 110
52 114
52 119
52 122
52 123
52 125
52 132
52 133
52 138
52 139
52 141
52 147
52 148
52 152
52 153
52 154
52 155
52 162
52 168
52 173
52 174
52 175
52 180
52 181
52 182
52 183
52 190
52 191
52 192
52 193
52 196
53 54
53 55
53 56
53 57
53 61
53 63
53 64
53 67
53 70
53 71
53 72
53 76
53 77
53 78
53 84
53 85
53 87
53 89
53 90
53 97
53 102
53 112
53 114
53 120
53 121
53 126
53 129
53 130
53 135
53 137
53 138
53 139
53 141
53 146
53 150
53 153
53 154
53 157
53 159
53 161
53 164
53 169
53 170
53 181
53 190
53 191
53 196
53 199
54 55
54 56
54 57
54 59
54 61
54 62
54 65
54 72
54 73
54 75
54 81
54 85
54 89
54 90
54 92
54 96
54 98
54 99
54 103
54 107
54 109
54 110
54 113
54 116
54 122
54 123
54 128
54 133
54 137
54 139
54 143
54 144
54 147
54 148
54 149
54 153
54 155
54 156
54 158
54 160
54 161
54 162
54 163
54 170
54 171
54 173
54 174
54 175
54 181
54 182
54 184
54 185
54 191
54 193
54 194
54 195
54 197
54 198
55 59
55 65
55 67
55 70
55 71
55 72
55 75
55 81
55 86
55 89
55 91
55 96
55 98
55 103
55 104
55 107
55 108
55 112
55 114
55 115
55 117
55 123
55 125
55 126
55 127
55 128
55 130
55 136
55 137
55 138
55 140
55 141
55 143
55 148
55 152
55 153
55 157
55 158
55 160
55 164
55 165
55 166
55 167
55 168
55 171
55 179
55 181
55 182
55 183
55 186
55 188
55 190
55 193
55 194
55 198
56 57
56 58
56 59
56 67
56 68
56 69
56 70
56 72
56 73
56 74
56 77
56 78
56 79
56 81
56 84
56 88
56 89
56 91
56 94
56 100
56 102
56 103
56 105
56 108
56 114
56 115
56 117
56 123
56 124
56 130
56 131
56 135
56 136
56 137
56 148
56 150
56 151
56 153
56 156
56 158
56 163
56 168
56 170
56 171
56 172
56 175
56 177
56 181
56 185
56 189
56 191
56 192
56 194
56 198
56 199
57 59
57 64
57 65
57 67
57 68
57 74
57 76
57 81
57 82
57 87
57 90
57 92
57 93
57 94
57 96
57 97
57 99
57 100
57 102
57 114
57 118
57 119
57 123
57 125
57 126
57 128
57 129
57 130
57 131
57 132
57 133
57 138
57 139
57 142
57 143
57 145
57 152
57 154
57 158
57 162
57 165
57 166
57 168
57 170
57 181
57 182
57 195
58 59
58 70
58 71
58 75
58 77
58 80
58 86
58 87
58 89
58 92
58 94
58 95
58 96
58 99
58 100
58 104
58 105
58 107
58 109
58 110
58 111
58 112
58 115
58 119
58 121
58 128
58 130
58 134
58 135
58 136
58 140
58 145
58 148
58 149
58 151
58 154
58 155
58 157
58 160
58 161
58 162
58 164
58 167
58 168
58 170
58 173
58 175
58 178
58 179
58 181
58 183
58 185
58 189
58 191
58 196
58 198
59 66
59 68
59 69
59 71
59 72
59 75
59 82
59 86
59 90
59 93
59 94
59 95
59 97
59 105
59 106
59 108
59 110
59 114
59 117
59 120
59 124
59 126
59 128
59 130
59 132
59 134
59 135
59 137
59 138
59 139
59 140
59 141
59 144
59 146
59 148
59 150
59 152
59 154
59 158
59 161
59 163
59 167
59 168
59 174
59 175
59 178
59 180
59 182
59 186
59 191
59 192
59 195
59 196
60 61
60 62
60 65
60 68
60 69
60 70
60 71
60 72
60 77
60 79
60 80
60 83
60 85
60 86
60 88
60 92
60 99
60 100
60 101
60 108
60 111
60 113
60 118
60 123
60 124
60 125
60 129
60 131
60 133
60 134
60 135
60 137
60 138
60 139
60 144
60 146
60 148
60 157
60 159
60 161
60 163
60 167
60 169
60 170
60 171
60 178
60 179
60 180
60 181
60 187
60 191
60 192
60 193
60 195
60 196
61 66
61 68
61 70
61 71
61 72
61 74
61 76
61 79
61 83
61 85
61 88
61 90
61 94
61 101
61 104
61 106
61 107
61 110
61 114
61 115
61 119
61 122
61 123
61 124
61 125
61 127
61 130
61 131
61 135
61 140
61 144
61 145
61 148
61 150
61 151
61 152
61 161
61 163
61 164
61 165
61 166
61 167
61 169
61 170
61 174
61 175
61 180
61 181
61 187
61 188
61 189
61 191
62 64
62 65
62 66
62 67
62 70
62 71
62 73
62 74
62 75
62 76
62 81
62 82
62 83
62 84
62 86
62 87
62 88
62 94
62 102
62 108
62 110
62 111
62 112
62 113
62 114
62 115
62 117
62 118
62 120
62 122
62 125
62 126
62 131
62 132
62 135
62 136
62 137
62 138
62 142
62 144
62 147
62 148
62 149
62 150
62 155
62 156
62 157
62 159
62 160
62 165
62 167
62 168
62 169
62 171
62 173
62 175
62 176
62 178
62 179
62 182
62 184
62 188
62 192
62 193
62 199
63 65
63 74
63 76
63 78
63 81
63 82
63 87
63 89
63 90
63 94
63 96
63 97
63 100
63 101
63 105
63 106
63 107
63 112
63 113
63 115
63 116
63 117
63 119
63 121
63 122
63 123
63 126
63 128
63 132
63 134
63 136
63 137
63 139
63 143
63 146
63 147
63 155
63 157
63 159
63 162
63 163
63 167
63 168
63 171
63 173
63 176
63 177
63 178
63 179
63 180
63 184
63 185
63 186
63 188
63 189
63 190
63 194
63 197
64 66
64 69
64 75
64 77
64 79
64 89
64 90
64 94
64 96
64 98
64 99
64 100
64 103
64 105
64 106
64 114
64 116
64 117
64 119
64 120
64 123
64 124
64 126
64 127
64 128
64 130
64 134
64 137
64 139
64 141
64 144
64 147
64 149
64 150
64 151
64 155
64 156
64 157
64 159
64 164
64 165
64 169
64 173
64 175
64 182
64 185
64 186
64 188
64 190
64 197
65 67
65 68
65 71
65 73
65 75
65 76
65 77
65 81
65 84
65 92
65 93
65 96
65 104
65 107
65 111
65 112
65 114
65 116
65 117
65 118
65 120
65 124
65 128
65 132
65 134
65 136
65 139
65 141
65 144
65 150
65 151
65 160
65 163
65 165
65 170
65 173
65 174
65 175
65 177
65 178
65 179
65 182
65 183
65 186
65 189
65 190
65 194
66 67
66 68
66 71
66 72
66 74
66 75
66 76
66 77
66 80
66 84
66 85
66 88
66 89
66 92
66 93
66 98
66 99
66 102
66 104
66 109
66 114
66 116
66 117
66 119
66 125
66 126
66 131
66 132
66 135
66 138
66 141
66 146
66 147
66 148
66 149
66 153
66 155
66 156
66 164
66 165
66 166
66 168
66 169
66 173
66 174
66 175
66 177
66 180
66 182
66 186
66 188
66 189
66 191
66 196
66 199
67 69
67 71
67 73
67 75
67 78
67 82
67 84
67 86
67 87
67 90
67 91
67 97
67 99
67 101
67 102
67 111
67 113
67 115
67 119
67 121
67 124
67 125
67 126
67 127
67 131
67 132
67 133
67 136
67 139
67 144
67 145
67 146
67 149
67 151
67 158
67 160
67 165
67 168
67 171
67 175
67 177
67 178
67 180
67 181
67 183
67 188
67 189
67 191
67 192
67 193
67 196
67 199
68 69
68 70
68 73
68 74
68 75
68 76
68 77
68 80
68 86
68 89
68 93
68 94
68 97
68 98
68 102
68 104
68 105
68 109
68 111
68 113
68 116
68 117
68 119
68 128
68 129
68 131
68 133
68 136
68 137
68 140
68 142
68 143
68 144
68 145
68 147
68 148
68 149
68 153
68 157
68 160
68 161
68 162
68 166
68 168
68 169
68 177
68 178
68 179
68 181
68 183
68 185
68 189
68 194
69 71
69 76
69 77
69 79
69 81
69 84
69 85
69 86
69 90
69 93
69 95
69 98
69 99
69 103
69 106
69 109
69 115
69 116
69 117
69 118
69 120
69 123
69 124
69 127
69 128
69 132
69 135
69 139
69 143
69 145
69 146
69 147
69 150
69 152
69 158
69 160
69 164
69 165
69 166
69 169
69 170
69 172
69 173
69 175
69 176
69 178
69 180
69 181
69 182
69 192
69 193
69 194
70 71
70 75
70 77
70 78
70 82
70 83
70 85
70 86
70 89
70 91
70 95
70 96
70 99
70 102
70 108
70 110
70 116
70 117
70 119
70 120
70 121
70 122
70 126
70 132
70 133
70 136
70 137
70 138
70 139
70 144
70 148
70 149
70 150
70 153
70 154
70 155
70 157
70 158
70 159
70 163
70 164
70 170
70 171
70 176
70 179
70 180
70 181
70 182
70 183
70 188
70 189
70 191
70 197
71 72
71 74
71 79
71 82
71 90
71 93
71 94
71 96
71 97
71 99
71 100
71 101
71 104
71 105
71 108
71 109
71 111
71 113
71 115
71 116
71 122
71 125
71 126
71 129
71 130
71 131
71 135
71 136
71 138
71 139
71 142
71 143
71 144
71 147
71 148
71 153
71 156
71 161
71 162
71 165
71 170
71 174
71 175
71 176
71 178
71 179
71 181
71 186
71 187
71 188
71 193
71 194
71 196
71 197
71 199
72 76
72 77
72 81
72 82
72 83
72 88
72 91
72 93
72 96
72 100
72 103
72 104
72 105
72 108
72 110
72 114
72 117
72 118
72 121
72 123
72 135
72 137
72 138
72 139
72 142
72 146
72 147
72 149
72 150
72 151
72 153
72 155
72 158
72 159
72 166
72 167
72 172
72 177
72 180
72 181
72 182
72 183
72 184
72 186
72 187
72 188
72 193
72 194
72 199
73 77
73 80
73 82
73 83
73 85
73 88
73 89
73 95
73 96
73 99
73 101
73 102
73 105
73 108
73 109
73 111
73 112
73 120
73 121
73 122
73 126
73 130
73 131
73 132
73 133
73 134
73 136
73 139
73 140
73 144
73 145
73 146
73 147
73 149
73 150
73 153
73 154
73 156
73 157
73 159
73 160
73 161
73 164
73 166
73 170
73 171
73 172
73 175
73 178
73 180
73 185
73 186
73 188
73 189
73 191
73 193
73 195
73 199
74 77
74 78
74 83
74 86
74 88
74 92
74 93
74 96
74 97
74 101
74 103
74 108
74 109
74 110
74 111
74 113
74 116
74 117
74 119
74 121
74 123
74 125
74 126
74 129
74 130
74 131
74 133
74 134
74 137
74 141
74 145
74 146
74 151
74 157
74 158
74 162
74 163
74 164
74 166
74 168
74 169
74 172
74 174
74 177
74 180
74 183
74 184
74 185
74 186
74 189
74 191
74 193
74 198
75 80
75 82
75 88
75 89
75 92
75 94
75 98
75 99
75 101
75 106
75 108
75 111
75 114
75 117
75 118
75 120
75 122
75 130
75 131
75 132
75 135
75 139
75 141
75 145
75 147
75 148
75 149
75 150
75 151
75 152
75 153
75 158
75 160
75 161
75 163
75 165
75 168
75 175
75 178
75 179
75 183
75 184
75 187
75 189
75 191
75 192
75 194
75 196
75 198
75 199
76 78
76 79
76 85
76 88
76 89
76 94
76 99
76 101
76 111
76 115
76 118
76 124
76 126
76 129
76 136
76 144
76 145
76 146
76 147
76 148
76 149
76 152
76 154
76 158
76 169
76 171
76 172
76 174
76 175
76 176
76 180
76 185
76 188
76 189
76 190
76 195
76 196
76 197
77 78
77 81
77 83
77 84
77 91
77 93
77 94
77 97
77 104
77 108
77 110
77 111
77 113
77 114
77 115
77 116
77 117
77 118
77 120
77 124
77 126
77 129
77 130
77 132
77 135
77 136
77 137
77 139
77 143
77 144
77 146
77 147
77 149
77 155
77 156
77 157
77 160
77 164
77 165
77 166
77 167
77 172
77 173
77 174
77 176
77 182
77 183
77 185
77 192
77 193
77 194
77 196
77 198
77 199
78 79
78 80
78 87
78 91
78 99
78 100
78 101
78 105
78 108
78 109
78 110
78 112
78 116
78 117
78 120
78 124
78 125
78 131
78 133
78 139
78 140
78 141
78 145
78 148
78 153
78 155
78 158
78 160
78 161
78 162
78 165
78 170
78 176
78 181
78 182
78 189
78 192
78 198
79 81
79 83
79 84
79 86
79 92
79 94
79 96
79 99
79 102
79 104
79 105
79 109
79 115
79 117
79 118
79 119
79 125
79 126
79 129
79 130
79 132
79 134
79 136
79 137
79 138
79 139
79 143
79 146
79 148
79 150
79 152
79 155
79 158
79 159
79 164
79 166
79 167
79 168
79 169
79 170
79 173
79 178
79 179
79 182
79 183
79 185
79 187
79 190
79 195
79 196
79 197
80 82
80 85
80 86
80 93
80 94
80 96
80 103
80 104
80 105
80 108
80 113
80 115
80 118
80 119
80 121
80 123
80 126
80 127
80 128
80 129
80 130
80 132
80 137
80 138
80 141
80 143
80 147
80 148
80 152
80 157
80 162
80 163
80 165
80 167
80 168
80 171
80 173
80 175
80 177
80 180
80 181
80 183
80 187
80 189
80 192
80 194
80 197
80 199
81 82
81 86
81 88
81 89
81 90
81 91
81 94
81 99
81 100
81 104
81 116
81 117
81 120
81 125
81 128
81 129
81 131
81 135
81 143
81 149
81 150
81 152
81 156
81 157
81 158
81 161
81 162
81 163
81 166
81 171
81 174
81 178
81 180
81 184
81 185
81 188
81 190
81 191
81 194
82 88
82 89
82 90
82 96
82 98
82 99
82 100
82 108
82 109
82 115
82 117
82 118
82 121
82 122
82 123
82 125
82 128
82 130
82 131
82 135
82 136
82 137
82 143
82 148
82 151
82 155
82 156
82 159
82 160
82 162
82 164
82 166
82 171
82 177
82 178
82 179
82 183
82 184
82 187
82 190
82 192
82 195
82 197
82 198
83 88
83 91
83 94
83 95
83 96
83 97
83 104
83 105
83 106
83 108
83 110
83 117
83 120
83 126
83 127
83 128
83 129
83 131
83 132
83 133
83 135
83 139
83 140
83 141
83 143
83 145
83 148
83 149
83 151
83 152
83 153
83 154
83 157
83 161
83 163
83 166
83 169
83 170
83 174
83 176
83 179
83 181
83 184
83 187
83 190
83 191
83 192
84 86
84 88
84 90
84 91
84 92
84 96
84 97
84 100
84 101
84 102
84 109
84 110
84 112
84 114
84 115
84 117
84 118
84 120
84 123
84 128
84 131
84 132
84 134
84 140
84 143
84 145
84 146
84 149
84 153
84 159
84 160
84 164
84 171
84 175
84 177
84 181
84 183
84 187
84 189
84 191
84 192
84 193
84 196
84 197
85 87
85 89
85 94
85 96
85 97
85 104
85 107
85 110
85 111
85 113
85 114
85 115
85 116
85 117
85 121
85 124
85 128
85 129
85 130
85 132
85 133
85 135
85 138
85 140
85 142
85 143
85 149
85 151
85 152
85 153
85 154
85 155
85 160
85 167
85 168
85 171
85 173
85 176
85 185
85 188
85 189
85 191
85 192
85 193
85 194
85 195
85 197
85 198
86 87
86 88
86 92
86 97
86 100
86 101
86 106
86 108
86 113
86 116
86 117
86 120
86 121
86 123
86 124
86 132
86 134
86 135
86 136
86 142
86 144
86 151
86 152
86 153
86 156
86 158
86 162
86 163
86 166
86 167
86 168
86 169
86 172
86 176
86 179
86 183
86 185
86 188
86 189
86 191
86 193
86 195
86 196
86 197
86 198
87 93
87 94
87 95
87 97
87 98
87 103
87 104
87 105
87 107
87 110
87 112
87 113
87 114
87 120
87 124
87 128
87 130
87 133
87 134
87 136
87 137
87 140
87 141
87 142
87 143
87 150
87 157
87 161
87 162
87 164
87 166
87 167
87 168
87 170
87 177
87 180
87 181
87 182
87 185
87 186
87 191
87 195
87 196
87 197
87 198
88 89
88 92
88 93
88 95
88 96
88 98
88 102
88 105
88 110
88 114
88 117
88 118
88 123
88 126
88 128
88 129
88 133
88 136
88 139
88 140
88 141
88 142
88 143
88 144
88 147
88 151
88 154
88 156
88 161
88 163
88 164
88 166
88 168
88 175
88 176
88 178
88 179
88 182
88 184
88 187
88 190
88 193
88 194
88 196
88 198
89 91
89 92
89 94
89 96
89 99
89 102
89 104
89 107
89 111
89 113
89 115
89 118
89 121
89 122
89 124
89 125
89 126
89 128
89 130
89 134
89 136
89 137
89 141
89 142
89 143
89 144
89 148
89 151
89 153
89 154
89 158
89 159
89 161
89 164
89 167
89 169
89 173
89 174
89 180
89 182
89 184
89 186
89 189
89 191
89 193
89 195
89 197
89 198
89 199
90 100
90 101
90 104
90 108
90 110
90 111
90 115
90 116
90 121
90 122
90 124
90 125
90 126
90 127
90 129
90 138
90 142
90 143
90 144
90 147
90 148
90 152
90 157
90 158
90 162
90 164
90 167
90 169
90 170
90 175
90 178
90 179
90 180
90 183
90 184
90 185
90 189
90 190
90 192
90 194
90 196
90 197
90 198
91 93
91 95
91 97
91 100
91 102
91 103
91 105
91 108
91 111
91 116
91 120
91 121
91 124
91 126
91 128
91 132
91 133
91 134
91 135
91 136
91 137
91 142
91 145
91 146
91 148
91 150
91 151
91 155
91 156
91 161
91 162
91 163
91 164
91 169
91 170
91 171
91 173
91 177
91 178
91 181
91 187
91 188
91 192
91 194
91 195
91 196
91 198
91 199
92 94
92 95
92 96
92 107
92 108
92 116
92 117
92 120
92 122
92 125
92 128
92 129
92 131
92 133
92 135
92 137
92 139
92 142
92 146
92 147
92 148
92 150
92 155
92 159
92 160
92 161
92 166
92 169
92 173
92 174
92 181
92 190
92 194
92 198
93 96
93 97
93 98
93 101
93 105
93 112
93 114
93 116
93 121
93 123
93 127
93 129
93 130
93 131
93 133
93 134
93 140
93 141
93 142
93 143
93 144
93 147
93 150
93 155
93 160
93 163
93 166
93 168
93 170
93 175
93 178
93 180
93 181
93 182
93 186
93 187
93 191
93 195
94 95
94 97
94 98
94 99
94 101
94 104
94 110
94 111
94 115
94 117
94 123
94 125
94 131
94 132
94 133
94 137
94 146
94 147
94 148
94 153
94 154
94 157
94 165
94 167
94 169
94 176
94 177
94 179
94 180
94 181
94 185
94 186
94 188
94 191
94 194
94 198
94 199
95 99
95 104
95 107
95 111
95 112
95 115
95 119
95 120
95 122
95 124
95 125
95 126
95 128
95 130
95 131
95 134
95 140
95 142
95 143
95 144
95 145
95 146
95 147
95 162
95 163
95 166
95 167
95 171
95 172
95 173
95 174
95 178
95 181
95 182
95 183
95 188
95 190
95 196
95 199
96 97
96 98
96 99
96 102
96 104
96 105
96 109
96 110
96 115
96 117
96 120
96 125
96 133
96 135
96 136
96 137
96 138
96 142
96 149
96 150
96 153
96 155
96 158
96 159
96 161
96 164
96 166
96 171
96 173
96 177
96 178
96 180
96 183
96 184
96 188
96 189
96 190
96 198
97 100
97 101
97 104
97 106
97 109
97 114
97 115
97 117
97 120
97 121
97 122
97 128
97 130
97 131
97 133
97 134
97 135
97 137
97 139
97 141
97 143
97 146
97 148
97 149
97 152
97 154
97 156
97 159
97 165
97 167
97 168
97 169
97 171
97 173
97 174
97 175
97 177
97 178
97 181
97 188
97 189
97 190
97 194
97 195
97 196
98 99
98 105
98 112
98 113
98 118
98 119
98 123
98 124
98 126
98 127
98 130
98 131
98 132
98 134
98 137
98 142
98 143
98 147
98 150
98 151
98 152
98 155
98 160
98 161
98 162
98 163
98 164
98 166
98 167
98 168
98 170
98 172
98 179
98 181
98 186
98 188
98 189
98 191
98 195
98 197
98 198
98 199
99 100
99 101
99 103
99 104
99 105
99 107
99 111
99 119
99 121
99 122
99 123
99 125
99 128
99 129
99 130
99 133
99 134
99 135
99 136
99 137
99 138
99 139
99 143
99 149
99 151
99 153
99 156
99 161
99 162
99 172
99 175
99 178
99 181
99 182
99 185
99 187
99 190
99 194
99 197
100 103
100 105
100 107
100 109
100 111
100 113
100 114
100 116
100 117
100 119
100 121
100 123
100 125
100 130
100 131
100 132
100 133
100 134
100 136
100 139
100 140
100 146
100 147
100 151
100 152
100 155
100 156
100 157
100 161
100 164
100 165
100 167
100 168
100 169
100 170
100 172
100 173
100 175
100 176
100 180
100 181
100 183
100 189
100 196
101 102
101 105
101 107
101 109
101 110
101 113
101 116
101 120
101 121
101 123
101 129
101 131
101 136
101 144
101 145
101 146
101 149
101 153
101 156
101 161
101 162
101 163
101 166
101 169
101 173
101 178
101 183
101 186
101 190
101 191
101 194
101 195
102 103
102 104
102 105
102 106
102 108
102 109
102 113
102 115
102 121
102 124
102 126
102 128
102 135
102 138
102 139
102 140
102 141
102 142
102 143
102 144
102 146
102 147
102 152
102 153
102 159
102 162
102 163
102 164
102 166
102 168
102 170
102 173
102 175
102 183
102 185
102 187
102 188
102 189
102 190
102 195
102 198
102 199
103 113
103 114
103 115
103 116
103 118
103 119
103 120
103 124
103 127
103 128
103 130
103 132
103 133
103 138
103 139
103 140
103 141
103 144
103 155
103 159
103 161
103 163
103 165
103 171
103 173
103 174
103 179
103 181
103 183
103 184
103 190
103 192
103 195
103 196
103 199
104 108
104 113
104 114
104 115
104 121
104 122
104 126
104 127
104 128
104 129
104 131
104 137
104 138
104 141
104 142
104 145
104 148
104 149
104 157
104 159
104 163
104 164
104 167
104 171
104 173
104 174
104 185
104 187
104 188
104 189
104 190
104 191
104 192
104 194
104 195
104 197
105 107
105 109
105 114
105 115
105 116
105 117
105 122
105 125
105 129
105 130
105 133
105 139
105 148
105 153
105 156
105 159
105 162
105 168
105 169
105 172
105 174
105 179
105 182
105 183
105 188
105 190
105 191
105 193
105 195
105 196
105 197
106 109
106 112
106 115
106 116
106 117
106 120
106 125
106 126
106 130
106 134
106 137
106 139
106 140
106 141
106 142
106 146
106 147
106 152
106 155
106 156
106 157
106 161
106 166
106 167
106 169
106 173
106 174
106 177
106 180
106 184
106 189
106 193
106 198
106 199
107 108
107 111
107 112
107 115
107 116
107 117
107 120
107 122
107 123
107 124
107 126
107 128
107 130
107 132
107 138
107 140
107 141
107 142
107 144
107 145
107 147
107 150
107 154
107 156
107 161
107 164
107 166
107 167
107 169
107 170
107 172
107 175
107 176
107 178
107 181
107 182
107 185
107 186
107 187
107 188
107 190
107 191
107 193
107 194
107 198
107 199
108 111
108 114
108 115
108 118
108 119
108 127
108 128
108 131
108 133
108 134
108 135
108 139
108 140
108 146
108 148
108 150
108 152
108 155
108 156
108 160
108 163
108 164
108 167
108 168
108 172
108 173
108 177
108 180
108 181
108 185
108 187
108 189
108 191
108 195
108 198
109 111
109 112
109 114
109 116
109 119
109 120
109 121
109 122
109 123
109 127
109 129
109 130
109 132
109 133
109 135
109 137
109 138
109 140
109 141
109 142
109 143
109 148
109 149
109 151
109 154
109 159
109 164
109 169
109 170
109 171
109 172
109 173
109 175
109 179
109 180
109 183
109 184
109 185
109 190
109 193
109 195
110 111
110 112
110 113
110 118
110 123
110 125
110 130
110 133
110 134
110 136
110 138
110 139
110 143
110 144
110 148
110 154
110 155
110 157
110 158
110 159
110 160
110 161
110 163
110 164
110 165
110 169
110 170
110 178
110 180
110 182
110 183
110 184
110 186
110 187
110 188
110 189
110 196
110 197
111 112
111 113
111 117
111 119
111 120
111 121
111 122
111 123
111 125
111 126
111 133
111 134
111 135
111 137
111 138
111 139
111 140
111 144
111 145
111 147
111 148
111 151
111 152
111 154
111 155
111 157
111 158
111 161
111 165
111 166
111 171
111 172
111 174
111 176
111 182
111 184
111 186
111 189
111 191
111 192
111 195
112 113
112 117
112 118
112 121
112 123
112 124
112 127
112 128
112 135
112 136
112 137
112 138
112 139
112 140
112 146
112 147
112 149
112 150
112 154
112 156
112 161
112 164
112 166
112 168
112 169
112 176
112 182
112 184
112 185
112 186
112 187
112 194
112 196
112 197
112 199
113 115
113 116
113 120
113 121
113 122
113 123
113 128
113 129
113 134
113 136
113 138
113 139
113 140
113 141
113 143
113 145
113 148
113 157
113 158
113 162
113 163
113 165
113 167
113 172
113 174
113 176
113 177
113 178
113 179
113 185
113 186
113 189
113 190
113 195
113 198
114 116
114 121
114 122
114 125
114 127
114 128
114 133
114 134
114 135
114 139
114 140
114 145
114 146
114 151
114 152
114 155
114 162
114 164
114 165
114 167
114 172
114 174
114 175
114 178
114 181
114 188
114 190
114 192
114 194
114 197
114 199
115 116
115 122
115 124
115 126
115 127
115 129
115 130
115 132
115 133
115 134
115 136
115 137
115 138
115 139
115 143
115 144
115 145
115 146
115 147
115 149
115 154
115 158
115 161
115 162
115 163
115 164
115 166
115 167
115 169
115 173
115 174
115 176
115 181
115 185
115 187
115 188
115 189
115 193
115 195
115 196
115 198
116 119
116 120
116 121
116 125
116 126
116 132
116 137
116 142
116 149
116 152
116 161
116 164
116 165
116 168
116 169
116 172
116 174
116 176
116 177
116 180
116 181
116 184
116 187
116 190
116 192
116 194
116 195
116 196
117 124
117 127
117 131
117 134
117 136
117 139
117 140
117 141
117 144
117 145
117 150
117 153
117 155
117 166
117 167
117 170
117 171
117 173
117 176
117 192
117 194
118 123
118 126
118 128
118 131
118 133
118 141
118 144
118 147
118 158
118 159
118 163
118 165
118 166
118 169
118 171
118 174
118 175
118 186
118 191
118 192
118 193
118 194
118 195
118 197
118 199
119 126
119 129
119 130
119 131
119 135
119 138
119 139
119 143
119 149
119 153
119 154
119 155
119 156
119 157
119 160
119 161
119 162
119 163
119 165
119 173
119 178
119 179
119 181
119 189
119 190
119 191
120 127
120 128
120 129
120 133
120 134
120 136
120 138
120 143
120 148
120 153
120 154
120 157
120 159
120 160
120 164
120 165
120 167
120 172
120 174
120 175
120 177
120 178
120 179
120 181
120 182
120 183
120 184
120 188
120 191
120 192
120 194
120 195
120 197
120 198
120 199
121 123
121 126
121 127
121 131
121 133
121 134
121 136
121 137
121 139
121 140
121 141
121 146
121 147
121 148
121 149
121 151
121 152
121 153
121 154
121 155
121 156
121 158
121 160
121 162
121 166
121 170
121 171
121 175
121 180
121 181
121 183
121 184
121 185
121 187
121 189
121 195
122 123
122 124
122 127
122 132
122 134
122 137
122 138
122 139
122 140
122 144
122 145
122 147
122 148
122 150
122 151
122 153
122 154
122 158
122 159
122 160
122 163
122 167
122 169
122 170
122 173
122 179
122 180
122 182
122 183
122 184
122 185
122 188
122 189
122 190
122 195
122 197
122 199
123 125
123 127
123 128
123 132
123 133
123 135
123 137
123 140
123 143
123 145
123 148
123 149
123 152
123 154
123 159
123 163
123 165
123 169
123 171
123 173
123 177
123 182
123 185
123 187
123 188
123 191
123 192
123 196
123 197
123 198
123 199
124 126
124 127
124 129
124 130
124 135
124 136
124 138
124 139
124 140
124 143
124 145
124 146
124 152
124 153
124 155
124 158
124 160
124 161
124 164
124 167
124 169
124 176
124 177
124 181
124 183
124 186
124 190
124 191
124 194
124 195
125 126
125 127
125 128
125 133
125 134
125 136
125 138
125 140
125 144
125 151
125 153
125 155
125 156
125 157
125 160
125 161
125 162
125 167
125 168
125 170
125 172
125 175
125 177
125 179
125 181
125 183
125 184
125 189
125 190
125 191
125 192
125 193
125 194
125 196
125 197
125 198
126 127
126 130
126 136
126 139
126 145
126 151
126 155
126 158
126 159
126 161
126 162
126 163
126 169
126 171
126 175
126 178
126 179
126 180
126 185
126 190
126 191
126 192
126 198
127 129
127 131
127 133
127 134
127 135
127 137
127 138
127 141
127 143
127 144
127 146
127 148
127 149
127 151
127 154
127 158
127 160
127 161
127 163
127 165
127 167
127 169
127 174
127 177
127 181
127 183
127 184
127 189
127 195
127 197
128 135
128 136
128 141
128 145
128 146
128 149
128 150
128 164
128 170
128 171
128 172
128 175
128 177
128 178
128 179
128 180
128 182
128 185
128 188
128 190
128 192
128 193
128 197
129 134
129 136
129 138
129 139
129 140
129 141
129 142
129 143
129 144
129 147
129 150
129 152
129 156
129 157
129 158
129 159
129 160
129 162
129 163
129 167
129 170
129 174
129 175
129 182
129 183
129 184
129 185
129 187
129 188
129 190
129 194
129 195
129 197
129 198
130 133
130 134
130 136
130 137
130 138
130 139
130 140
130 141
130 142
130 145
130 147
130 148
130 149
130 153
130 154
130 162
130 163
130 164
130 167
130 171
130 172
130 174
130 175
130 176
130 178
130 179
130 187
130 195
130 196
130 198
131 132
131 133
131 136
131 137
131 140
131 141
131 148
131 149
131 150
131 151
131 159
131 161
131 162
131 163
131 164
131 165
131 166
131 169
131 174
131 177
131 179
131 180
131 181
131 184
131 185
131 186
131 188
131 192
131 194
131 198
132 134
132 136
132 137
132 138
132 139
132 141
132 142
132 144
132 146
132 147
132 148
132 150
132 152
132 153
132 154
132 160
132 164
132 165
132 168
132 170
132 174
132 176
132 177
132 179
132 183
132 184
132 186
132 188
132 189
132 190
132 191
132 192
132 193
132 196
132 198
132 199
133 134
133 135
133 140
133 141
133 142
133 146
133 148
133 149
133 158
133 160
133 162
133 165
133 167
133 169
133 170
133 173
133 175
133 176
133 183
133 186
133 188
133 190
133 195
133 199
134 135
134 141
134 143
134 145
134 151
134 160
134 161
134 165
134 171
134 172
134 173
134 177
134 178
134 179
134 180
134 184
134 185
134 186
134 188
134 190
134 191
134 197
135 137
135 138
135 144
135 147
135 148
135 151
135 153
135 155
135 157
135 159
135 161
135 164
135 166
135 170
135 171
135 175
135 176
135 178
135 184
135 186
135 189
135 190
135 191
135 194
135 196
135 198
135 199
136 139
136 143
136 144
136 149
136 151
136 155
136 159
136 161
136 163
136 165
136 166
136 167
136 170
136 175
136 176
136 178
136 182
136 184
136 185
136 187
136 192
136 195
136 196
136 199
137 141
137 145
137 146
137 147
137 148
137 150
137 151
137 152
137 158
137 160
137 163
137 164
137 165
137 171
137 173
137 174
137 176
137 177
137 178
137 183
137 184
137 187
137 190
137 191
137 198
138 145
138 147
138 151
138 152
138 155
138 156
138 158
138 160
138 161
138 163
138 169
138 170
138 171
138 174
138 176
138 180
138 184
138 185
138 188
138 189
138 191
138 192
138 193
138 197
138 198
139 140
139 141
139 145
139 146
139 153
139 154
139 155
139 159
139 164
139 169
139 173
139 179
139 180
139 182
139 183
139 184
139 186
139 187
139 190
140 141
140 142
140 150
140 151
140 152
140 154
140 155
140 158
140 159
140 163
140 175
140 182
140 184
140 188
140 191
140 193
140 194
140 195
140 198
140 199
141 142
141 143
141 146
141 150
141 152
141 155
141 158
141 160
141 161
141 162
141 164
141 165
141 167
141 168
141 169
141 172
141 173
141 174
141 177
141 188
141 190
141 192
141 194
141 195
141 198
142 144
142 145
142 146
142 147
142 152
142 154
142 155
142 156
142 157
142 160
142 161
142 162
142 164
142 165
142 167
142 168
142 171
142 176
142 181
142 183
142 184
142 186
142 187
142 190
142 195
142 196
142 197
142 198
142 199
143 149
143 151
143 154
143 156
143 157
143 159
143 161
143 164
143 165
143 167
143 169
143 170
143 173
143 176
143 177
143 178
143 179
143 183
143 186
143 191
143 193
143 194
143 195
144 145
144 147
144 149
144 151
144 153
144 154
144 157
144 158
144 159
144 164
144 165
144 166
144 168
144 169
144 171
144 172
144 175
144 176
144 177
144 182
144 184
144 186
144 188
144 190
144 191
144 192
144 193
144 194
145 146
145 149
145 152
145 155
145 161
145 162
145 164
145 167
145 171
145 172
145 173
145 175
145 177
145 182
145 183
145 184
145 188
145 195
145 198
145 199
146 148
146 151
146 155
146 156
146 163
146 165
146 166
146 168
146 171
146 172
146 174
146 175
146 177
146 178
146 179
146 182
146 183
146 191
146 193
146 194
146 197
147 149
147 150
147 152
147 153
147 154
147 158
147 160
147 164
147 167
147 169
147 173
147 175
147 177
147 182
147 183
147 185
147 189
147 191
147 192
147 198
147 199
148 153
148 157
148 158
148 160
148 165
148 167
148 175
148 177
148 179
148 181
148 183
148 186
148 187
148 188
148 190
148 193
148 196
149 150
149 151
149 152
149 153
149 156
149 157
149 158
149 160
149 161
149 165
149 167
149 169
149 170
149 174
149 175
149 176
149 177
149 181
149 182
149 183
149 185
149 190
149 192
149 194
149 195
149 196
149 198
150 151
150 154
150 155
150 156
150 157
150 159
150 160
150 164
150 165
150 167
150 168
150 174
150 176
150 178
150 179
150 182
150 183
150 185
150 192
150 194
150 197
150 198
150 199
151 153
151 155
151 158
151 159
151 161
151 162
151 163
151 164
151 168
151 169
151 170
151 174
151 176
151 182
151 186
151 190
151 193
151 195
151 197
151 198
151 199
152 157
152 160
152 162
152 165
152 169
152 171
152 173
152 174
152 178
152 183
152 186
152 187
152 190
152 191
152 195
152 196
153 156
153 159
153 161
153 164
153 165
153 167
153 169
153 177
153 183
153 184
153 187
153 189
153 191
153 192
153 194
153 196
153 198
154 162
154 166
154 167
154 170
154 171
154 172
154 176
154 179
154 185
154 186
154 187
154 189
154 190
154 194
154 197
154 199
155 156
155 159
155 161
155 162
155 166
155 168
155 169
155 170
155 171
155 172
155 176
155 181
155 185
155 187
155 188
155 189
155 191
155 193
155 197
155 198
156 158
156 160
156 163
156 164
156 167
156 168
156 169
156 170
156 171
156 173
156 174
156 176
156 178
156 179
156 184
156 185
156 187
156 197
156 199
157 159
157 162
157 169
157 170
157 179
157 187
157 195
157 196
157 199
158 160
158 161
158 162
158 165
158 170
158 172
158 178
158 180
158 181
158 191
158 194
158 199
159 161
159 162
159 163
159 165
159 166
159 167
159 168
159 170
159 172
159 173
159 174
159 179
159 180
159 181
159 184
159 186
159 189
159 193
159 195
160 162
160 169
160 173
160 174
160 175
160 176
160 183
160 184
160 185
160 186
160 187
160 188
160 190
160 191
160 193
160 194
160 195
160 196
161 162
161 165
161 168
161 169
161 171
161 172
161 173
161 177
161 178
161 180
161 183
161 184
161 185
161 188
161 196
161 199
162 165
162 166
162 167
162 169
162 170
162 172
162 173
162 177
162 179
162 185
162 188
162 191
162 192
162 195
162 196
162 198
163 167
163 171
163 176
163 178
163 181
163 184
163 185
163 188
163 189
163 192
163 194
163 199
164 167
164 169
164 170
164 171
164 172
164 176
164 179
164 180
164 181
164 183
164 184
164 188
164 193
164 195
164 197
165 167
165 169
165 172
165 173
165 174
165 176
165 179
165 180
165 182
165 183
165 190
165 191
165 193
165 195
165 198
166 168
166 169
166 170
166 171
166 173
166 174
166 176
166 178
166 180
166 182
166 184
166 191
166 192
166 198
167 174
167 180
167 181
167 183
167 187
167 191
167 192
167 194
167 196
168 171
168 174
168 178
168 181
168 184
168 186
168 187
168 190
168 192
168 196
169 170
169 171
169 172
169 174
169 175
169 178
169 182
169 183
169 190
169 192
169 194
169 195
169 197
169 198
170 172
170 173
170 175
170 177
170 180
170 182
170 190
170 193
170 194
170 196
170 197
171 172
171 173
171 174
171 176
171 177
171 178
171 181
171 182
171 184
171 185
171 194
171 195
171 196
172 177
172 181
172 183
172 184
172 185
172 186
172 187
172 192
172 193
172 196
172 197
172 198
172 199
173 177
173 180
173 181
173 183
173 186
173 188
173 190
173 193
173 195
173 197
173 198
174 179
174 181
174 186
174 188
174 189
174 191
174 192
174 193
174 194
174 195
174 198
174 199
175 176
175 177
175 178
175 181
175 191
175 194
175 195
175 197
175 199
176 182
176 184
176 185
176 186
176 189
176 190
176 191
176 196
177 178
177 180
177 181
177 182
177 191
177 193
177 196
177 197
177 199
178 179
178 181
178 188
178 189
178 190
178 192
178 194
178 195
178 199
179 180
179 182
179 186
179 189
179 190
179 196
180 181
180 183
180 191
180 192
180 195
180 196
180 197
180 199
181 182
181 184
181 185
181 192
181 193
181 194
181 195
181 197
182 187
182 189
182 190
182 193
182 194
182 196
182 197
182 198
183 185
183 186
183 187
183 193
183 194
183 196
183 198
184 187
184 191
184 192
184 194
184 197
184 198
185 187
185 189
185 190
185 192
185 198
185 199
186 188
186 189
186 190
186 192
186 197
186 199
187 195
187 196
188 190
188 192
188 194
188 195
188 199
189 192
189 193
189 197
189 199
190 196
190 198
190 199
191 192
191 193
191 196
191 198
192 194
192 198
192 199
193 196
193 197
194 195
194 196
194 198
194 199
195 196
195 199
196 197
196 198
196 199
197 198
197 199
198 199
