250 6516
47 63
74 80
28 89
56 49
14 80
37 93
27 13
57 83
57 38
84 10
72 54
24 87
70 87
68 44
21 73
100 62
23 23
31 52
72 28
20 44
38 35
65 47
97 22
75 25
22 82
96 85
15 82
43 26
15 78
31 39
56 37
34 31
12 72
62 24
80 13
53 26
13 25
12 21
87 11
70 72
67 39
13 58
83 48
37 34
54 61
58 49
21 41
78 19
20 28
56 42
100 74
100 82
92 87
12 49
91 26
47 81
82 18
58 28
55 62
89 67
85 70
81 95
33 88
56 42
26 29
88 14
56 63
41 91
29 18
42 42
87 94
41 16
39 26
54 69
95 82
52 53
97 60
33 88
75 18
28 81
84 96
44 96
10 87
20 96
94 79
92 25
34 11
84 24
74 41
17 11
28 56
56 26
34 29
94 14
48 39
38 32
44 50
93 93
59 11
77 83
68 71
47 81
28 29
39 42
43 29
37 72
92 91
67 72
65 38
72 99
44 57
79 80
90 25
96 90
61 36
60 24
51 70
72 78
70 95
27 54
96 11
16 36
71 93
47 66
79 21
57 19
94 31
14 16
17 92
63 28
78 26
14 77
48 10
51 46
64 62
68 69
94 10
21 52
59 81
55 75
94 100
39 69
92 18
59 63
71 27
93 96
48 32
89 62
61 91
75 80
53 10
28 88
31 20
17 48
13 18
96 49
88 73
71 30
83 65
18 38
32 79
39 44
53 61
68 75
19 34
93 90
26 29
69 40
53 50
92 40
61 11
26 21
49 23
44 85
78 53
62 46
12 64
70 51
28 42
68 70
48 15
68 58
98 22
68 46
69 56
82 27
13 72
79 26
90 17
11 37
67 22
65 65
33 85
72 78
98 86
92 53
55 17
80 25
74 67
52 10
23 88
27 62
93 49
31 95
18 56
46 96
64 85
78 56
60 95
50 51
80 74
88 40
78 47
76 26
49 12
29 13
22 19
73 27
58 86
49 22
81 81
98 94
12 56
91 49
55 40
62 20
89 95
76 100
75 57
50 31
42 47
20 75
32 51
81 47
41 75
51 16
86 38
71 91
37 16
16 67
36 66
46 48
65 58
85 29
82 93
39 38
47 24
40 86
87 16
72 70
6259
0 2
0 8
0 17
0 18
0 28
0 35
0 36
0 44
0 47
0 49
0 55
0 56
0 57
0 64
0 69
0 86
0 89
0 91
0 104
0 121
0 127
0 140
0 151
0 155
0 158
0 175
0 182
0 185
0 188
0 206
0 207
0 210
0 214
0 221
0 223
0 236
0 240
0 241
0 244
1 2
1 3
1 8
1 14
1 24
1 27
1 32
1 41
1 42
1 55
1 56
1 61
1 63
1 72
1 75
1 77
1 83
1 88
1 90
1 93
1 94
1 104
1 105
1 109
1 111
1 125
1 126
1 128
1 133
1 134
1 144
1 150
1 155
1 164
1 170
1 174
1 175
1 177
1 183
1 185
1 193
1 199
1 205
1 211
1 219
1 232
1 237
1 239
2 4
2 6
2 15
2 18
2 19
2 23
2 24
2 27
2 38
2 40
2 44
2 47
2 55
2 60
2 75
2 80
2 82
2 84
2 89
2 94
2 99
2 107
2 116
2 122
2 123
2 124
2 137
2 157
2 158
2 161
2 163
2 164
2 165
2 183
2 187
2 189
2 192
2 196
2 199
2 206
2 208
2 212
2 215
2 220
2 226
2 230
2 238
3 5
3 7
3 9
3 10
3 12
3 14
3 19
3 24
3 26
3 27
3 30
3 33
3 36
3 44
3 49
3 65
3 70
3 74
3 76
3 78
3 82
3 86
3 90
3 95
3 99
3 105
3 107
3 109
3 112
3 116
3 120
3 124
3 132
3 136
3 155
3 156
3 158
3 159
3 176
3 181
3 183
3 192
3 195
3 200
3 216
3 220
3 221
3 233
3 235
3 241
3 242
3 248
3 249
4 8
4 12
4 13
4 16
4 20
4 21
4 23
4 28
4 33
4 34
4 35
4 42
4 50
4 55
4 61
4 68
4 71
4 80
4 82
4 83
4 85
4 92
4 103
4 106
4 110
4 111
4 112
4 119
4 128
4 130
4 131
4 132
4 133
4 136
4 140
4 150
4 165
4 174
4 175
4 183
4 189
4 191
4 197
4 201
4 205
4 206
4 213
4 219
4 221
4 222
4 228
4 229
4 233
4 237
5 11
5 12
5 14
5 16
5 19
5 20
5 21
5 29
5 39
5 48
5 49
5 54
5 55
5 73
5 85
5 89
5 90
5 91
5 93
5 95
5 100
5 107
5 117
5 118
5 121
5 124
5 129
5 145
5 148
5 150
5 155
5 160
5 170
5 176
5 184
5 200
5 208
5 209
5 212
5 213
5 214
5 217
5 219
5 220
5 226
5 236
5 239
5 241
5 242
5 244
5 247
6 7
6 8
6 10
6 13
6 15
6 16
6 22
6 41
6 45
6 55
6 58
6 76
6 91
6 115
6 119
6 136
6 143
6 146
6 148
6 151
6 159
6 163
6 165
6 167
6 170
6 172
6 173
6 175
6 180
6 190
6 197
6 198
6 199
6 202
6 211
6 214
6 222
6 232
6 238
6 239
6 242
6 249
7 13
7 20
7 21
7 22
7 30
7 41
7 56
7 58
7 64
7 66
7 82
7 86
7 88
7 89
7 95
7 103
7 104
7 109
7 119
7 127
7 128
7 135
7 138
7 140
7 150
7 152
7 158
7 159
7 160
7 163
7 178
7 199
7 202
7 213
7 216
7 223
7 230
7 234
7 239
7 241
7 247
7 249
8 9
8 20
8 23
8 25
8 31
8 33
8 34
8 36
8 37
8 38
8 46
8 47
8 51
8 69
8 73
8 74
8 78
8 79
8 84
8 87
8 90
8 91
8 95
8 102
8 114
8 119
8 120
8 122
8 134
8 135
8 137
8 142
8 145
8 150
8 160
8 161
8 162
8 167
8 169
8 174
8 176
8 177
8 178
8 180
8 190
8 191
8 193
8 200
8 201
8 206
8 208
8 210
8 214
8 220
8 223
8 224
8 227
8 231
8 240
8 249
9 12
9 15
9 17
9 18
9 26
9 27
9 30
9 35
9 36
9 41
9 44
9 51
9 52
9 54
9 61
9 63
9 65
9 78
9 84
9 97
9 99
9 102
9 103
9 113
9 118
9 119
9 135
9 136
9 139
9 157
9 160
9 163
9 164
9 165
9 166
9 172
9 174
9 175
9 176
9 179
9 180
9 182
9 183
9 196
9 200
9 205
9 215
9 217
9 222
9 224
9 225
9 232
9 234
9 248
10 12
10 14
10 32
10 33
10 39
10 40
10 48
10 49
10 59
10 65
10 66
10 71
10 72
10 73
10 82
10 90
10 94
10 103
10 104
10 105
10 110
10 112
10 113
10 117
10 120
10 124
10 130
10 155
10 156
10 161
10 163
10 164
10 169
10 170
10 196
10 197
10 201
10 202
10 208
10 211
10 212
10 217
10 221
10 229
10 236
10 245
10 249
11 13
11 24
11 27
11 28
11 31
11 35
11 43
11 51
11 59
11 69
11 70
11 71
11 75
11 78
11 86
11 92
11 94
11 108
11 111
11 116
11 126
11 127
11 128
11 138
11 139
11 142
11 143
11 147
11 148
11 152
11 154
11 160
11 162
11 168
11 172
11 175
11 176
11 177
11 179
11 187
11 189
11 192
11 194
11 197
11 200
11 209
11 213
11 214
11 215
11 217
11 218
11 222
11 228
11 232
11 233
11 239
11 240
11 245
12 19
12 21
12 26
12 38
12 40
12 41
12 44
12 51
12 53
12 57
12 60
12 67
12 71
12 76
12 82
12 94
12 95
12 97
12 101
12 103
12 104
12 112
12 118
12 119
12 121
12 126
12 130
12 133
12 135
12 138
12 140
12 144
12 149
12 157
12 160
12 162
12 170
12 175
12 182
12 186
12 189
12 191
12 192
12 193
12 197
12 216
12 219
12 220
12 221
12 229
12 241
12 244
12 245
12 246
12 247
12 249
13 14
13 25
13 28
13 33
13 35
13 38
13 47
13 48
13 49
13 50
13 66
13 72
13 76
13 81
13 82
13 85
13 91
13 92
13 93
13 99
13 102
13 104
13 105
13 107
13 115
13 117
13 120
13 124
13 125
13 130
13 131
13 134
13 139
13 142
13 143
13 147
13 148
13 149
13 150
13 155
13 162
13 165
13 171
13 198
13 201
13 202
13 206
13 207
13 209
13 211
13 212
13 213
13 221
13 233
13 235
13 248
14 15
14 21
14 22
14 23
14 29
14 36
14 39
14 40
14 47
14 50
14 59
14 64
14 65
14 66
14 67
14 84
14 90
14 94
14 96
14 104
14 106
14 108
14 116
14 120
14 122
14 123
14 127
14 130
14 134
14 136
14 138
14 144
14 145
14 146
14 149
14 150
14 163
14 165
14 172
14 180
14 190
14 192
14 196
14 201
14 215
14 224
14 226
14 228
14 232
14 234
15 17
15 19
15 34
15 39
15 40
15 49
15 51
15 68
15 70
15 77
15 89
15 90
15 100
15 105
15 106
15 110
15 113
15 114
15 115
15 118
15 119
15 121
15 135
15 137
15 138
15 139
15 143
15 152
15 158
15 159
15 200
15 209
15 226
15 229
15 230
15 232
15 238
15 240
16 20
16 21
16 32
16 33
16 34
16 53
16 59
16 60
16 63
16 70
16 72
16 76
16 77
16 80
16 83
16 86
16 88
16 91
16 99
16 100
16 105
16 113
16 114
16 115
16 119
16 122
16 124
16 129
16 145
16 157
16 173
16 176
16 195
16 198
16 199
16 206
16 208
16 209
16 212
16 220
16 226
16 229
16 233
16 247
16 249
17 24
17 30
17 31
17 34
17 39
17 52
17 53
17 55
17 56
17 57
17 59
17 61
17 72
17 76
17 93
17 100
17 105
17 114
17 116
17 120
17 134
17 140
17 144
17 152
17 154
17 163
17 168
17 172
17 175
17 176
17 181
17 182
17 188
17 194
17 195
17 201
17 202
17 210
17 213
17 223
17 224
17 236
17 241
17 243
17 246
18 23
18 24
18 30
18 35
18 37
18 44
18 47
18 57
18 61
18 65
18 69
18 75
18 98
18 105
18 108
18 109
18 120
18 131
18 132
18 142
18 148
18 151
18 155
18 159
18 160
18 165
18 167
18 174
18 177
18 179
18 180
18 181
18 184
18 196
18 198
18 199
18 203
18 204
18 216
18 217
18 223
18 225
18 232
18 233
18 245
19 25
19 31
19 33
19 34
19 39
19 44
19 45
19 46
19 51
19 58
19 60
19 61
19 65
19 72
19 77
19 80
19 81
19 87
19 96
19 106
19 107
19 112
19 118
19 124
19 128
19 131
19 132
19 134
19 137
19 142
19 144
19 146
19 148
19 150
19 151
19 152
19 162
19 166
19 172
19 173
19 177
19 180
19 186
19 197
19 205
19 206
19 208
19 210
19 212
19 219
19 231
19 237
19 243
20 29
20 30
20 33
20 37
20 45
20 52
20 56
20 57
20 59
20 69
20 70
20 87
20 90
20 99
20 103
20 107
20 109
20 111
20 118
20 127
20 130
20 133
20 137
20 139
20 140
20 142
20 144
20 150
20 153
20 154
20 159
20 171
20 172
20 174
20 180
20 186
20 188
20 190
20 201
20 202
20 205
20 220
20 225
20 233
20 235
21 26
21 35
21 46
21 54
21 69
21 71
21 72
21 74
21 86
21 87
21 88
21 89
21 91
21 98
21 100
21 103
21 114
21 115
21 118
21 119
21 133
21 134
21 138
21 146
21 149
21 157
21 158
21 160
21 164
21 166
21 169
21 170
21 187
21 190
21 193
21 202
21 203
21 204
21 211
21 217
21 220
21 225
21 229
21 230
21 235
21 236
21 240
21 241
21 244
21 245
21 248
22 34
22 47
22 51
22 59
22 65
22 68
22 71
22 88
22 91
22 93
22 95
22 102
22 108
22 115
22 130
22 131
22 137
22 138
22 147
22 154
22 165
22 168
22 170
22 171
22 173
22 181
22 190
22 197
22 198
22 202
22 214
22 219
22 221
22 228
22 233
22 244
23 29
23 34
23 36
23 39
23 44
23 51
23 63
23 65
23 66
23 67
23 70
23 73
23 78
23 86
23 90
23 96
23 97
23 99
23 101
23 107
23 119
23 120
23 125
23 137
23 147
23 149
23 153
23 158
23 173
23 174
23 181
23 183
23 195
23 200
23 209
23 210
23 211
23 216
23 218
23 220
23 222
23 225
23 233
23 234
23 242
23 248
24 38
24 41
24 44
24 47
24 51
24 57
24 62
24 65
24 68
24 71
24 74
24 83
24 84
24 85
24 87
24 88
24 92
24 93
24 94
24 99
24 105
24 109
24 116
24 119
24 125
24 132
24 145
24 148
24 154
24 157
24 173
24 184
24 189
24 196
24 200
24 201
24 203
24 207
24 211
24 213
24 215
24 216
24 217
24 218
24 219
24 220
24 224
24 226
24 228
24 231
24 232
24 233
24 238
24 239
24 243
24 246
25 38
25 40
25 42
25 45
25 46
25 47
25 50
25 56
25 58
25 59
25 62
25 67
25 82
25 83
25 89
25 98
25 101
25 111
25 114
25 119
25 126
25 129
25 130
25 135
25 143
25 144
25 147
25 148
25 155
25 163
25 168
25 169
25 183
25 184
25 186
25 188
25 196
25 197
25 198
25 217
25 229
25 231
25 235
25 246
25 247
26 39
26 44
26 49
26 55
26 56
26 58
26 59
26 61
26 76
26 78
26 80
26 83
26 86
26 89
26 90
26 94
26 105
26 106
26 111
26 112
26 118
26 125
26 131
26 132
26 137
26 138
26 146
26 150
26 155
26 163
26 171
26 180
26 184
26 197
26 200
26 201
26 210
26 212
26 213
26 217
26 225
26 227
26 229
26 230
26 231
26 244
26 245
26 249
27 28
27 42
27 43
27 44
27 47
27 53
27 54
27 55
27 64
27 65
27 67
27 68
27 72
27 77
27 84
27 87
27 89
27 94
27 100
27 102
27 105
27 106
27 107
27 111
27 129
27 130
27 138
27 144
27 149
27 150
27 151
27 154
27 162
27 164
27 165
27 175
27 176
27 178
27 184
27 187
27 194
27 196
27 211
27 212
27 215
27 232
27 233
27 236
27 238
27 247
28 29
28 33
28 37
28 42
28 47
28 54
28 65
28 66
28 74
28 78
28 79
28 82
28 91
28 100
28 102
28 105
28 121
28 123
28 126
28 142
28 146
28 148
28 156
28 161
28 162
28 165
28 169
28 177
28 179
28 181
28 184
28 185
28 187
28 196
28 200
28 221
28 230
28 232
28 239
28 247
29 43
29 45
29 47
29 48
29 49
29 52
29 54
29 56
29 62
29 63
29 73
29 76
29 81
29 93
29 96
29 97
29 108
29 109
29 111
29 116
29 118
29 120
29 122
29 126
29 138
29 147
29 153
29 155
29 174
29 181
29 194
29 195
29 197
29 200
29 203
29 206
29 207
29 215
29 216
29 217
29 218
29 225
29 237
29 242
29 246
29 247
30 33
30 40
30 41
30 45
30 47
30 55
30 64
30 66
30 71
30 72
30 85
30 88
30 90
30 93
30 97
30 100
30 104
30 109
30 119
30 120
30 137
30 144
30 152
30 153
30 175
30 190
30 201
30 207
30 214
30 220
30 231
30 239
30 243
30 248
31 34
31 40
31 42
31 47
31 48
31 51
31 79
31 80
31 86
31 91
31 95
31 96
31 98
31 103
31 111
31 113
31 120
31 124
31 127
31 132
31 145
31 159
31 161
31 164
31 167
31 170
31 175
31 177
31 180
31 181
31 186
31 187
31 189
31 193
31 203
31 205
31 212
31 223
31 227
31 240
31 245
31 247
32 34
32 36
32 38
32 44
32 47
32 53
32 59
32 61
32 67
32 68
32 70
32 72
32 78
32 80
32 81
32 89
32 91
32 106
32 107
32 108
32 113
32 114
32 116
32 119
32 124
32 125
32 126
32 131
32 142
32 156
32 160
32 162
32 163
32 164
32 165
32 170
32 180
32 196
32 198
32 201
32 209
32 213
32 214
32 216
32 221
32 226
32 227
32 233
32 237
32 239
32 246
33 34
33 50
33 71
33 75
33 83
33 85
33 87
33 88
33 92
33 100
33 112
33 116
33 121
33 126
33 131
33 136
33 139
33 141
33 148
33 151
33 156
33 159
33 163
33 164
33 171
33 175
33 180
33 189
33 195
33 206
33 212
33 229
33 231
33 239
33 248
34 43
34 50
34 51
34 52
34 55
34 57
34 62
34 69
34 76
34 85
34 86
34 88
34 92
34 94
34 100
34 104
34 117
34 120
34 127
34 131
34 133
34 135
34 142
34 143
34 155
34 156
34 165
34 170
34 171
34 173
34 175
34 178
34 188
34 200
34 208
34 231
34 238
34 242
34 244
35 36
35 43
35 47
35 48
35 57
35 58
35 68
35 72
35 74
35 77
35 84
35 85
35 88
35 94
35 98
35 102
35 106
35 107
35 110
35 114
35 121
35 129
35 140
35 142
35 145
35 148
35 157
35 162
35 165
35 169
35 172
35 177
35 189
35 193
35 199
35 201
35 207
35 208
35 212
35 222
35 224
35 228
35 232
35 242
35 244
35 249
36 44
36 51
36 60
36 64
36 68
36 69
36 73
36 74
36 76
36 78
36 80
36 81
36 90
36 104
36 116
36 119
36 121
36 127
36 128
36 132
36 144
36 146
36 152
36 156
36 160
36 162
36 171
36 172
36 192
36 196
36 204
36 210
36 212
36 213
36 215
36 221
36 235
36 243
36 249
37 46
37 47
37 63
37 75
37 77
37 87
37 88
37 90
37 92
37 93
37 94
37 98
37 105
37 107
37 111
37 120
37 127
37 134
37 143
37 144
37 146
37 150
37 152
37 165
37 168
37 171
37 177
37 178
37 188
37 192
37 194
37 195
37 201
37 206
37 208
37 209
37 214
37 229
37 235
37 247
37 249
38 40
38 46
38 47
38 48
38 54
38 55
38 58
38 59
38 66
38 72
38 73
38 74
38 76
38 79
38 85
38 86
38 92
38 94
38 95
38 96
38 97
38 99
38 106
38 123
38 129
38 130
38 136
38 137
38 147
38 148
38 149
38 152
38 161
38 167
38 171
38 174
38 175
38 180
38 183
38 187
38 191
38 196
38 199
38 206
38 226
38 233
38 239
38 243
39 45
39 47
39 52
39 57
39 63
39 69
39 70
39 75
39 78
39 82
39 85
39 87
39 90
39 91
39 96
39 97
39 100
39 107
39 109
39 115
39 138
39 140
39 155
39 156
39 159
39 160
39 172
39 173
39 186
39 187
39 193
39 196
39 209
39 210
39 211
39 212
39 221
39 228
39 237
39 240
39 242
39 243
39 247
39 248
40 43
40 53
40 61
40 65
40 66
40 76
40 86
40 98
40 101
40 103
40 111
40 112
40 122
40 123
40 124
40 125
40 132
40 135
40 139
40 141
40 147
40 154
40 155
40 158
40 186
40 195
40 197
40 200
40 206
40 218
40 225
40 230
40 240
40 241
40 243
41 42
41 48
41 50
41 52
41 54
41 58
41 60
41 67
41 77
41 82
41 83
41 84
41 86
41 95
41 99
41 106
41 114
41 116
41 120
41 122
41 123
41 125
41 133
41 137
41 142
41 143
41 147
41 158
41 164
41 168
41 171
41 172
41 179
41 187
41 192
41 193
41 201
41 203
41 204
41 206
41 209
41 212
41 217
41 219
41 221
41 229
41 234
41 236
41 247
41 249
42 45
42 50
42 55
42 59
42 66
42 70
42 71
42 76
42 80
42 83
42 87
42 89
42 95
42 98
42 107
42 110
42 112
42 119
42 124
42 130
42 134
42 140
42 146
42 147
42 158
42 160
42 161
42 167
42 168
42 177
42 182
42 187
42 189
42 195
42 199
42 202
42 207
42 220
42 227
42 228
42 231
42 235
42 243
42 246
42 249
43 55
43 65
43 68
43 72
43 77
43 79
43 91
43 99
43 106
43 120
43 122
43 128
43 132
43 141
43 147
43 153
43 159
43 163
43 172
43 175
43 179
43 180
43 185
43 198
43 211
43 215
43 218
43 221
43 222
43 223
43 224
43 227
43 240
44 48
44 50
44 51
44 63
44 67
44 72
44 78
44 85
44 87
44 88
44 98
44 101
44 103
44 104
44 110
44 113
44 115
44 116
44 119
44 126
44 127
44 133
44 140
44 143
44 150
44 152
44 156
44 170
44 171
44 172
44 174
44 175
44 180
44 188
44 191
44 192
44 196
44 197
44 200
44 207
44 221
44 225
44 228
44 229
44 230
44 249
45 55
45 60
45 74
45 75
45 77
45 78
45 91
45 95
45 103
45 124
45 127
45 136
45 137
45 139
45 141
45 155
45 167
45 176
45 178
45 182
45 195
45 197
45 198
45 200
45 203
45 210
45 214
45 215
45 217
45 224
45 231
45 234
45 242
46 52
46 59
46 60
46 66
46 69
46 72
46 78
46 81
46 82
46 90
46 91
46 104
46 131
46 132
46 136
46 141
46 145
46 149
46 152
46 160
46 161
46 165
46 180
46 190
46 194
46 202
46 204
46 206
46 207
46 213
46 221
46 227
46 228
47 53
47 61
47 66
47 67
47 73
47 74
47 78
47 88
47 90
47 92
47 93
47 96
47 97
47 105
47 107
47 110
47 113
47 119
47 120
47 121
47 123
47 126
47 132
47 137
47 143
47 155
47 156
47 163
47 164
47 165
47 166
47 170
47 176
47 183
47 194
47 199
47 210
47 218
47 220
47 231
47 234
47 237
47 244
47 248
48 49
48 50
48 51
48 53
48 55
48 57
48 59
48 67
48 72
48 75
48 96
48 98
48 99
48 101
48 105
48 106
48 112
48 117
48 119
48 138
48 147
48 150
48 156
48 157
48 160
48 164
48 165
48 168
48 170
48 172
48 175
48 184
48 191
48 192
48 216
48 223
48 224
48 228
48 237
48 238
49 51
49 52
49 56
49 60
49 64
49 69
49 70
49 75
49 84
49 90
49 93
49 94
49 97
49 98
49 99
49 101
49 102
49 104
49 106
49 111
49 112
49 116
49 121
49 123
49 126
49 127
49 135
49 140
49 143
49 145
49 148
49 151
49 153
49 154
49 169
49 179
49 192
49 199
49 202
49 208
49 209
49 211
49 212
49 215
49 223
49 226
49 228
49 229
49 232
49 237
49 241
49 242
49 246
50 55
50 57
50 60
50 65
50 72
50 73
50 80
50 81
50 90
50 95
50 103
50 104
50 109
50 111
50 113
50 116
50 124
50 129
50 132
50 143
50 146
50 154
50 173
50 174
50 179
50 183
50 188
50 204
50 210
50 212
50 217
50 219
50 222
50 223
50 233
50 236
50 242
50 245
50 246
51 53
51 55
51 56
51 58
51 64
51 66
51 67
51 68
51 75
51 76
51 79
51 83
51 94
51 111
51 113
51 114
51 120
51 121
51 122
51 126
51 129
51 130
51 132
51 138
51 140
51 145
51 146
51 152
51 159
51 163
51 180
51 185
51 187
51 188
51 202
51 205
51 211
51 218
51 229
51 234
51 240
51 243
51 244
51 249
52 53
52 60
52 75
52 83
52 89
52 99
52 102
52 110
52 114
52 119
52 125
52 127
52 132
52 139
52 140
52 142
52 146
52 152
52 153
52 155
52 164
52 168
52 171
52 172
52 176
52 185
52 187
52 194
52 200
52 204
52 205
52 210
52 222
52 231
52 234
52 239
52 240
52 245
53 55
53 59
53 60
53 65
53 71
53 74
53 78
53 79
53 85
53 86
53 100
53 108
53 109
53 111
53 112
53 114
53 120
53 124
53 125
53 137
53 148
53 149
53 157
53 159
53 165
53 166
53 167
53 173
53 174
53 179
53 182
53 186
53 188
53 193
53 197
53 199
53 204
53 207
53 208
53 218
53 220
53 222
53 223
53 225
53 230
53 233
53 245
54 56
54 62
54 66
54 87
54 91
54 92
54 95
54 97
54 106
54 111
54 129
54 131
54 133
54 139
54 149
54 154
54 160
54 162
54 164
54 167
54 175
54 184
54 187
54 189
54 191
54 192
54 194
54 195
54 202
54 211
54 217
54 227
54 230
54 236
54 247
55 66
55 67
55 70
55 76
55 88
55 93
55 98
55 102
55 103
55 115
55 120
55 124
55 128
55 144
55 145
55 151
55 152
55 156
55 160
55 161
55 166
55 168
55 175
55 179
55 199
55 202
55 206
55 215
55 224
55 234
55 238
55 240
56 78
56 79
56 85
56 98
56 106
56 113
56 115
56 116
56 117
56 125
56 129
56 130
56 152
56 162
56 163
56 168
56 173
56 185
56 186
56 192
56 193
56 199
56 208
56 212
56 216
56 224
56 230
56 231
56 237
56 243
56 244
57 63
57 65
57 73
57 79
57 80
57 81
57 87
57 91
57 98
57 101
57 103
57 111
57 114
57 116
57 118
57 125
57 126
57 130
57 134
57 138
57 139
57 141
57 146
57 148
57 151
57 154
57 170
57 176
57 177
57 182
57 188
57 197
57 202
57 214
57 221
57 226
57 233
57 235
57 239
57 242
58 67
58 78
58 86
58 91
58 94
58 96
58 101
58 102
58 109
58 118
58 120
58 124
58 127
58 128
58 135
58 142
58 143
58 145
58 147
58 148
58 157
58 167
58 170
58 172
58 173
58 174
58 180
58 184
58 188
58 195
58 196
58 197
58 205
58 208
58 209
58 213
58 214
58 215
58 217
58 219
58 233
58 234
58 237
58 242
58 245
59 71
59 76
59 79
59 85
59 86
59 93
59 103
59 105
59 118
59 134
59 136
59 140
59 147
59 167
59 171
59 176
59 184
59 194
59 197
59 200
59 205
59 207
59 218
59 227
59 229
59 230
59 239
59 240
59 247
59 248
60 68
60 73
60 76
60 84
60 86
60 89
60 100
60 101
60 110
60 115
60 117
60 118
60 124
60 132
60 135
60 139
60 143
60 159
60 160
60 164
60 166
60 176
60 177
60 184
60 190
60 192
60 207
60 212
60 213
60 214
60 217
60 223
60 236
60 238
61 64
61 65
61 72
61 74
61 77
61 78
61 88
61 93
61 94
61 99
61 107
61 110
61 111
61 112
61 114
61 116
61 117
61 124
61 127
61 133
61 135
61 137
61 138
61 139
61 147
61 151
61 155
61 164
61 166
61 172
61 174
61 176
61 178
61 179
61 183
61 191
61 196
61 199
61 200
61 209
61 219
61 223
61 231
61 235
61 237
61 238
61 247
61 248
61 249
62 64
62 66
62 69
62 83
62 84
62 90
62 98
62 104
62 109
62 113
62 114
62 127
62 141
62 143
62 147
62 169
62 179
62 182
62 183
62 186
62 189
62 191
62 193
62 198
62 201
62 206
62 210
62 219
62 226
62 235
62 239
62 241
62 242
63 75
63 77
63 83
63 84
63 89
63 92
63 93
63 94
63 95
63 102
63 107
63 110
63 114
63 118
63 119
63 121
63 128
63 131
63 135
63 136
63 138
63 142
63 146
63 156
63 167
63 171
63 186
63 190
63 191
63 198
63 202
63 203
63 207
63 212
63 225
63 226
63 228
63 230
63 231
63 234
63 236
63 240
63 245
63 249
64 65
64 80
64 83
64 93
64 98
64 100
64 105
64 107
64 108
64 110
64 112
64 113
64 116
64 125
64 142
64 147
64 155
64 159
64 167
64 170
64 173
64 175
64 179
64 183
64 189
64 193
64 206
64 211
64 214
64 220
64 228
64 230
64 238
64 241
64 243
65 67
65 69
65 70
65 82
65 85
65 86
65 91
65 97
65 103
65 104
65 120
65 126
65 138
65 143
65 144
65 153
65 156
65 178
65 182
65 183
65 185
65 189
65 192
65 195
65 197
65 201
65 202
65 204
65 205
65 214
65 215
65 219
65 235
66 74
66 75
66 80
66 81
66 82
66 84
66 86
66 90
66 94
66 95
66 100
66 112
66 114
66 117
66 121
66 126
66 127
66 131
66 132
66 134
66 138
66 142
66 169
66 177
66 194
66 196
66 200
66 213
66 215
66 218
66 221
66 223
66 231
66 233
66 238
66 243
66 248
67 74
67 78
67 86
67 92
67 98
67 101
67 103
67 105
67 108
67 112
67 117
67 118
67 121
67 122
67 125
67 130
67 138
67 139
67 152
67 153
67 160
67 162
67 171
67 174
67 188
67 204
67 206
67 208
67 211
67 216
67 222
67 229
67 234
68 78
68 80
68 82
68 86
68 94
68 95
68 96
68 105
68 112
68 116
68 117
68 118
68 121
68 132
68 136
68 139
68 143
68 147
68 151
68 158
68 161
68 164
68 173
68 187
68 188
68 190
68 197
68 208
68 210
68 211
68 212
68 213
68 233
68 241
68 242
68 244
68 245
68 247
69 70
69 74
69 75
69 79
69 85
69 87
69 88
69 89
69 95
69 103
69 104
69 114
69 117
69 123
69 127
69 133
69 138
69 140
69 143
69 149
69 152
69 172
69 182
69 184
69 185
69 189
69 192
69 195
69 196
69 199
69 202
69 208
69 211
69 213
69 223
69 247
69 248
70 72
70 77
70 81
70 82
70 85
70 90
70 100
70 105
70 106
70 110
70 114
70 121
70 123
70 132
70 136
70 139
70 140
70 146
70 148
70 154
70 155
70 160
70 170
70 172
70 173
70 177
70 183
70 186
70 187
70 190
70 193
70 201
70 212
70 220
70 225
70 229
70 233
70 235
70 237
70 242
70 244
70 245
71 76
71 90
71 91
71 101
71 102
71 114
71 116
71 119
71 132
71 134
71 135
71 139
71 141
71 151
71 156
71 159
71 167
71 170
71 176
71 180
71 184
71 187
71 188
71 195
71 197
71 213
71 217
71 219
71 224
71 229
71 232
71 234
71 237
71 239
71 244
72 77
72 83
72 84
72 99
72 100
72 101
72 109
72 114
72 120
72 123
72 124
72 127
72 129
72 148
72 150
72 159
72 161
72 167
72 168
72 176
72 177
72 179
72 183
72 195
72 199
72 208
72 209
72 213
72 216
72 220
72 222
72 226
72 227
72 228
72 232
72 243
72 245
72 248
73 77
73 83
73 92
73 94
73 101
73 104
73 108
73 113
73 115
73 117
73 123
73 124
73 127
73 131
73 133
73 150
73 159
73 166
73 173
73 174
73 183
73 185
73 186
73 202
73 209
73 215
73 220
73 221
73 228
73 230
73 232
73 234
73 235
73 240
74 76
74 80
74 94
74 101
74 131
74 139
74 143
74 145
74 149
74 150
74 151
74 160
74 163
74 174
74 178
74 181
74 185
74 186
74 190
74 195
74 222
74 226
74 236
74 240
74 243
74 245
74 247
74 248
75 78
75 82
75 84
75 86
75 89
75 95
75 101
75 104
75 136
75 142
75 145
75 148
75 161
75 162
75 167
75 183
75 185
75 195
75 197
75 200
75 205
75 208
75 212
75 216
75 222
75 223
75 224
75 233
75 247
76 77
76 79
76 83
76 84
76 85
76 91
76 95
76 99
76 101
76 103
76 107
76 110
76 111
76 116
76 117
76 121
76 124
76 126
76 129
76 135
76 140
76 141
76 144
76 147
76 154
76 157
76 164
76 173
76 180
76 181
76 187
76 188
76 199
76 201
76 205
76 216
76 217
76 220
76 229
76 231
76 234
76 235
76 239
76 241
76 249
77 78
77 80
77 83
77 87
77 95
77 96
77 103
77 111
77 113
77 119
77 126
77 133
77 139
77 140
77 141
77 156
77 157
77 159
77 160
77 164
77 176
77 189
77 194
77 199
77 200
77 204
77 211
77 227
77 228
77 232
77 242
77 244
78 91
78 93
78 94
78 96
78 97
78 101
78 122
78 132
78 138
78 140
78 143
78 144
78 146
78 159
78 166
78 171
78 176
78 181
78 186
78 194
78 199
78 207
78 214
78 216
78 217
78 223
78 225
78 226
78 227
78 229
78 235
78 239
78 240
78 241
78 244
78 248
78 249
79 104
79 106
79 119
79 133
79 145
79 146
79 148
79 151
79 160
79 162
79 165
79 177
79 179
79 181
79 184
79 187
79 190
79 195
79 198
79 200
79 204
79 208
79 213
79 224
79 226
79 231
79 240
79 241
79 243
79 249
80 83
80 92
80 94
80 95
80 99
80 101
80 105
80 118
80 126
80 128
80 133
80 150
80 152
80 164
80 177
80 179
80 182
80 185
80 186
80 196
80 199
80 210
80 222
80 223
80 236
80 243
80 246
81 86
81 93
81 99
81 100
81 102
81 118
81 120
81 123
81 139
81 140
81 152
81 162
81 166
81 170
81 179
81 196
81 214
81 220
81 222
81 225
81 236
81 237
81 239
81 243
81 249
82 86
82 90
82 98
82 102
82 103
82 109
82 116
82 123
82 126
82 128
82 130
82 147
82 155
82 158
82 162
82 163
82 164
82 167
82 170
82 176
82 179
82 187
82 188
82 195
82 198
82 199
82 204
82 205
82 212
82 213
82 218
82 219
82 236
83 84
83 101
83 103
83 111
83 114
83 118
83 119
83 120
83 122
83 128
83 132
83 133
83 144
83 158
83 160
83 161
83 171
83 175
83 177
83 196
83 204
83 205
83 220
83 233
83 235
83 239
83 246
83 249
84 86
84 87
84 93
84 102
84 106
84 117
84 128
84 146
84 150
84 155
84 181
84 183
84 186
84 195
84 199
84 202
84 206
84 207
84 210
84 211
84 212
84 216
84 217
84 219
84 225
84 239
85 90
85 93
85 95
85 101
85 106
85 114
85 116
85 117
85 118
85 122
85 129
85 131
85 135
85 142
85 143
85 144
85 146
85 151
85 153
85 159
85 161
85 182
85 188
85 189
85 195
85 197
85 200
85 210
85 212
85 216
85 218
85 222
85 233
85 236
85 242
85 249
86 87
86 90
86 93
86 99
86 100
86 106
86 108
86 124
86 134
86 136
86 141
86 143
86 145
86 150
86 153
86 157
86 160
86 161
86 167
86 170
86 174
86 190
86 196
86 208
86 212
86 213
86 214
86 217
86 230
86 231
86 234
86 237
86 239
86 247
87 88
87 103
87 105
87 115
87 120
87 126
87 127
87 140
87 144
87 146
87 148
87 152
87 154
87 155
87 160
87 167
87 171
87 173
87 174
87 176
87 178
87 181
87 183
87 185
87 186
87 189
87 191
87 201
87 202
87 204
87 208
87 209
87 210
87 212
87 214
87 216
87 218
87 223
87 225
87 226
87 235
87 239
87 243
88 99
88 104
88 109
88 115
88 136
88 138
88 139
88 141
88 145
88 146
88 148
88 149
88 152
88 155
88 160
88 162
88 166
88 168
88 175
88 184
88 187
88 188
88 189
88 191
88 193
88 194
88 200
88 202
88 206
88 208
88 209
88 213
88 218
88 232
88 239
88 240
88 241
88 248
88 249
89 97
89 100
89 109
89 110
89 115
89 119
89 121
89 122
89 128
89 131
89 132
89 134
89 137
89 138
89 139
89 142
89 149
89 154
89 157
89 160
89 162
89 163
89 164
89 168
89 173
89 176
89 180
89 181
89 183
89 194
89 195
89 210
89 212
89 218
89 219
89 220
89 223
89 235
89 239
89 242
90 94
90 100
90 105
90 115
90 118
90 125
90 130
90 136
90 144
90 148
90 150
90 152
90 163
90 173
90 178
90 182
90 195
90 204
90 213
90 215
90 225
90 228
90 236
91 99
91 102
91 106
91 113
91 127
91 128
91 144
91 148
91 151
91 155
91 157
91 159
91 160
91 168
91 169
91 182
91 183
91 187
91 188
91 194
91 195
91 197
91 199
91 210
91 217
91 221
91 233
91 239
91 245
91 246
92 98
92 99
92 106
92 110
92 113
92 114
92 119
92 124
92 140
92 141
92 144
92 153
92 155
92 161
92 162
92 164
92 166
92 167
92 189
92 207
92 227
92 234
92 235
92 240
92 247
92 249
93 97
93 99
93 105
93 107
93 112
93 115
93 119
93 127
93 129
93 131
93 138
93 145
93 146
93 152
93 157
93 158
93 164
93 169
93 171
93 177
93 180
93 189
93 190
93 192
93 195
93 203
93 206
93 207
93 212
93 213
93 217
93 221
93 227
93 231
93 235
93 237
93 241
93 243
93 248
94 95
94 97
94 110
94 111
94 112
94 122
94 123
94 131
94 136
94 138
94 144
94 149
94 154
94 161
94 164
94 165
94 172
94 173
94 176
94 177
94 187
94 188
94 209
94 212
94 217
94 218
94 219
94 221
94 223
94 226
94 231
94 237
94 244
94 245
94 246
95 100
95 102
95 106
95 111
95 115
95 120
95 126
95 129
95 131
95 137
95 147
95 150
95 151
95 156
95 157
95 162
95 174
95 175
95 179
95 184
95 191
95 194
95 206
95 211
95 220
95 221
95 231
95 233
95 235
95 239
95 244
95 249
96 99
96 100
96 101
96 105
96 110
96 112
96 116
96 123
96 127
96 130
96 141
96 145
96 146
96 155
96 163
96 173
96 178
96 191
96 196
96 208
96 217
96 227
96 230
96 235
96 239
96 243
97 102
97 103
97 109
97 117
97 121
97 130
97 134
97 135
97 138
97 150
97 165
97 167
97 175
97 182
97 183
97 185
97 189
97 190
97 191
97 203
97 204
97 207
97 209
97 211
97 217
97 233
97 239
97 240
97 248
98 103
98 110
98 113
98 115
98 118
98 119
98 123
98 127
98 128
98 131
98 137
98 144
98 150
98 151
98 154
98 156
98 180
98 186
98 187
98 192
98 195
98 207
98 209
98 211
98 212
98 221
98 225
98 233
98 238
98 242
98 246
99 101
99 102
99 104
99 108
99 120
99 126
99 128
99 134
99 135
99 139
99 141
99 149
99 155
99 156
99 157
99 168
99 174
99 175
99 185
99 189
99 192
99 193
99 200
99 205
99 207
99 222
99 223
99 225
99 227
99 237
99 240
99 244
99 245
100 108
100 113
100 120
100 134
100 138
100 139
100 143
100 144
100 146
100 159
100 165
100 181
100 183
100 185
100 194
100 197
100 215
100 220
100 229
100 231
100 246
100 247
100 249
101 102
101 120
101 123
101 129
101 135
101 140
101 145
101 155
101 161
101 162
101 164
101 165
101 166
101 175
101 176
101 180
101 184
101 189
101 191
101 193
101 195
101 196
101 197
101 200
101 224
102 108
102 110
102 111
102 117
102 124
102 129
102 134
102 136
102 144
102 146
102 157
102 161
102 166
102 168
102 181
102 182
102 183
102 192
102 194
102 196
102 205
102 213
102 214
102 216
102 217
102 219
102 227
102 228
102 241
102 243
102 248
103 105
103 106
103 113
103 123
103 133
103 157
103 161
103 167
103 173
103 174
103 177
103 179
103 185
103 186
103 195
103 202
103 208
103 213
103 216
103 222
103 227
103 236
104 105
104 108
104 109
104 112
104 113
104 114
104 118
104 128
104 130
104 135
104 136
104 137
104 148
104 150
104 156
104 160
104 169
104 170
104 172
104 184
104 185
104 186
104 187
104 195
104 197
104 199
104 202
104 204
104 205
104 206
104 214
104 215
104 216
104 219
104 222
104 227
104 229
104 234
104 244
105 107
105 111
105 117
105 123
105 128
105 129
105 130
105 131
105 135
105 137
105 140
105 144
105 151
105 152
105 160
105 164
105 166
105 173
105 179
105 184
105 192
105 201
105 208
105 223
105 227
105 229
105 230
105 231
105 242
105 248
106 108
106 110
106 112
106 120
106 121
106 124
106 129
106 135
106 147
106 151
106 156
106 159
106 161
106 163
106 168
106 175
106 182
106 188
106 208
106 210
106 212
106 227
106 235
106 238
106 245
106 248
107 109
107 114
107 126
107 132
107 142
107 145
107 146
107 159
107 173
107 177
107 182
107 189
107 190
107 192
107 199
107 201
107 202
107 214
107 216
107 217
107 218
107 220
107 223
107 228
107 234
107 236
107 242
107 243
107 249
108 109
108 115
108 118
108 123
108 125
108 126
108 128
108 133
108 137
108 140
108 143
108 150
108 152
108 155
108 165
108 170
108 175
108 180
108 186
108 191
108 195
108 197
108 200
108 201
108 202
108 204
108 205
108 207
108 212
108 222
108 227
108 232
108 234
108 235
108 236
108 241
108 249
109 111
109 113
109 116
109 119
109 123
109 125
109 132
109 134
109 137
109 153
109 157
109 159
109 160
109 161
109 163
109 171
109 173
109 176
109 179
109 180
109 198
109 215
109 222
109 223
109 227
109 236
109 240
109 242
109 243
110 112
110 117
110 132
110 137
110 141
110 142
110 143
110 145
110 150
110 156
110 163
110 168
110 171
110 172
110 175
110 184
110 189
110 193
110 196
110 204
110 205
110 209
110 210
110 214
110 217
110 224
110 230
110 232
110 244
111 112
111 114
111 118
111 122
111 124
111 125
111 129
111 138
111 140
111 149
111 158
111 162
111 167
111 171
111 174
111 176
111 183
111 200
111 202
111 203
111 204
111 217
111 221
111 224
111 228
111 230
111 238
111 243
112 115
112 124
112 133
112 137
112 144
112 154
112 162
112 163
112 164
112 168
112 170
112 176
112 177
112 184
112 187
112 189
112 192
112 196
112 197
112 198
112 203
112 218
112 226
112 227
112 231
112 240
112 242
113 114
113 115
113 117
113 126
113 131
113 135
113 141
113 142
113 149
113 154
113 157
113 159
113 161
113 177
113 181
113 188
113 192
113 196
113 202
113 208
113 214
113 218
113 220
113 228
113 243
113 246
114 118
114 121
114 122
114 124
114 125
114 127
114 130
114 131
114 132
114 134
114 138
114 139
114 142
114 157
114 160
114 167
114 173
114 179
114 185
114 191
114 193
114 196
114 198
114 202
114 206
114 208
114 210
114 212
114 216
114 221
114 240
114 242
114 243
115 120
115 122
115 130
115 133
115 134
115 135
115 146
115 154
115 156
115 163
115 171
115 174
115 184
115 186
115 188
115 191
115 194
115 196
115 198
115 200
115 201
115 205
115 213
115 222
115 225
115 227
115 235
115 240
115 248
116 122
116 126
116 131
116 133
116 149
116 152
116 153
116 167
116 175
116 188
116 192
116 199
116 206
116 210
116 213
116 216
116 219
116 236
116 238
116 239
117 120
117 133
117 138
117 139
117 145
117 157
117 160
117 161
117 163
117 165
117 169
117 182
117 190
117 200
117 203
117 217
117 218
117 223
117 224
117 231
117 238
117 248
117 249
118 121
118 122
118 126
118 131
118 132
118 135
118 140
118 144
118 146
118 147
118 150
118 153
118 154
118 161
118 162
118 165
118 169
118 170
118 172
118 173
118 174
118 178
118 184
118 186
118 201
118 203
118 205
118 209
118 212
118 214
118 223
118 231
118 232
118 234
118 244
118 248
119 122
119 125
119 128
119 131
119 137
119 139
119 149
119 152
119 154
119 165
119 168
119 176
119 188
119 191
119 194
119 200
119 201
119 204
119 206
119 211
119 212
119 219
119 228
119 238
119 241
119 242
120 126
120 128
120 135
120 136
120 138
120 154
120 157
120 164
120 165
120 167
120 168
120 171
120 180
120 182
120 186
120 192
120 197
120 198
120 209
120 210
120 213
120 215
120 218
120 220
120 223
120 224
120 225
120 226
120 234
120 236
120 238
120 240
120 245
120 247
121 123
121 124
121 126
121 138
121 145
121 148
121 156
121 175
121 178
121 188
121 194
121 195
121 199
121 200
121 222
121 223
121 238
121 242
121 248
121 249
122 137
122 141
122 150
122 151
122 153
122 158
122 162
122 164
122 165
122 167
122 170
122 195
122 198
122 200
122 202
122 208
122 209
122 210
122 211
122 212
122 219
122 230
122 240
122 241
123 127
123 131
123 140
123 155
123 169
123 170
123 176
123 188
123 193
123 197
123 202
123 205
123 212
123 214
123 220
123 221
123 229
123 240
123 242
123 244
123 249
124 130
124 135
124 141
124 144
124 145
124 160
124 164
124 170
124 172
124 176
124 193
124 199
124 204
124 207
124 215
124 217
124 220
124 221
124 222
124 224
124 228
124 229
124 235
124 238
124 243
124 247
125 138
125 142
125 144
125 156
125 158
125 176
125 177
125 178
125 179
125 181
125 184
125 185
125 189
125 190
125 193
125 196
125 209
125 229
125 230
125 241
125 243
125 245
126 130
126 134
126 145
126 151
126 155
126 161
126 182
126 186
126 190
126 198
126 200
126 201
126 213
126 223
126 226
126 234
126 237
126 239
126 240
126 243
126 245
127 129
127 131
127 134
127 143
127 147
127 149
127 157
127 169
127 177
127 180
127 181
127 182
127 185
127 191
127 194
127 211
127 217
127 220
127 227
127 228
127 237
127 239
127 246
127 247
128 131
128 135
128 141
128 142
128 144
128 145
128 146
128 155
128 164
128 168
128 179
128 181
128 189
128 191
128 195
128 197
128 209
128 211
128 214
128 219
128 220
128 223
128 224
128 225
128 236
128 239
128 244
128 248
129 132
129 133
129 140
129 143
129 149
129 151
129 159
129 162
129 166
129 168
129 169
129 174
129 176
129 179
129 182
129 195
129 197
129 199
129 213
129 215
129 216
129 220
129 221
129 223
129 224
129 225
129 229
129 232
129 238
129 245
129 246
130 132
130 135
130 154
130 159
130 174
130 182
130 186
130 187
130 190
130 191
130 197
130 201
130 209
130 212
130 215
130 216
130 220
130 225
130 227
130 231
130 239
130 247
130 248
131 132
131 143
131 145
131 151
131 152
131 154
131 157
131 169
131 175
131 178
131 188
131 203
131 205
131 206
131 224
131 229
131 231
131 232
131 236
131 241
131 243
132 136
132 142
132 146
132 148
132 154
132 157
132 160
132 181
132 184
132 188
132 197
132 203
132 210
132 211
132 212
132 217
132 219
132 220
132 226
132 229
132 233
132 237
132 245
132 247
133 141
133 143
133 144
133 157
133 179
133 180
133 186
133 187
133 193
133 195
133 205
133 206
133 209
133 221
133 222
133 228
133 238
133 240
133 245
133 248
134 136
134 140
134 151
134 152
134 166
134 168
134 173
134 176
134 181
134 187
134 190
134 191
134 196
134 198
134 199
134 202
134 207
134 209
134 211
134 213
134 215
134 219
134 222
134 230
134 242
134 243
135 137
135 146
135 150
135 151
135 154
135 156
135 159
135 160
135 162
135 164
135 166
135 169
135 170
135 172
135 192
135 194
135 196
135 206
135 209
135 213
135 217
135 218
135 221
135 222
135 235
135 237
135 241
135 245
135 246
135 248
136 138
136 139
136 142
136 145
136 157
136 162
136 167
136 173
136 180
136 182
136 188
136 191
136 204
136 205
136 209
136 216
136 217
136 222
136 227
136 234
136 236
136 237
136 240
136 242
136 244
136 246
136 249
137 141
137 148
137 149
137 150
137 155
137 160
137 162
137 169
137 170
137 176
137 178
137 188
137 189
137 191
137 194
137 202
137 205
137 206
137 209
137 210
137 215
137 224
137 230
137 232
137 237
137 243
137 248
138 139
138 140
138 144
138 156
138 160
138 161
138 171
138 179
138 186
138 189
138 198
138 199
138 205
138 210
138 222
138 229
138 231
138 235
138 241
138 249
139 149
139 156
139 164
139 171
139 175
139 182
139 188
139 198
139 202
139 204
139 214
139 215
139 221
139 225
139 229
139 234
139 243
139 245
140 141
140 152
140 155
140 160
140 163
140 168
140 175
140 176
140 177
140 186
140 188
140 189
140 192
140 194
140 196
140 199
140 201
140 206
140 210
140 226
140 230
140 233
140 241
140 242
140 248
141 142
141 146
141 150
141 156
141 157
141 168
141 177
141 184
141 185
141 187
141 190
141 192
141 193
141 207
141 229
141 235
141 238
141 240
141 248
142 145
142 147
142 148
142 155
142 168
142 182
142 186
142 190
142 196
142 208
142 214
142 218
142 219
142 226
142 229
142 235
142 238
142 239
142 247
143 150
143 155
143 160
143 163
143 166
143 169
143 180
143 184
143 185
143 187
143 189
143 195
143 196
143 197
143 199
143 216
143 217
143 218
143 221
143 224
143 227
143 230
143 234
143 238
143 245
143 246
144 150
144 173
144 181
144 187
144 189
144 194
144 199
144 202
144 216
144 222
144 226
144 230
144 237
144 239
144 246
145 149
145 152
145 163
145 185
145 186
145 190
145 192
145 196
145 206
145 208
145 213
145 214
145 215
145 221
145 224
145 226
145 227
145 240
145 243
145 246
145 248
146 153
146 167
146 175
146 176
146 197
146 200
146 204
146 207
146 211
146 218
146 221
146 224
146 229
146 230
146 237
146 239
146 244
146 245
146 248
147 149
147 153
147 154
147 156
147 160
147 163
147 164
147 169
147 172
147 176
147 177
147 183
147 187
147 190
147 200
147 205
147 208
147 211
147 217
147 227
147 235
147 236
147 240
147 245
147 249
148 150
148 151
148 153
148 159
148 162
148 163
148 166
148 167
148 168
148 169
148 180
148 184
148 197
148 199
148 202
148 204
148 206
148 213
148 215
148 217
148 221
148 234
148 246
149 162
149 164
149 177
149 180
149 184
149 191
149 193
149 195
149 203
149 204
149 208
149 216
149 220
149 223
149 230
149 238
149 243
150 151
150 155
150 169
150 174
150 186
150 187
150 191
150 192
150 198
150 201
150 202
150 206
150 207
150 220
150 223
150 224
150 230
150 232
150 235
150 243
150 244
151 160
151 166
151 169
151 171
151 175
151 180
151 183
151 184
151 189
151 196
151 197
151 198
151 203
151 205
151 206
151 209
151 210
151 213
151 222
151 225
151 227
151 231
151 232
151 236
151 240
151 242
151 246
152 163
152 165
152 171
152 181
152 184
152 206
152 215
152 222
152 224
152 226
152 228
152 233
152 236
152 238
152 242
152 243
152 248
153 158
153 166
153 168
153 170
153 173
153 178
153 191
153 200
153 207
153 210
153 216
153 218
153 220
153 221
153 225
153 226
153 234
153 237
153 243
154 167
154 168
154 173
154 183
154 185
154 186
154 188
154 190
154 201
154 209
154 211
154 213
154 215
154 217
154 220
154 227
154 240
154 242
154 247
155 157
155 164
155 176
155 183
155 188
155 190
155 197
155 215
155 221
155 232
155 234
155 238
155 244
155 246
155 247
156 165
156 166
156 167
156 175
156 178
156 181
156 185
156 188
156 195
156 196
156 215
156 216
156 219
156 228
156 229
156 230
156 231
156 249
157 163
157 165
157 166
157 167
157 172
157 173
157 185
157 196
157 207
157 208
157 209
157 219
157 224
157 225
157 243
157 245
157 247
157 248
158 161
158 163
158 164
158 170
158 172
158 182
158 183
158 185
158 189
158 200
158 201
158 205
158 210
158 219
158 220
158 226
158 230
158 233
158 237
158 240
158 244
159 160
159 161
159 163
159 165
159 168
159 173
159 178
159 193
159 194
159 196
159 197
159 198
159 201
159 202
159 208
159 220
159 223
159 225
159 228
159 232
159 243
160 163
160 164
160 165
160 166
160 168
160 170
160 173
160 175
160 186
160 198
160 214
160 218
160 221
160 222
160 243
160 246
161 170
161 178
161 183
161 184
161 186
161 188
161 192
161 202
161 203
161 205
161 207
161 209
161 222
161 223
161 239
161 240
161 242
161 246
162 165
162 170
162 187
162 188
162 193
162 199
162 205
162 206
162 215
162 220
162 230
162 242
162 243
162 245
163 170
163 171
163 173
163 174
163 177
163 179
163 181
163 183
163 188
163 208
163 215
163 219
163 222
163 224
163 227
163 230
163 233
163 236
163 238
163 248
164 166
164 173
164 184
164 187
164 192
164 193
164 196
164 200
164 201
164 202
164 211
164 217
164 231
164 234
164 238
164 241
164 249
165 166
165 173
165 174
165 178
165 193
165 196
165 203
165 204
165 206
165 215
165 226
165 233
165 239
165 248
166 172
166 173
166 177
166 182
166 184
166 190
166 207
166 220
166 224
166 232
166 233
166 236
166 237
166 242
166 246
166 248
167 168
167 182
167 183
167 191
167 193
167 203
167 205
167 207
167 213
167 219
167 224
167 225
167 228
167 235
167 238
168 170
168 181
168 182
168 183
168 185
168 198
168 200
168 204
168 212
168 218
168 220
168 222
168 224
168 228
168 231
168 233
168 241
168 244
169 184
169 195
169 202
169 204
169 212
169 214
169 226
169 238
169 239
169 245
170 173
170 175
170 177
170 186
170 187
170 200
170 201
170 214
170 215
170 218
170 225
170 226
170 234
170 237
170 240
170 246
171 173
171 176
171 184
171 194
171 197
171 208
171 218
171 221
171 223
171 226
171 231
171 235
171 245
172 175
172 180
172 191
172 197
172 200
172 201
172 204
172 211
172 212
172 213
172 223
172 232
173 178
173 180
173 190
173 202
173 205
173 206
173 219
173 227
173 229
173 233
173 234
173 236
173 237
173 247
174 175
174 186
174 190
174 199
174 200
174 203
174 204
174 207
174 213
174 219
174 220
174 223
174 224
174 242
174 243
174 246
175 180
175 185
175 186
175 188
175 194
175 198
175 205
175 211
175 212
175 218
175 221
175 222
175 224
175 225
175 226
175 230
175 235
175 241
176 182
176 186
176 187
176 189
176 196
176 198
176 200
176 202
176 205
176 209
176 210
176 216
176 219
176 221
176 222
176 224
176 232
176 236
176 240
176 244
177 180
177 186
177 189
177 197
177 200
177 204
177 212
177 219
177 226
177 227
177 230
177 231
177 232
177 235
177 237
177 248
178 186
178 201
178 202
178 212
178 222
178 223
178 229
178 230
178 234
178 239
179 180
179 183
179 197
179 198
179 208
179 212
179 214
179 215
179 219
179 225
179 234
179 239
179 244
179 246
179 247
180 181
180 182
180 188
180 191
180 195
180 198
180 201
180 207
180 210
180 220
180 228
180 233
180 241
180 242
180 243
180 248
181 182
181 184
181 185
181 191
181 193
181 205
181 208
181 216
181 218
181 228
181 231
181 238
182 188
182 190
182 192
182 198
182 218
182 222
182 223
182 225
182 232
182 234
182 236
182 238
183 187
183 191
183 201
183 209
183 226
183 229
183 239
183 241
183 243
183 244
183 247
184 185
184 193
184 201
184 211
184 215
184 221
184 222
184 233
184 234
184 236
184 237
184 241
184 244
184 248
185 198
185 199
185 203
185 207
185 208
185 210
185 213
185 215
185 221
185 225
185 226
185 229
185 233
185 237
185 241
186 187
186 200
186 206
186 213
186 218
186 221
186 224
186 232
186 237
186 238
186 248
187 192
187 204
187 211
187 217
187 219
187 221
187 227
187 247
187 249
188 189
188 195
188 196
188 200
188 203
188 207
188 211
188 216
188 220
188 226
188 229
188 235
188 238
188 239
188 242
188 245
188 247
189 190
189 199
189 207
189 215
189 218
189 223
189 229
189 230
189 234
189 235
189 236
189 244
189 245
189 247
190 193
190 195
190 198
190 208
190 210
190 213
190 216
190 233
190 234
190 238
190 241
190 246
191 193
191 202
191 206
191 212
191 213
191 220
191 224
191 230
191 234
191 235
191 249
192 209
192 211
192 217
192 222
192 227
192 228
192 229
192 230
192 234
192 247
193 199
193 201
193 202
193 205
193 207
193 209
193 213
193 218
193 230
193 233
193 241
193 244
193 245
193 249
194 195
194 197
194 203
194 205
194 206
194 213
194 231
194 235
194 242
194 248
194 249
195 196
195 205
195 210
195 212
195 215
195 219
195 225
195 240
195 241
195 243
195 244
195 245
195 249
196 201
196 204
196 206
196 212
196 213
196 215
196 217
196 222
196 225
196 233
196 237
196 248
197 198
197 207
197 211
197 213
197 218
197 221
197 226
197 231
197 233
197 239
197 240
197 245
197 247
198 203
198 207
198 208
198 211
198 218
198 233
198 234
198 237
199 201
199 207
199 216
199 220
199 221
199 224
199 228
199 229
199 237
199 239
199 240
199 243
200 202
200 206
200 217
200 218
200 223
200 227
200 229
200 243
200 246
200 247
201 202
201 215
201 217
201 219
201 225
201 239
202 203
202 209
202 214
202 222
202 225
202 232
202 233
202 243
202 247
203 205
203 213
203 214
203 219
203 222
203 224
203 226
203 228
203 238
203 239
203 243
203 249
204 207
204 211
204 212
204 215
204 227
204 228
204 233
204 239
204 246
204 247
204 249
205 210
205 212
205 227
205 236
205 246
206 210
206 216
206 219
206 222
206 225
206 226
206 238
206 243
207 208
207 216
207 217
207 223
207 227
207 229
207 234
207 241
207 247
208 210
208 219
208 223
208 225
208 233
208 236
208 245
208 247
208 249
209 219
209 220
209 221
209 222
209 223
209 227
209 237
209 241
209 243
210 212
210 215
210 217
210 218
210 220
210 222
210 225
210 234
210 238
210 245
211 212
211 214
211 219
211 222
211 223
211 225
211 235
211 236
211 237
211 242
211 243
211 248
212 218
212 228
212 231
213 227
213 229
213 230
213 232
213 237
213 244
213 248
214 215
214 230
214 231
214 235
214 237
215 221
215 229
215 231
215 233
215 237
215 245
216 217
216 220
216 222
216 227
216 235
217 218
217 219
217 229
217 239
217 242
217 243
217 245
217 248
218 220
218 232
218 245
219 225
219 229
219 233
219 237
219 245
220 221
220 223
220 238
220 248
221 224
221 225
221 227
221 229
221 235
221 243
222 226
222 230
222 233
222 236
223 224
223 225
223 226
223 231
223 236
223 237
223 247
224 227
224 228
224 234
224 235
224 236
224 237
224 242
225 226
225 242
225 245
226 229
226 231
226 232
226 235
226 237
226 239
226 246
227 230
227 234
227 235
227 240
227 248
228 236
228 238
228 246
229 230
229 248
230 233
230 243
230 246
230 248
231 232
231 239
231 242
231 247
231 249
232 248
234 243
235 236
236 242
236 244
237 243
237 244
238 242
238 245
239 240
239 246
240 243
241 243
241 244
241 247
241 248
242 243
242 248
244 248
