150 3944
42 72
90 80
50 13
61 79
76 36
74 67
100 60
91 21
83 35
15 28
70 66
61 50
45 78
100 42
69 53
97 84
39 67
87 52
44 59
91 87
79 18
19 79
65 64
81 92
80 51
53 56
44 35
96 67
86 12
80 24
44 21
30 27
38 28
98 71
27 89
78 57
74 21
10 94
50 30
67 18
87 70
16 98
77 83
29 40
78 18
16 72
83 46
47 94
92 39
35 83
85 37
29 11
11 31
58 77
56 25
75 72
76 15
82 32
67 86
65 15
70 12
84 52
100 89
100 21
92 78
87 87
68 20
86 71
95 55
31 91
37 16
53 65
76 26
37 24
45 45
87 35
27 15
81 31
33 68
85 86
91 43
55 71
38 31
94 93
99 39
84 56
34 33
52 23
32 91
72 80
38 30
78 91
94 26
22 36
89 99
84 74
47 76
82 67
27 95
46 87
69 62
96 96
80 22
37 61
18 74
91 72
82 13
47 46
13 72
18 55
97 65
49 28
19 12
96 14
43 20
58 60
61 95
96 29
43 10
50 43
20 89
22 47
86 97
51 55
98 37
69 60
84 28
42 34
64 52
86 41
88 14
61 79
50 74
85 48
63 93
32 73
23 22
51 39
30 14
28 59
88 41
65 88
95 56
52 21
36 63
14 43
47 41
82 12
35 79
41 86
6687
0 1
0 2
0 4
0 5
0 6
0 9
0 11
0 12
0 13
0 18
0 19
0 21
0 22
0 24
0 25
0 27
0 32
0 33
0 34
0 35
0 36
0 37
0 38
0 41
0 42
0 43
0 45
0 46
0 47
0 48
0 49
0 51
0 52
0 53
0 54
0 56
0 57
0 59
0 60
0 64
0 65
0 66
0 67
0 68
0 70
0 71
0 72
0 73
0 74
0 76
0 79
0 80
0 81
0 85
0 87
0 88
0 89
0 91
0 93
0 94
0 96
0 101
0 104
0 105
0 106
0 107
0 108
0 110
0 111
0 112
0 115
0 116
0 117
0 118
0 122
0 123
0 124
0 126
0 128
0 129
0 130
0 131
0 132
0 133
0 134
0 135
0 136
0 137
0 138
0 140
0 141
0 142
0 143
0 144
0 145
0 147
0 148
0 149
1 3
1 7
1 10
1 13
1 14
1 15
1 17
1 19
1 21
1 22
1 23
1 24
1 25
1 27
1 28
1 29
1 30
1 31
1 32
1 33
1 39
1 40
1 42
1 43
1 44
1 45
1 47
1 48
1 50
1 51
1 52
1 53
1 54
1 55
1 59
1 64
1 66
1 68
1 70
1 72
1 73
1 74
1 76
1 77
1 79
1 80
1 82
1 84
1 87
1 88
1 89
1 92
1 94
1 95
1 97
1 98
1 101
1 104
1 106
1 109
1 110
1 113
1 114
1 115
1 117
1 118
1 119
1 120
1 124
1 125
1 126
1 127
1 128
1 129
1 131
1 133
1 134
1 136
1 139
1 140
1 141
1 143
1 144
2 3
2 5
2 6
2 7
2 8
2 9
2 10
2 13
2 14
2 17
2 18
2 19
2 20
2 21
2 22
2 24
2 25
2 26
2 28
2 29
2 31
2 32
2 33
2 34
2 35
2 36
2 37
2 39
2 40
2 41
2 44
2 46
2 48
2 51
2 53
2 54
2 55
2 58
2 59
2 60
2 62
2 63
2 67
2 68
2 70
2 71
2 72
2 75
2 79
2 80
2 81
2 85
2 87
2 90
2 91
2 95
2 96
2 98
2 99
2 100
2 102
2 104
2 106
2 107
2 110
2 112
2 115
2 117
2 118
2 119
2 120
2 123
2 124
2 126
2 127
2 128
2 131
2 132
2 133
2 134
2 135
2 136
2 138
2 139
2 140
2 142
2 145
2 146
2 147
2 148
2 149
3 5
3 7
3 11
3 15
3 16
3 17
3 18
3 22
3 24
3 26
3 28
3 30
3 34
3 35
3 36
3 37
3 39
3 40
3 42
3 43
3 44
3 45
3 47
3 48
3 49
3 51
3 52
3 56
3 57
3 58
3 59
3 60
3 63
3 64
3 68
3 69
3 71
3 72
3 75
3 76
3 77
3 78
3 79
3 80
3 82
3 85
3 86
3 88
3 89
3 91
3 92
3 94
3 96
3 97
3 101
3 103
3 104
3 106
3 108
3 109
3 111
3 112
3 113
3 114
3 116
3 118
3 119
3 121
3 122
3 125
3 126
3 127
3 128
3 130
3 132
3 135
3 136
3 137
3 140
3 143
3 144
3 145
3 147
3 149
4 8
4 10
4 12
4 13
4 15
4 16
4 17
4 18
4 19
4 22
4 27
4 28
4 29
4 31
4 33
4 34
4 35
4 38
4 40
4 41
4 42
4 44
4 45
4 46
4 47
4 50
4 53
4 57
4 60
4 62
4 64
4 65
4 67
4 68
4 70
4 72
4 74
4 75
4 79
4 80
4 82
4 83
4 87
4 88
4 90
4 91
4 92
4 93
4 94
4 97
4 99
4 101
4 102
4 103
4 105
4 106
4 107
4 111
4 112
4 116
4 119
4 120
4 122
4 123
4 124
4 126
4 130
4 136
4 137
4 138
4 139
4 140
4 142
4 145
4 146
4 147
4 149
5 8
5 10
5 12
5 14
5 15
5 18
5 19
5 20
5 21
5 22
5 24
5 25
5 26
5 28
5 29
5 31
5 33
5 36
5 37
5 39
5 40
5 41
5 43
5 44
5 47
5 50
5 51
5 52
5 53
5 56
5 58
5 59
5 63
5 64
5 65
5 66
5 68
5 69
5 72
5 73
5 74
5 76
5 79
5 80
5 81
5 82
5 83
5 84
5 85
5 86
5 88
5 89
5 94
5 96
5 97
5 98
5 99
5 101
5 102
5 104
5 106
5 107
5 108
5 110
5 112
5 113
5 116
5 117
5 118
5 119
5 123
5 124
5 128
5 129
5 130
5 131
5 134
5 135
5 136
5 138
5 139
5 141
5 143
5 144
5 145
5 148
5 149
6 7
6 11
6 12
6 13
6 14
6 15
6 16
6 17
6 18
6 20
6 21
6 24
6 25
6 27
6 28
6 29
6 32
6 34
6 35
6 37
6 40
6 42
6 43
6 45
6 47
6 48
6 52
6 54
6 58
6 59
6 60
6 62
6 65
6 66
6 67
6 69
6 74
6 75
6 77
6 78
6 79
6 81
6 82
6 83
6 84
6 87
6 88
6 89
6 92
6 93
6 94
6 98
6 99
6 102
6 107
6 109
6 110
6 112
6 115
6 116
6 117
6 119
6 120
6 125
6 126
6 127
6 129
6 130
6 132
6 134
6 135
6 136
6 142
6 144
6 145
6 146
6 147
6 149
7 8
7 12
7 13
7 14
7 15
7 17
7 19
7 20
7 21
7 23
7 25
7 27
7 29
7 30
7 32
7 33
7 35
7 36
7 37
7 39
7 40
7 41
7 43
7 46
7 47
7 48
7 50
7 51
7 52
7 54
7 56
7 57
7 58
7 59
7 60
7 62
7 63
7 66
7 67
7 70
7 74
7 76
7 77
7 78
7 79
7 80
7 83
7 84
7 85
7 86
7 87
7 88
7 91
7 92
7 93
7 94
7 95
7 96
7 97
7 98
7 99
7 101
7 104
7 106
7 107
7 108
7 109
7 110
7 112
7 113
7 114
7 116
7 117
7 119
7 120
7 123
7 124
7 125
7 127
7 131
7 132
7 136
7 139
7 142
7 145
7 146
7 147
8 9
8 11
8 12
8 17
8 19
8 20
8 21
8 22
8 23
8 24
8 25
8 26
8 27
8 30
8 31
8 33
8 35
8 37
8 38
8 41
8 42
8 43
8 44
8 46
8 47
8 48
8 49
8 50
8 51
8 57
8 60
8 61
8 62
8 63
8 64
8 65
8 66
8 67
8 68
8 69
8 70
8 71
8 72
8 73
8 74
8 77
8 78
8 79
8 81
8 83
8 84
8 85
8 87
8 88
8 90
8 91
8 95
8 97
8 98
8 100
8 101
8 102
8 103
8 105
8 108
8 110
8 111
8 113
8 114
8 115
8 116
8 119
8 121
8 123
8 126
8 127
8 128
8 129
8 130
8 131
8 133
8 136
8 139
8 140
8 141
8 142
8 148
8 149
9 10
9 11
9 12
9 13
9 15
9 16
9 17
9 19
9 20
9 25
9 29
9 30
9 31
9 32
9 33
9 34
9 35
9 37
9 38
9 40
9 41
9 42
9 43
9 45
9 46
9 54
9 56
9 58
9 59
9 60
9 64
9 65
9 69
9 70
9 71
9 72
9 73
9 74
9 75
9 76
9 77
9 80
9 81
9 82
9 84
9 86
9 87
9 90
9 92
9 95
9 96
9 97
9 98
9 99
9 100
9 101
9 102
9 104
9 105
9 106
9 112
9 120
9 121
9 125
9 127
9 129
9 131
9 132
9 133
9 134
9 136
9 137
9 139
9 140
9 142
9 144
9 146
9 147
9 149
10 12
10 13
10 14
10 15
10 19
10 20
10 21
10 22
10 24
10 25
10 28
10 30
10 31
10 32
10 34
10 37
10 38
10 40
10 41
10 42
10 43
10 46
10 47
10 48
10 49
10 50
10 51
10 53
10 56
10 58
10 59
10 60
10 61
10 62
10 64
10 65
10 66
10 69
10 72
10 74
10 77
10 79
10 80
10 81
10 82
10 86
10 87
10 88
10 89
10 90
10 92
10 94
10 96
10 97
10 100
10 101
10 102
10 103
10 104
10 105
10 106
10 107
10 109
10 111
10 114
10 115
10 117
10 118
10 120
10 121
10 122
10 125
10 126
10 127
10 128
10 129
10 130
10 131
10 132
10 133
10 134
10 135
10 138
10 139
10 140
10 145
10 147
10 148
11 12
11 13
11 14
11 17
11 20
11 24
11 26
11 28
11 29
11 31
11 32
11 33
11 35
11 36
11 39
11 40
11 41
11 43
11 45
11 47
11 48
11 49
11 52
11 53
11 56
11 57
11 58
11 60
11 61
11 62
11 65
11 67
11 68
11 69
11 70
11 71
11 72
11 74
11 76
11 77
11 79
11 80
11 81
11 82
11 84
11 87
11 89
11 92
11 94
11 95
11 97
11 98
11 99
11 101
11 103
11 104
11 105
11 106
11 107
11 108
11 109
11 110
11 113
11 114
11 115
11 119
11 120
11 122
11 123
11 124
11 126
11 127
11 130
11 131
11 132
11 133
11 135
11 136
11 137
11 138
11 139
11 140
11 143
11 144
11 146
11 147
11 148
11 149
12 13
12 17
12 21
12 24
12 26
12 29
12 30
12 31
12 32
12 33
12 38
12 39
12 40
12 41
12 43
12 44
12 46
12 47
12 48
12 49
12 51
12 52
12 54
12 55
12 58
12 59
12 63
12 65
12 66
12 72
12 75
12 76
12 77
12 78
12 79
12 80
12 82
12 85
12 86
12 87
12 88
12 89
12 90
12 94
12 95
12 96
12 98
12 100
12 104
12 106
12 108
12 109
12 113
12 114
12 115
12 118
12 119
12 121
12 122
12 123
12 124
12 126
12 127
12 128
12 131
12 132
12 133
12 136
12 140
12 142
12 144
12 145
12 146
12 148
12 149
13 15
13 19
13 21
13 23
13 25
13 28
13 29
13 30
13 31
13 34
13 38
13 39
13 40
13 41
13 42
13 45
13 46
13 49
13 50
13 52
13 53
13 56
13 57
13 59
13 60
13 63
13 64
13 65
13 67
13 68
13 69
13 70
13 71
13 73
13 75
13 76
13 77
13 78
13 79
13 80
13 81
13 82
13 85
13 86
13 87
13 89
13 90
13 92
13 93
13 94
13 95
13 98
13 100
13 102
13 103
13 104
13 105
13 106
13 107
13 108
13 110
13 112
13 113
13 114
13 115
13 116
13 117
13 118
13 119
13 120
13 121
13 122
13 124
13 125
13 126
13 127
13 128
13 130
13 133
13 134
13 135
13 137
13 141
13 142
13 143
13 144
13 145
14 16
14 18
14 19
14 20
14 22
14 24
14 25
14 26
14 27
14 28
14 29
14 30
14 32
14 33
14 34
14 36
14 39
14 40
14 41
14 43
14 44
14 45
14 47
14 48
14 49
14 50
14 51
14 52
14 53
14 54
14 55
14 57
14 58
14 63
14 64
14 65
14 66
14 68
14 69
14 71
14 72
14 73
14 74
14 76
14 77
14 78
14 79
14 80
14 81
14 82
14 83
14 84
14 87
14 95
14 96
14 98
14 99
14 100
14 101
14 103
14 105
14 107
14 110
14 111
14 112
14 113
14 114
14 115
14 117
14 121
14 122
14 125
14 126
14 127
14 129
14 131
14 134
14 135
14 136
14 139
14 140
14 142
14 143
14 144
14 145
14 148
15 16
15 17
15 20
15 21
15 25
15 26
15 27
15 29
15 30
15 31
15 33
15 34
15 36
15 38
15 39
15 40
15 41
15 42
15 43
15 46
15 49
15 50
15 52
15 54
15 55
15 56
15 58
15 61
15 62
15 63
15 64
15 65
15 66
15 69
15 70
15 71
15 72
15 73
15 74
15 75
15 77
15 83
15 86
15 87
15 88
15 90
15 93
15 94
15 97
15 98
15 99
15 101
15 102
15 103
15 104
15 105
15 110
15 112
15 113
15 114
15 115
15 116
15 117
15 118
15 121
15 126
15 128
15 130
15 131
15 132
15 133
15 134
15 135
15 142
15 143
15 144
15 145
15 146
15 149
16 18
16 20
16 24
16 26
16 32
16 33
16 34
16 35
16 36
16 37
16 38
16 39
16 41
16 42
16 43
16 46
16 47
16 48
16 49
16 50
16 51
16 54
16 55
16 56
16 57
16 59
16 60
16 61
16 63
16 64
16 67
16 69
16 70
16 72
16 73
16 74
16 76
16 77
16 79
16 80
16 81
16 83
16 84
16 85
16 87
16 88
16 89
16 91
16 93
16 95
16 97
16 98
16 104
16 105
16 108
16 109
16 110
16 112
16 113
16 118
16 120
16 121
16 122
16 123
16 126
16 127
16 129
16 130
16 131
16 132
16 136
16 137
16 138
16 139
16 140
16 141
16 142
16 144
16 145
16 146
16 147
16 149
17 18
17 20
17 23
17 24
17 27
17 29
17 31
17 33
17 34
17 35
17 36
17 39
17 42
17 43
17 44
17 45
17 46
17 47
17 48
17 50
17 51
17 52
17 56
17 58
17 61
17 62
17 63
17 64
17 65
17 66
17 67
17 69
17 70
17 72
17 74
17 76
17 77
17 80
17 82
17 83
17 87
17 88
17 92
17 98
17 99
17 100
17 101
17 103
17 105
17 106
17 107
17 108
17 109
17 111
17 112
17 113
17 114
17 119
17 121
17 122
17 123
17 124
17 125
17 127
17 128
17 129
17 130
17 132
17 133
17 134
17 135
17 136
17 138
17 139
17 141
17 142
17 143
17 144
17 146
17 147
17 148
18 21
18 23
18 24
18 27
18 28
18 30
18 32
18 33
18 34
18 35
18 36
18 39
18 40
18 41
18 44
18 47
18 49
18 52
18 53
18 55
18 56
18 57
18 58
18 59
18 64
18 65
18 66
18 70
18 71
18 72
18 73
18 75
18 76
18 77
18 78
18 79
18 81
18 84
18 85
18 86
18 88
18 89
18 91
18 92
18 93
18 100
18 101
18 104
18 106
18 107
18 109
18 110
18 112
18 113
18 114
18 115
18 116
18 117
18 118
18 119
18 121
18 122
18 124
18 125
18 126
18 127
18 128
18 131
18 132
18 134
18 136
18 138
18 141
18 142
18 144
18 147
18 149
19 20
19 21
19 23
19 25
19 26
19 27
19 31
19 32
19 33
19 36
19 37
19 38
19 39
19 40
19 41
19 42
19 44
19 45
19 48
19 49
19 50
19 52
19 55
19 56
19 57
19 59
19 63
19 66
19 67
19 68
19 69
19 70
19 71
19 72
19 73
19 74
19 75
19 76
19 77
19 78
19 80
19 85
19 86
19 87
19 88
19 89
19 91
19 92
19 93
19 94
19 95
19 101
19 103
19 104
19 107
19 109
19 111
19 112
19 114
19 118
19 121
19 122
19 124
19 125
19 127
19 128
19 131
19 133
19 134
19 135
19 136
19 139
19 140
19 141
19 145
19 148
20 21
20 23
20 25
20 26
20 27
20 29
20 31
20 32
20 33
20 36
20 39
20 40
20 41
20 42
20 46
20 49
20 51
20 52
20 54
20 55
20 56
20 57
20 58
20 61
20 62
20 64
20 65
20 66
20 67
20 68
20 69
20 70
20 72
20 73
20 75
20 76
20 77
20 79
20 80
20 84
20 89
20 90
20 92
20 93
20 95
20 96
20 97
20 99
20 100
20 103
20 107
20 110
20 113
20 115
20 116
20 121
20 122
20 124
20 125
20 127
20 128
20 131
20 134
20 135
20 136
20 137
20 138
20 139
20 141
20 142
20 144
20 145
20 146
20 149
21 22
21 24
21 25
21 26
21 28
21 29
21 30
21 32
21 33
21 34
21 37
21 38
21 40
21 43
21 44
21 47
21 48
21 49
21 52
21 53
21 56
21 57
21 58
21 59
21 62
21 63
21 64
21 65
21 68
21 69
21 71
21 72
21 73
21 74
21 80
21 81
21 82
21 83
21 84
21 86
21 87
21 88
21 89
21 90
21 95
21 97
21 98
21 100
21 101
21 102
21 103
21 104
21 105
21 107
21 108
21 110
21 113
21 114
21 115
21 117
21 119
21 120
21 123
21 124
21 125
21 127
21 128
21 129
21 130
21 131
21 132
21 133
21 136
21 137
21 138
21 140
21 141
21 142
21 143
21 146
21 149
22 24
22 25
22 26
22 27
22 28
22 29
22 31
22 32
22 33
22 34
22 35
22 36
22 37
22 39
22 40
22 41
22 42
22 43
22 44
22 45
22 47
22 51
22 52
22 53
22 54
22 55
22 56
22 57
22 59
22 61
22 63
22 64
22 65
22 66
22 67
22 72
22 73
22 74
22 75
22 76
22 79
22 81
22 82
22 83
22 87
22 89
22 91
22 92
22 94
22 96
22 98
22 99
22 105
22 107
22 108
22 110
22 112
22 114
22 115
22 118
22 120
22 122
22 126
22 127
22 128
22 129
22 131
22 132
22 133
22 134
22 137
22 140
22 143
22 144
22 146
22 149
23 27
23 28
23 32
23 33
23 34
23 35
23 38
23 39
23 42
23 45
23 46
23 47
23 48
23 49
23 50
23 51
23 53
23 55
23 56
23 60
23 61
23 62
23 63
23 65
23 67
23 68
23 69
23 70
23 71
23 73
23 74
23 75
23 79
23 86
23 93
23 95
23 96
23 97
23 99
23 100
23 101
23 104
23 105
23 109
23 110
23 111
23 114
23 115
23 117
23 119
23 120
23 121
23 122
23 123
23 124
23 126
23 127
23 128
23 130
23 131
23 133
23 134
23 135
23 138
23 141
23 143
23 145
23 146
23 147
23 148
24 26
24 28
24 29
24 31
24 32
24 33
24 34
24 35
24 36
24 37
24 39
24 41
24 45
24 47
24 51
24 54
24 60
24 61
24 62
24 64
24 68
24 70
24 71
24 73
24 77
24 78
24 79
24 81
24 82
24 83
24 85
24 86
24 88
24 89
24 91
24 92
24 93
24 94
24 95
24 96
24 97
24 99
24 100
24 101
24 102
24 104
24 107
24 108
24 109
24 111
24 112
24 113
24 115
24 118
24 119
24 120
24 121
24 123
24 124
24 125
24 126
24 128
24 129
24 132
24 133
24 136
24 139
24 140
24 141
24 142
24 144
24 147
25 26
25 27
25 28
25 29
25 30
25 31
25 35
25 36
25 38
25 39
25 40
25 44
25 45
25 46
25 47
25 48
25 50
25 52
25 53
25 55
25 57
25 58
25 59
25 60
25 61
25 62
25 63
25 68
25 69
25 70
25 71
25 76
25 77
25 78
25 79
25 82
25 84
25 88
25 89
25 90
25 91
25 92
25 93
25 94
25 95
25 96
25 98
25 100
25 101
25 103
25 104
25 106
25 107
25 108
25 109
25 110
25 111
25 113
25 114
25 119
25 120
25 121
25 122
25 126
25 129
25 130
25 131
25 132
25 133
25 135
25 137
25 140
25 141
25 143
25 144
25 148
25 149
26 29
26 31
26 32
26 34
26 35
26 36
26 37
26 38
26 41
26 43
26 44
26 46
26 47
26 48
26 50
26 51
26 52
26 53
26 55
26 56
26 57
26 60
26 63
26 64
26 65
26 67
26 68
26 69
26 71
26 72
26 74
26 75
26 76
26 77
26 78
26 80
26 81
26 83
26 85
26 87
26 88
26 92
26 95
26 97
26 98
26 104
26 106
26 107
26 108
26 109
26 111
26 112
26 113
26 114
26 116
26 119
26 122
26 124
26 125
26 126
26 127
26 131
26 132
26 133
26 134
26 135
26 137
26 138
26 141
26 142
26 143
26 144
26 145
26 146
26 148
26 149
27 31
27 32
27 35
27 37
27 40
27 41
27 43
27 44
27 45
27 47
27 48
27 50
27 52
27 53
27 54
27 55
27 57
27 60
27 62
27 63
27 64
27 65
27 68
27 69
27 71
27 73
27 75
27 77
27 78
27 79
27 80
27 81
27 82
27 83
27 84
27 87
27 88
27 90
27 91
27 93
27 94
27 95
27 98
27 100
27 101
27 102
27 104
27 107
27 108
27 111
27 112
27 113
27 114
27 115
27 117
27 119
27 121
27 122
27 123
27 124
27 125
27 126
27 128
27 130
27 133
27 134
27 137
27 139
27 140
27 141
27 142
27 145
27 147
27 148
27 149
28 29
28 30
28 31
28 32
28 33
28 34
28 35
28 36
28 37
28 38
28 40
28 41
28 42
28 43
28 45
28 47
28 50
28 51
28 52
28 53
28 54
28 55
28 56
28 58
28 59
28 60
28 61
28 62
28 63
28 64
28 65
28 67
28 69
28 70
28 71
28 72
28 74
28 77
28 79
28 80
28 83
28 84
28 85
28 86
28 87
28 88
28 89
28 92
28 93
28 94
28 95
28 98
28 101
28 102
28 103
28 104
28 105
28 109
28 110
28 112
28 113
28 115
28 116
28 117
28 119
28 120
28 121
28 122
28 123
28 124
28 125
28 129
28 131
28 132
28 134
28 135
28 136
28 137
28 138
28 142
28 143
28 144
28 145
28 146
28 147
28 148
28 149
29 30
29 31
29 32
29 34
29 37
29 39
29 42
29 43
29 44
29 51
29 52
29 53
29 56
29 58
29 60
29 61
29 65
29 68
29 69
29 70
29 72
29 73
29 74
29 76
29 77
29 79
29 81
29 82
29 83
29 85
29 86
29 88
29 89
29 90
29 91
29 93
29 94
29 96
29 97
29 98
29 101
29 103
29 106
29 108
29 110
29 111
29 113
29 116
29 117
29 121
29 122
29 124
29 125
29 127
29 129
29 132
29 133
29 134
29 138
29 140
29 143
29 144
29 145
29 147
29 148
29 149
30 31
30 32
30 36
30 37
30 38
30 39
30 40
30 41
30 42
30 46
30 47
30 50
30 54
30 55
30 56
30 60
30 61
30 62
30 63
30 64
30 65
30 68
30 70
30 72
30 73
30 74
30 77
30 78
30 79
30 82
30 84
30 85
30 86
30 87
30 89
30 91
30 92
30 93
30 95
30 97
30 98
30 99
30 100
30 104
30 105
30 107
30 109
30 110
30 111
30 113
30 115
30 116
30 117
30 118
30 119
30 120
30 121
30 123
30 125
30 126
30 135
30 136
30 137
30 138
30 139
30 140
30 142
30 144
30 145
30 146
30 147
30 149
31 32
31 33
31 34
31 36
31 37
31 38
31 40
31 42
31 43
31 46
31 47
31 48
31 50
31 51
31 55
31 58
31 60
31 62
31 63
31 64
31 65
31 66
31 67
31 68
31 69
31 74
31 76
31 77
31 79
31 80
31 81
31 87
31 93
31 96
31 97
31 99
31 100
31 101
31 103
31 104
31 106
31 107
31 109
31 110
31 111
31 112
31 113
31 116
31 117
31 118
31 119
31 121
31 122
31 125
31 128
31 130
31 131
31 132
31 134
31 136
31 138
31 139
31 140
31 141
31 142
31 143
31 146
31 148
32 33
32 34
32 35
32 36
32 37
32 38
32 39
32 40
32 43
32 44
32 45
32 46
32 47
32 48
32 50
32 51
32 53
32 59
32 60
32 62
32 64
32 65
32 66
32 69
32 70
32 71
32 72
32 73
32 74
32 75
32 76
32 77
32 80
32 82
32 83
32 85
32 86
32 87
32 88
32 89
32 90
32 92
32 94
32 96
32 97
32 98
32 99
32 102
32 104
32 106
32 110
32 112
32 113
32 114
32 116
32 117
32 118
32 119
32 120
32 121
32 122
32 124
32 125
32 126
32 127
32 128
32 130
32 131
32 133
32 134
32 135
32 137
32 140
32 141
32 142
32 144
32 145
32 146
32 148
33 34
33 35
33 38
33 39
33 40
33 41
33 43
33 44
33 45
33 47
33 49
33 54
33 55
33 57
33 60
33 61
33 63
33 64
33 66
33 68
33 69
33 72
33 73
33 76
33 77
33 78
33 80
33 81
33 82
33 84
33 87
33 91
33 92
33 94
33 95
33 96
33 98
33 99
33 100
33 102
33 103
33 104
33 105
33 110
33 111
33 112
33 113
33 114
33 116
33 117
33 118
33 119
33 121
33 122
33 123
33 124
33 126
33 129
33 131
33 133
33 134
33 135
33 138
33 141
33 142
33 144
33 146
33 147
33 148
33 149
34 35
34 36
34 37
34 41
34 45
34 47
34 48
34 52
34 54
34 57
34 59
34 61
34 62
34 63
34 65
34 66
34 70
34 71
34 73
34 74
34 76
34 77
34 78
34 79
34 82
34 83
34 85
34 86
34 87
34 91
34 92
34 95
34 97
34 98
34 99
34 100
34 102
34 105
34 108
34 109
34 111
34 112
34 113
34 118
34 122
34 123
34 126
34 127
34 129
34 130
34 133
34 134
34 135
34 136
34 137
34 139
34 140
34 141
34 142
34 143
34 146
35 36
35 37
35 38
35 40
35 41
35 42
35 43
35 45
35 46
35 48
35 49
35 51
35 52
35 53
35 55
35 58
35 59
35 61
35 62
35 63
35 66
35 67
35 68
35 69
35 74
35 76
35 78
35 79
35 81
35 83
35 84
35 86
35 87
35 88
35 89
35 90
35 91
35 93
35 94
35 95
35 98
35 99
35 102
35 103
35 104
35 106
35 107
35 108
35 111
35 113
35 114
35 117
35 118
35 120
35 121
35 124
35 125
35 126
35 128
35 129
35 130
35 131
35 133
35 135
35 136
35 137
35 138
35 139
35 140
35 141
35 148
35 149
36 38
36 40
36 42
36 43
36 44
36 45
36 46
36 51
36 53
36 54
36 58
36 59
36 61
36 62
36 64
36 67
36 68
36 71
36 72
36 78
36 79
36 80
36 82
36 83
36 87
36 88
36 89
36 90
36 92
36 94
36 98
36 99
36 100
36 101
36 102
36 103
36 104
36 106
36 107
36 108
36 111
36 112
36 113
36 114
36 116
36 117
36 118
36 119
36 121
36 122
36 123
36 125
36 126
36 128
36 130
36 131
36 134
36 135
36 136
36 137
36 138
36 140
36 141
36 143
36 144
36 147
36 148
37 38
37 40
37 41
37 42
37 43
37 44
37 45
37 46
37 47
37 48
37 49
37 54
37 55
37 57
37 58
37 59
37 60
37 61
37 65
37 68
37 69
37 70
37 71
37 72
37 73
37 74
37 75
37 77
37 78
37 79
37 81
37 82
37 85
37 86
37 88
37 89
37 90
37 91
37 93
37 94
37 95
37 97
37 99
37 100
37 102
37 103
37 108
37 109
37 110
37 113
37 115
37 116
37 117
37 120
37 122
37 126
37 129
37 130
37 132
37 133
37 135
37 136
37 137
37 140
37 142
37 148
37 149
38 39
38 40
38 43
38 45
38 46
38 47
38 51
38 55
38 60
38 61
38 63
38 64
38 66
38 70
38 71
38 73
38 74
38 75
38 76
38 78
38 81
38 82
38 84
38 86
38 87
38 89
38 90
38 91
38 92
38 97
38 98
38 99
38 100
38 101
38 102
38 105
38 106
38 107
38 108
38 109
38 110
38 112
38 114
38 115
38 118
38 120
38 122
38 124
38 125
38 126
38 128
38 131
38 133
38 138
38 140
38 143
38 144
38 145
38 148
39 40
39 41
39 44
39 45
39 46
39 48
39 50
39 51
39 53
39 54
39 57
39 58
39 59
39 62
39 64
39 65
39 66
39 70
39 71
39 73
39 76
39 79
39 86
39 87
39 88
39 89
39 90
39 91
39 92
39 93
39 98
39 99
39 100
39 101
39 102
39 103
39 104
39 105
39 106
39 107
39 110
39 111
39 112
39 113
39 114
39 115
39 118
39 119
39 121
39 122
39 125
39 126
39 129
39 135
39 136
39 137
39 141
39 143
39 144
39 145
39 146
39 147
39 148
39 149
40 42
40 43
40 44
40 45
40 46
40 47
40 48
40 49
40 50
40 51
40 53
40 55
40 56
40 57
40 59
40 63
40 64
40 66
40 67
40 70
40 71
40 73
40 75
40 76
40 79
40 81
40 82
40 83
40 84
40 86
40 88
40 89
40 90
40 91
40 92
40 93
40 96
40 97
40 98
40 99
40 100
40 103
40 104
40 106
40 107
40 108
40 112
40 113
40 118
40 119
40 120
40 123
40 124
40 125
40 126
40 127
40 130
40 131
40 135
40 138
40 141
40 143
40 144
40 145
40 149
41 42
41 45
41 46
41 49
41 50
41 51
41 52
41 53
41 55
41 56
41 57
41 59
41 62
41 64
41 66
41 67
41 68
41 72
41 74
41 77
41 78
41 80
41 81
41 84
41 85
41 87
41 89
41 90
41 93
41 96
41 98
41 99
41 101
41 103
41 105
41 106
41 108
41 112
41 113
41 114
41 116
41 117
41 118
41 119
41 120
41 122
41 124
41 125
41 126
41 128
41 129
41 130
41 131
41 132
41 135
41 136
41 137
41 138
41 139
41 141
41 143
41 146
41 147
41 148
42 43
42 44
42 45
42 46
42 48
42 49
42 51
42 52
42 54
42 55
42 56
42 59
42 60
42 62
42 63
42 64
42 65
42 68
42 69
42 70
42 73
42 75
42 77
42 78
42 81
42 83
42 84
42 85
42 86
42 87
42 88
42 89
42 90
42 93
42 94
42 95
42 98
42 100
42 101
42 102
42 103
42 104
42 105
42 106
42 109
42 110
42 111
42 112
42 115
42 117
42 118
42 119
42 120
42 122
42 124
42 125
42 126
42 129
42 131
42 132
42 133
42 134
42 135
42 136
42 137
42 140
42 142
42 144
42 145
42 149
43 44
43 45
43 46
43 47
43 48
43 52
43 53
43 54
43 56
43 57
43 58
43 59
43 60
43 63
43 64
43 66
43 68
43 69
43 70
43 74
43 75
43 76
43 81
43 83
43 84
43 85
43 86
43 87
43 90
43 91
43 92
43 94
43 96
43 99
43 100
43 102
43 104
43 107
43 108
43 110
43 111
43 112
43 113
43 114
43 115
43 116
43 117
43 119
43 120
43 121
43 122
43 123
43 125
43 128
43 130
43 132
43 133
43 138
43 142
43 143
43 144
43 145
43 149
44 45
44 46
44 47
44 48
44 53
44 57
44 58
44 59
44 63
44 64
44 65
44 66
44 69
44 73
44 74
44 77
44 78
44 79
44 80
44 81
44 83
44 87
44 91
44 92
44 94
44 95
44 96
44 98
44 99
44 100
44 101
44 103
44 104
44 105
44 106
44 108
44 109
44 110
44 111
44 112
44 113
44 114
44 116
44 119
44 120
44 122
44 125
44 126
44 127
44 129
44 131
44 133
44 134
44 136
44 137
44 140
44 141
44 144
44 145
44 147
44 148
44 149
45 46
45 47
45 48
45 49
45 53
45 55
45 56
45 60
45 62
45 63
45 65
45 66
45 68
45 70
45 72
45 73
45 75
45 77
45 78
45 81
45 83
45 85
45 89
45 91
45 92
45 93
45 94
45 97
45 99
45 101
45 102
45 104
45 105
45 106
45 108
45 109
45 110
45 111
45 113
45 117
45 118
45 120
45 121
45 122
45 124
45 126
45 129
45 130
45 131
45 133
45 135
45 137
45 139
45 141
45 145
45 148
46 48
46 49
46 52
46 54
46 57
46 58
46 59
46 60
46 61
46 63
46 64
46 66
46 67
46 68
46 71
46 73
46 74
46 76
46 77
46 80
46 81
46 84
46 86
46 87
46 88
46 90
46 91
46 92
46 93
46 98
46 99
46 100
46 101
46 102
46 106
46 108
46 109
46 112
46 116
46 117
46 118
46 124
46 125
46 126
46 127
46 128
46 129
46 130
46 131
46 133
46 134
46 135
46 137
46 140
46 142
46 143
46 144
46 145
46 149
47 51
47 52
47 53
47 54
47 56
47 57
47 58
47 59
47 60
47 61
47 65
47 66
47 67
47 68
47 69
47 70
47 71
47 72
47 73
47 74
47 79
47 80
47 83
47 84
47 85
47 87
47 88
47 90
47 93
47 94
47 95
47 97
47 98
47 99
47 100
47 101
47 102
47 103
47 105
47 106
47 108
47 109
47 111
47 112
47 113
47 114
47 116
47 118
47 119
47 121
47 122
47 123
47 125
47 126
47 127
47 130
47 132
47 133
47 134
47 137
47 139
47 140
47 141
47 142
47 143
47 145
47 147
48 51
48 52
48 54
48 56
48 58
48 59
48 60
48 61
48 63
48 64
48 65
48 66
48 67
48 69
48 70
48 71
48 75
48 78
48 79
48 80
48 84
48 86
48 87
48 88
48 89
48 90
48 92
48 93
48 96
48 97
48 99
48 100
48 101
48 102
48 103
48 104
48 106
48 109
48 111
48 112
48 113
48 114
48 116
48 117
48 119
48 124
48 126
48 129
48 133
48 135
48 137
48 138
48 140
48 141
48 143
48 144
48 146
48 147
48 148
48 149
49 52
49 60
49 61
49 62
49 63
49 65
49 68
49 69
49 70
49 71
49 73
49 75
49 76
49 78
49 79
49 80
49 81
49 84
49 86
49 87
49 88
49 91
49 92
49 94
49 95
49 96
49 97
49 98
49 99
49 100
49 101
49 102
49 103
49 104
49 106
49 107
49 110
49 113
49 114
49 115
49 116
49 117
49 118
49 119
49 124
49 125
49 126
49 127
49 128
49 131
49 132
49 136
49 137
49 145
49 146
49 147
49 148
49 149
50 53
50 54
50 56
50 57
50 58
50 59
50 60
50 61
50 62
50 63
50 64
50 66
50 68
50 74
50 75
50 78
50 80
50 81
50 83
50 84
50 85
50 86
50 87
50 88
50 90
50 91
50 93
50 95
50 96
50 97
50 103
50 105
50 106
50 107
50 109
50 110
50 112
50 115
50 118
50 119
50 121
50 122
50 124
50 127
50 130
50 132
50 133
50 135
50 136
50 137
50 138
50 139
50 143
50 144
50 146
50 148
50 149
51 52
51 53
51 55
51 62
51 64
51 66
51 68
51 70
51 71
51 72
51 73
51 74
51 76
51 78
51 81
51 82
51 83
51 84
51 86
51 87
51 88
51 89
51 90
51 91
51 95
51 98
51 99
51 100
51 101
51 102
51 103
51 104
51 106
51 107
51 109
51 110
51 111
51 112
51 114
51 116
51 118
51 120
51 122
51 123
51 125
51 129
51 130
51 131
51 132
51 135
51 137
51 140
51 141
51 142
51 145
51 148
52 53
52 54
52 55
52 58
52 59
52 61
52 62
52 63
52 64
52 66
52 67
52 71
52 72
52 73
52 74
52 75
52 76
52 77
52 82
52 84
52 85
52 86
52 89
52 90
52 91
52 94
52 95
52 98
52 99
52 100
52 102
52 103
52 104
52 106
52 107
52 109
52 110
52 112
52 116
52 120
52 121
52 123
52 125
52 126
52 127
52 128
52 129
52 131
52 135
52 136
52 137
52 138
52 139
52 140
52 141
52 144
52 145
52 147
53 54
53 55
53 57
53 59
53 60
53 62
53 63
53 65
53 67
53 68
53 70
53 71
53 72
53 73
53 74
53 75
53 81
53 83
53 84
53 86
53 88
53 89
53 90
53 91
53 92
53 93
53 94
53 95
53 96
53 97
53 99
53 101
53 103
53 105
53 106
53 107
53 108
53 109
53 110
53 111
53 113
53 115
53 116
53 120
53 123
53 127
53 128
53 129
53 130
53 132
53 134
53 135
53 136
53 137
53 138
53 141
53 143
53 144
53 146
53 148
53 149
54 55
54 56
54 57
54 59
54 60
54 62
54 66
54 68
54 74
54 75
54 77
54 79
54 80
54 81
54 83
54 84
54 86
54 87
54 88
54 89
54 90
54 91
54 93
54 95
54 96
54 97
54 98
54 100
54 102
54 103
54 104
54 105
54 106
54 107
54 109
54 110
54 112
54 113
54 115
54 117
54 118
54 119
54 120
54 121
54 123
54 124
54 125
54 127
54 128
54 129
54 130
54 131
54 132
54 133
54 135
54 136
54 138
54 139
54 140
54 142
54 144
54 145
54 148
54 149
55 57
55 58
55 61
55 64
55 65
55 67
55 69
55 70
55 73
55 74
55 77
55 78
55 80
55 81
55 82
55 83
55 85
55 87
55 89
55 90
55 91
55 93
55 96
55 98
55 99
55 102
55 103
55 104
55 105
55 108
55 110
55 111
55 112
55 113
55 116
55 121
55 124
55 126
55 128
55 129
55 130
55 132
55 135
55 136
55 137
55 138
55 139
55 140
55 141
55 142
55 143
55 146
55 148
55 149
56 58
56 59
56 60
56 62
56 66
56 67
56 68
56 71
56 72
56 73
56 74
56 75
56 76
56 77
56 78
56 79
56 80
56 81
56 82
56 83
56 84
56 85
56 87
56 88
56 89
56 90
56 92
56 93
56 94
56 97
56 99
56 101
56 102
56 109
56 110
56 111
56 115
56 116
56 117
56 118
56 119
56 120
56 122
56 125
56 128
56 131
56 133
56 134
56 136
56 139
56 141
56 142
56 143
56 145
56 147
56 148
56 149
57 58
57 60
57 63
57 64
57 65
57 66
57 67
57 68
57 69
57 71
57 72
57 73
57 74
57 76
57 80
57 82
57 83
57 84
57 86
57 87
57 88
57 90
57 92
57 99
57 100
57 102
57 103
57 104
57 105
57 106
57 107
57 110
57 112
57 114
57 115
57 116
57 118
57 119
57 122
57 123
57 128
57 132
57 133
57 134
57 135
57 137
57 138
57 140
57 141
57 142
57 144
57 146
57 147
57 148
57 149
58 60
58 63
58 64
58 72
58 73
58 74
58 75
58 77
58 78
58 80
58 81
58 82
58 83
58 84
58 85
58 86
58 89
58 90
58 91
58 92
58 94
58 96
58 100
58 101
58 104
58 105
58 106
58 107
58 109
58 110
58 112
58 113
58 114
58 115
58 118
58 119
58 123
58 124
58 126
58 127
58 128
58 130
58 131
58 135
58 136
58 139
58 140
58 141
58 143
58 144
58 145
58 146
58 149
59 60
59 63
59 64
59 65
59 66
59 69
59 70
59 71
59 72
59 73
59 75
59 77
59 80
59 82
59 83
59 84
59 85
59 86
59 87
59 92
59 95
59 99
59 100
59 106
59 107
59 108
59 109
59 110
59 113
59 114
59 115
59 119
59 120
59 121
59 122
59 124
59 129
59 130
59 132
59 134
59 136
59 137
59 139
59 140
59 144
59 146
59 147
59 148
60 61
60 62
60 63
60 64
60 65
60 66
60 67
60 68
60 70
60 73
60 74
60 75
60 77
60 78
60 79
60 82
60 84
60 85
60 86
60 89
60 93
60 94
60 95
60 96
60 98
60 100
60 101
60 103
60 104
60 106
60 107
60 110
60 112
60 113
60 114
60 117
60 119
60 121
60 123
60 124
60 125
60 131
60 133
60 134
60 135
60 137
60 139
60 143
60 144
60 146
60 147
61 62
61 65
61 66
61 68
61 73
61 74
61 77
61 78
61 80
61 85
61 88
61 89
61 90
61 92
61 94
61 95
61 96
61 102
61 103
61 104
61 106
61 108
61 111
61 113
61 114
61 115
61 116
61 117
61 118
61 121
61 122
61 123
61 124
61 125
61 126
61 127
61 128
61 130
61 131
61 135
61 136
61 137
61 138
61 139
61 140
61 142
61 143
61 145
61 146
61 147
61 149
62 63
62 64
62 67
62 68
62 70
62 71
62 72
62 75
62 76
62 77
62 78
62 79
62 80
62 81
62 85
62 88
62 89
62 90
62 91
62 92
62 93
62 95
62 96
62 98
62 101
62 102
62 103
62 104
62 105
62 106
62 109
62 111
62 112
62 113
62 114
62 117
62 122
62 123
62 124
62 129
62 132
62 135
62 136
62 138
62 139
62 140
62 142
62 143
62 144
62 146
62 147
62 148
62 149
63 64
63 69
63 70
63 71
63 74
63 75
63 76
63 77
63 78
63 80
63 81
63 82
63 83
63 85
63 88
63 89
63 90
63 92
63 94
63 95
63 96
63 98
63 99
63 101
63 102
63 103
63 104
63 105
63 109
63 110
63 113
63 115
63 116
63 119
63 124
63 125
63 127
63 128
63 129
63 130
63 131
63 133
63 134
63 135
63 137
63 138
63 143
63 144
63 145
63 146
63 147
63 149
64 68
64 69
64 71
64 75
64 76
64 77
64 78
64 79
64 80
64 81
64 84
64 87
64 88
64 89
64 91
64 92
64 96
64 97
64 100
64 102
64 103
64 104
64 105
64 107
64 109
64 110
64 111
64 112
64 114
64 115
64 116
64 117
64 118
64 120
64 121
64 122
64 124
64 126
64 127
64 129
64 130
64 131
64 132
64 133
64 135
64 136
64 141
64 148
64 149
65 70
65 72
65 73
65 74
65 75
65 76
65 80
65 81
65 82
65 83
65 84
65 85
65 86
65 87
65 88
65 89
65 92
65 95
65 96
65 97
65 98
65 99
65 101
65 102
65 103
65 104
65 105
65 106
65 107
65 108
65 109
65 110
65 112
65 113
65 116
65 118
65 119
65 120
65 121
65 122
65 123
65 125
65 126
65 128
65 129
65 130
65 131
65 132
65 133
65 134
65 136
65 137
65 139
65 140
65 146
65 147
65 149
66 67
66 68
66 69
66 71
66 72
66 73
66 75
66 79
66 81
66 83
66 85
66 87
66 90
66 91
66 93
66 96
66 97
66 98
66 99
66 100
66 101
66 102
66 103
66 104
66 105
66 108
66 110
66 113
66 114
66 115
66 119
66 120
66 124
66 125
66 127
66 129
66 131
66 133
66 135
66 136
66 137
66 141
66 143
66 148
67 69
67 71
67 72
67 76
67 78
67 81
67 82
67 84
67 85
67 88
67 89
67 90
67 92
67 93
67 95
67 98
67 99
67 101
67 102
67 103
67 105
67 109
67 113
67 115
67 119
67 121
67 123
67 126
67 130
67 132
67 133
67 135
67 136
67 137
67 138
67 139
67 140
67 142
67 146
67 147
67 148
67 149
68 69
68 71
68 72
68 74
68 75
68 76
68 78
68 80
68 82
68 83
68 84
68 85
68 87
68 88
68 89
68 90
68 91
68 95
68 97
68 99
68 101
68 107
68 108
68 109
68 110
68 111
68 113
68 114
68 116
68 117
68 118
68 119
68 121
68 122
68 124
68 125
68 126
68 127
68 128
68 130
68 131
68 132
68 133
68 134
68 136
68 138
68 139
68 140
68 142
68 147
68 148
68 149
69 70
69 71
69 72
69 73
69 74
69 75
69 76
69 77
69 79
69 80
69 83
69 85
69 87
69 88
69 89
69 90
69 91
69 93
69 94
69 95
69 96
69 99
69 100
69 102
69 103
69 104
69 106
69 107
69 109
69 111
69 112
69 113
69 115
69 116
69 117
69 123
69 124
69 125
69 127
69 129
69 130
69 131
69 132
69 135
69 136
69 137
69 139
69 140
69 141
69 142
69 143
69 144
69 147
69 148
69 149
70 71
70 75
70 80
70 81
70 82
70 86
70 91
70 93
70 94
70 95
70 96
70 99
70 101
70 102
70 103
70 104
70 107
70 108
70 110
70 112
70 116
70 117
70 119
70 120
70 121
70 123
70 124
70 126
70 127
70 135
70 137
70 139
70 140
70 144
70 145
70 147
70 149
71 72
71 73
71 75
71 77
71 78
71 79
71 80
71 81
71 82
71 83
71 84
71 85
71 86
71 87
71 93
71 96
71 97
71 98
71 101
71 103
71 106
71 107
71 108
71 111
71 112
71 113
71 115
71 116
71 117
71 119
71 121
71 123
71 124
71 129
71 131
71 132
71 133
71 135
71 136
71 138
71 139
71 140
71 141
71 142
71 143
71 144
71 145
71 148
71 149
72 73
72 75
72 77
72 78
72 79
72 80
72 82
72 83
72 88
72 91
72 94
72 95
72 100
72 102
72 103
72 104
72 105
72 106
72 107
72 109
72 110
72 113
72 115
72 116
72 121
72 123
72 124
72 125
72 126
72 128
72 130
72 131
72 132
72 133
72 134
72 138
72 139
72 140
72 141
72 144
72 145
72 146
72 147
72 148
72 149
73 75
73 76
73 77
73 80
73 82
73 83
73 85
73 92
73 93
73 96
73 97
73 98
73 99
73 103
73 104
73 106
73 109
73 110
73 111
73 112
73 114
73 115
73 116
73 118
73 119
73 120
73 121
73 122
73 123
73 124
73 127
73 129
73 130
73 132
73 133
73 136
73 139
73 140
73 143
73 144
73 145
73 146
73 148
73 149
74 75
74 76
74 78
74 79
74 81
74 82
74 84
74 86
74 88
74 89
74 90
74 91
74 93
74 95
74 96
74 98
74 99
74 100
74 102
74 104
74 105
74 107
74 109
74 110
74 111
74 112
74 113
74 114
74 116
74 117
74 119
74 120
74 121
74 123
74 124
74 125
74 126
74 127
74 128
74 129
74 131
74 134
74 136
74 137
74 138
74 141
74 145
74 146
74 148
74 149
75 76
75 77
75 78
75 79
75 80
75 83
75 84
75 85
75 86
75 87
75 88
75 91
75 94
75 96
75 97
75 99
75 100
75 102
75 104
75 105
75 106
75 107
75 112
75 114
75 115
75 117
75 118
75 121
75 122
75 124
75 125
75 127
75 128
75 131
75 133
75 134
75 135
75 136
75 137
75 138
75 139
75 140
75 142
75 143
75 148
75 149
76 77
76 79
76 80
76 81
76 82
76 83
76 84
76 85
76 86
76 88
76 94
76 96
76 98
76 99
76 100
76 103
76 104
76 105
76 107
76 108
76 110
76 111
76 113
76 115
76 117
76 119
76 124
76 128
76 129
76 130
76 131
76 133
76 134
76 137
76 139
76 142
76 148
77 80
77 82
77 85
77 86
77 87
77 93
77 94
77 96
77 97
77 98
77 100
77 102
77 103
77 104
77 105
77 106
77 107
77 108
77 112
77 114
77 115
77 116
77 117
77 118
77 119
77 120
77 127
77 128
77 130
77 131
77 132
77 133
77 136
77 138
77 141
77 143
77 144
77 146
77 149
78 79
78 81
78 83
78 89
78 90
78 91
78 93
78 94
78 96
78 99
78 100
78 101
78 102
78 103
78 104
78 108
78 109
78 110
78 111
78 112
78 113
78 114
78 117
78 120
78 122
78 124
78 125
78 127
78 128
78 131
78 134
78 136
78 139
78 140
78 141
78 142
78 144
78 145
78 147
78 148
78 149
79 80
79 81
79 84
79 85
79 87
79 88
79 89
79 92
79 93
79 97
79 98
79 99
79 101
79 102
79 103
79 104
79 106
79 108
79 111
79 112
79 113
79 114
79 116
79 118
79 121
79 123
79 124
79 125
79 126
79 127
79 128
79 129
79 130
79 131
79 133
79 134
79 135
79 136
79 137
79 138
79 142
79 144
79 145
79 147
79 148
79 149
80 81
80 82
80 84
80 85
80 86
80 89
80 90
80 92
80 94
80 95
80 96
80 97
80 98
80 99
80 100
80 101
80 103
80 107
80 110
80 111
80 112
80 114
80 115
80 118
80 119
80 120
80 121
80 122
80 124
80 125
80 126
80 127
80 128
80 131
80 132
80 134
80 135
80 137
80 142
80 143
80 144
80 146
80 147
80 148
80 149
81 82
81 83
81 84
81 85
81 86
81 88
81 90
81 91
81 95
81 96
81 97
81 98
81 99
81 100
81 102
81 103
81 106
81 107
81 108
81 110
81 111
81 112
81 115
81 116
81 118
81 121
81 122
81 123
81 126
81 127
81 128
81 130
81 133
81 137
81 139
81 140
81 142
81 143
81 144
81 145
81 146
81 147
81 148
82 84
82 85
82 88
82 92
82 93
82 96
82 102
82 104
82 105
82 106
82 107
82 109
82 110
82 112
82 113
82 115
82 116
82 120
82 121
82 122
82 125
82 128
82 129
82 130
82 131
82 133
82 134
82 135
82 136
82 138
82 139
82 140
82 142
82 143
82 144
82 146
82 147
83 84
83 87
83 88
83 90
83 91
83 92
83 93
83 94
83 95
83 96
83 98
83 101
83 102
83 104
83 111
83 113
83 114
83 115
83 116
83 117
83 118
83 120
83 121
83 122
83 124
83 125
83 127
83 128
83 129
83 131
83 134
83 135
83 136
83 137
83 139
83 140
83 141
83 142
83 143
83 144
83 146
83 148
83 149
84 85
84 89
84 93
84 95
84 98
84 99
84 104
84 105
84 106
84 107
84 108
84 112
84 113
84 114
84 117
84 118
84 119
84 120
84 122
84 125
84 126
84 128
84 130
84 131
84 132
84 136
84 139
84 140
84 142
84 143
84 144
84 145
84 146
84 148
84 149
85 88
85 92
85 93
85 95
85 96
85 97
85 98
85 100
85 102
85 103
85 111
85 112
85 113
85 114
85 115
85 117
85 119
85 121
85 122
85 126
85 135
85 136
85 137
85 139
85 142
85 145
86 87
86 90
86 91
86 95
86 96
86 97
86 99
86 101
86 104
86 105
86 107
86 108
86 109
86 110
86 111
86 112
86 114
86 115
86 116
86 117
86 119
86 125
86 127
86 131
86 133
86 134
86 135
86 137
86 138
86 141
86 145
86 149
87 88
87 89
87 91
87 92
87 93
87 94
87 95
87 96
87 97
87 98
87 99
87 102
87 103
87 104
87 109
87 112
87 115
87 117
87 119
87 120
87 122
87 125
87 126
87 128
87 129
87 130
87 131
87 132
87 133
87 134
87 136
87 138
87 139
87 140
87 141
87 142
87 143
87 144
87 147
87 149
88 90
88 91
88 93
88 94
88 95
88 97
88 99
88 101
88 105
88 107
88 109
88 110
88 112
88 114
88 121
88 122
88 124
88 126
88 127
88 128
88 129
88 131
88 132
88 133
88 134
88 135
88 138
88 139
88 140
88 141
88 143
88 144
88 146
88 148
88 149
89 90
89 91
89 92
89 93
89 94
89 95
89 96
89 97
89 98
89 100
89 102
89 103
89 104
89 106
89 107
89 109
89 110
89 113
89 114
89 115
89 117
89 118
89 121
89 123
89 124
89 125
89 126
89 127
89 129
89 132
89 133
89 135
89 136
89 139
89 140
89 141
89 143
89 144
89 145
89 147
89 149
90 92
90 94
90 95
90 96
90 99
90 100
90 101
90 104
90 105
90 106
90 107
90 108
90 109
90 110
90 111
90 112
90 113
90 114
90 117
90 119
90 120
90 121
90 122
90 123
90 124
90 125
90 127
90 128
90 129
90 135
90 136
90 140
90 141
90 142
90 144
90 147
90 149
91 92
91 93
91 95
91 96
91 97
91 99
91 100
91 102
91 103
91 105
91 107
91 110
91 112
91 113
91 115
91 121
91 123
91 124
91 127
91 128
91 133
91 134
91 136
91 139
91 141
91 144
91 146
91 147
92 93
92 94
92 96
92 97
92 99
92 100
92 101
92 104
92 105
92 107
92 108
92 109
92 111
92 112
92 113
92 114
92 117
92 123
92 126
92 127
92 128
92 131
92 132
92 135
92 136
92 137
92 139
92 140
92 142
92 144
92 145
92 146
92 147
93 96
93 99
93 102
93 103
93 104
93 105
93 107
93 108
93 109
93 111
93 113
93 115
93 116
93 117
93 119
93 120
93 123
93 124
93 125
93 126
93 128
93 129
93 130
93 134
93 135
93 136
93 137
93 138
93 141
93 142
93 143
93 147
93 148
93 149
94 95
94 97
94 101
94 102
94 104
94 105
94 106
94 107
94 108
94 109
94 110
94 111
94 112
94 113
94 114
94 115
94 116
94 117
94 118
94 119
94 120
94 121
94 122
94 125
94 126
94 128
94 129
94 130
94 131
94 132
94 133
94 139
94 140
94 142
94 143
94 144
94 145
94 146
94 147
94 148
94 149
95 96
95 98
95 99
95 101
95 102
95 105
95 106
95 108
95 109
95 110
95 111
95 112
95 113
95 114
95 115
95 117
95 118
95 119
95 121
95 123
95 124
95 125
95 126
95 127
95 128
95 129
95 132
95 133
95 134
95 135
95 136
95 137
95 138
95 140
95 141
95 142
95 143
95 146
95 147
95 148
95 149
96 98
96 99
96 101
96 104
96 109
96 110
96 111
96 112
96 114
96 116
96 117
96 118
96 119
96 121
96 123
96 126
96 127
96 128
96 130
96 132
96 133
96 134
96 135
96 136
96 139
96 140
96 141
96 145
96 146
96 148
97 99
97 100
97 101
97 102
97 105
97 106
97 107
97 108
97 109
97 110
97 111
97 112
97 115
97 116
97 118
97 119
97 122
97 123
97 126
97 128
97 129
97 132
97 133
97 134
97 135
97 136
97 137
97 138
97 139
97 140
97 141
97 142
97 143
97 144
97 145
97 146
98 99
98 100
98 102
98 103
98 104
98 105
98 112
98 114
98 117
98 118
98 120
98 121
98 122
98 123
98 124
98 125
98 127
98 128
98 129
98 130
98 131
98 133
98 134
98 138
98 141
98 144
98 145
98 146
98 148
98 149
99 101
99 103
99 105
99 106
99 108
99 116
99 118
99 119
99 121
99 123
99 124
99 128
99 130
99 135
99 137
99 140
99 141
99 143
99 144
99 146
99 147
99 148
99 149
100 101
100 102
100 103
100 107
100 111
100 114
100 115
100 117
100 118
100 119
100 120
100 121
100 125
100 126
100 128
100 130
100 132
100 133
100 135
100 137
100 139
100 140
100 144
100 145
100 147
100 148
101 102
101 103
101 104
101 106
101 107
101 108
101 109
101 110
101 111
101 113
101 114
101 116
101 118
101 120
101 121
101 122
101 125
101 127
101 128
101 129
101 132
101 133
101 134
101 136
101 138
101 141
101 142
101 143
101 145
102 103
102 105
102 106
102 107
102 108
102 109
102 110
102 111
102 112
102 114
102 115
102 116
102 120
102 121
102 123
102 124
102 125
102 126
102 130
102 136
102 139
102 142
102 143
102 146
102 147
102 148
103 105
103 106
103 108
103 110
103 111
103 112
103 113
103 114
103 116
103 119
103 122
103 123
103 124
103 125
103 128
103 129
103 133
103 134
103 137
103 138
103 140
103 141
103 143
103 144
103 146
103 147
103 148
103 149
104 105
104 106
104 108
104 111
104 112
104 115
104 116
104 117
104 119
104 120
104 122
104 128
104 129
104 130
104 131
104 133
104 135
104 140
104 141
104 143
104 144
104 145
104 146
104 147
104 148
105 107
105 110
105 111
105 113
105 115
105 117
105 119
105 120
105 122
105 123
105 125
105 129
105 130
105 134
105 137
105 138
105 139
105 140
105 141
105 145
105 149
106 107
106 108
106 110
106 112
106 114
106 115
106 116
106 117
106 118
106 120
106 122
106 123
106 124
106 125
106 126
106 127
106 128
106 129
106 130
106 131
106 132
106 134
106 135
106 137
106 138
106 143
106 144
106 145
106 146
106 148
106 149
107 112
107 114
107 116
107 117
107 119
107 120
107 121
107 122
107 123
107 124
107 127
107 128
107 129
107 130
107 132
107 133
107 136
107 137
107 138
107 140
107 143
107 145
107 146
107 147
108 109
108 111
108 113
108 114
108 118
108 119
108 120
108 123
108 127
108 129
108 130
108 131
108 133
108 134
108 135
108 136
108 137
108 138
108 142
108 143
108 144
108 145
108 146
108 148
109 113
109 115
109 116
109 117
109 118
109 120
109 121
109 122
109 124
109 127
109 128
109 129
109 130
109 132
109 133
109 134
109 139
109 141
109 142
109 143
109 145
109 146
109 147
109 148
110 112
110 114
110 116
110 117
110 119
110 121
110 123
110 125
110 131
110 132
110 135
110 137
110 138
110 139
110 140
110 141
110 142
110 143
110 148
110 149
111 115
111 116
111 118
111 119
111 120
111 121
111 122
111 123
111 125
111 128
111 129
111 131
111 132
111 133
111 134
111 136
111 138
111 139
111 140
111 142
111 143
111 146
111 147
111 148
112 114
112 115
112 117
112 119
112 120
112 123
112 124
112 125
112 126
112 130
112 134
112 136
112 141
112 143
112 145
112 147
112 149
113 116
113 118
113 119
113 120
113 121
113 122
113 123
113 124
113 125
113 126
113 127
113 128
113 129
113 130
113 131
113 133
113 134
113 137
113 138
113 140
113 143
113 144
113 145
113 148
113 149
114 115
114 116
114 118
114 119
114 120
114 121
114 123
114 124
114 125
114 126
114 128
114 133
114 135
114 136
114 137
114 139
114 140
114 141
114 142
114 144
114 145
114 147
114 148
114 149
115 116
115 117
115 119
115 120
115 121
115 122
115 124
115 125
115 126
115 127
115 128
115 131
115 133
115 136
115 137
115 138
115 139
115 140
115 142
115 144
115 145
115 146
115 147
115 148
115 149
116 118
116 121
116 122
116 124
116 125
116 126
116 128
116 129
116 130
116 132
116 136
116 137
116 139
116 140
116 141
116 142
116 143
116 144
117 118
117 120
117 121
117 123
117 125
117 129
117 130
117 132
117 133
117 134
117 135
117 137
117 140
117 144
117 145
117 146
117 147
117 148
117 149
118 119
118 120
118 121
118 122
118 124
118 125
118 126
118 128
118 129
118 131
118 132
118 133
118 135
118 136
118 137
118 138
118 140
118 141
118 142
118 144
118 146
118 147
118 148
119 120
119 121
119 122
119 123
119 124
119 127
119 128
119 130
119 131
119 133
119 134
119 135
119 136
119 137
119 141
119 143
119 144
119 145
119 146
119 148
119 149
120 121
120 122
120 123
120 124
120 125
120 126
120 129
120 130
120 131
120 132
120 135
120 136
120 139
120 142
120 143
120 144
120 147
120 149
121 122
121 123
121 124
121 125
121 126
121 127
121 130
121 131
121 136
121 137
121 141
121 142
121 143
121 144
121 145
121 146
121 147
121 149
122 123
122 125
122 126
122 128
122 129
122 130
122 131
122 132
122 133
122 135
122 142
122 146
122 147
122 148
123 125
123 127
123 129
123 130
123 132
123 133
123 134
123 135
123 137
123 138
123 141
123 142
123 143
123 146
123 147
123 149
124 125
124 126
124 128
124 129
124 131
124 132
124 134
124 135
124 136
124 137
124 138
124 140
124 142
124 143
124 144
124 146
124 147
124 149
125 127
125 129
125 132
125 134
125 138
125 139
125 141
125 142
125 143
125 144
125 145
125 147
125 148
126 127
126 128
126 129
126 130
126 131
126 132
126 133
126 134
126 135
126 137
126 140
126 141
126 143
126 147
126 148
126 149
127 130
127 131
127 133
127 134
127 135
127 138
127 140
127 141
127 142
127 143
127 144
127 146
127 147
128 131
128 132
128 133
128 134
128 137
128 138
128 139
128 140
128 141
128 142
128 143
128 144
128 145
128 147
128 148
128 149
129 131
129 132
129 134
129 135
129 136
129 138
129 139
129 141
129 142
129 143
129 146
129 147
129 149
130 131
130 133
130 134
130 135
130 137
130 140
130 143
130 144
130 146
130 148
131 132
131 133
131 134
131 135
131 137
131 138
131 139
131 143
131 144
131 147
131 148
131 149
132 134
132 136
132 137
132 138
132 141
132 142
132 144
132 145
132 146
132 149
133 136
133 137
133 138
133 139
133 140
133 145
133 146
133 148
133 149
134 137
134 138
134 140
134 141
134 142
134 143
134 146
134 147
134 148
135 138
135 139
135 142
135 144
135 145
135 146
135 147
135 148
136 137
136 138
136 139
136 141
136 144
136 146
136 147
136 148
136 149
137 139
137 140
137 141
137 142
137 145
137 146
137 148
137 149
138 139
138 140
138 141
138 143
138 144
138 145
138 146
138 147
138 148
138 149
139 140
139 144
139 145
139 146
139 147
139 148
139 149
140 141
140 142
140 143
140 146
140 147
141 142
141 143
141 144
142 143
142 145
142 147
142 148
142 149
143 144
143 145
143 147
144 147
144 148
144 149
145 146
145 147
145 148
145 149
146 148
148 149
