100 2810
61 49
91 89
60 91
51 39
100 85
70 100
30 20
20 91
51 15
68 27
39 96
73 90
31 32
32 58
34 85
99 41
28 69
38 47
79 14
77 26
28 88
89 74
60 58
22 70
82 77
29 47
87 33
44 35
33 92
65 45
36 13
44 65
10 48
36 68
74 40
45 41
26 23
21 58
66 49
65 29
29 31
51 52
37 30
97 57
55 67
90 86
13 99
53 37
96 29
36 29
54 37
19 51
36 74
60 67
28 85
27 42
39 97
62 76
100 43
50 62
49 20
61 57
95 36
64 78
81 10
65 22
36 21
66 20
59 73
97 78
70 82
34 93
16 96
81 67
82 62
55 12
15 49
75 79
62 62
55 89
43 49
48 64
46 39
82 75
90 92
50 61
41 29
84 43
84 76
75 33
11 62
23 19
95 83
45 15
49 99
75 74
66 67
65 52
66 62
62 52
1054
0 6
0 24
0 25
0 27
0 29
0 37
0 41
0 45
0 49
0 51
0 61
0 64
0 74
0 80
0 88
1 3
1 6
1 8
1 10
1 11
1 14
1 15
1 17
1 18
1 22
1 23
1 27
1 31
1 39
1 43
1 44
1 45
1 46
1 52
1 59
1 61
1 70
1 80
1 87
1 91
1 93
2 7
2 8
2 11
2 13
2 16
2 24
2 39
2 42
2 45
2 48
2 57
2 58
2 59
2 64
2 65
2 69
2 71
2 81
2 87
2 88
2 92
2 94
3 22
3 24
3 25
3 26
3 29
3 32
3 42
3 51
3 56
3 57
3 58
3 60
3 70
3 71
3 78
3 88
3 92
3 95
3 99
4 15
4 20
4 22
4 24
4 26
4 36
4 41
4 43
4 46
4 48
4 50
4 56
4 61
4 67
4 72
4 74
4 79
4 80
4 87
4 90
4 92
4 99
5 7
5 8
5 10
5 11
5 13
5 14
5 22
5 23
5 29
5 32
5 37
5 39
5 41
5 44
5 50
5 58
5 60
5 66
5 67
5 85
5 98
6 11
6 16
6 17
6 18
6 19
6 21
6 26
6 28
6 42
6 44
6 46
6 47
6 50
6 58
6 59
6 63
6 64
6 69
6 71
6 76
6 77
6 82
6 86
6 91
6 93
6 99
7 28
7 32
7 33
7 39
7 40
7 45
7 47
7 48
7 60
7 86
8 23
8 35
8 36
8 38
8 40
8 43
8 46
8 51
8 53
8 62
8 63
8 64
8 74
8 78
8 85
8 87
9 10
9 11
9 20
9 25
9 31
9 34
9 35
9 39
9 40
9 42
9 47
9 50
9 55
9 63
9 64
9 69
9 70
9 74
9 95
9 96
9 97
10 20
10 23
10 24
10 27
10 31
10 35
10 39
10 40
10 43
10 45
10 46
10 47
10 49
10 51
10 63
10 72
10 75
10 76
10 77
10 80
10 81
10 82
10 87
10 91
11 18
11 19
11 20
11 30
11 31
11 37
11 38
11 39
11 41
11 45
11 46
11 47
11 50
11 57
11 59
11 61
11 66
11 68
11 70
11 78
11 80
11 82
11 84
11 85
11 92
11 93
11 96
11 98
11 99
12 16
12 18
12 21
12 22
12 23
12 24
12 25
12 26
12 33
12 34
12 39
12 42
12 45
12 46
12 53
12 58
12 64
12 76
12 78
12 81
12 83
12 95
12 96
13 24
13 27
13 28
13 30
13 33
13 49
13 53
13 64
13 65
13 74
13 83
13 85
13 89
13 91
13 92
13 93
13 94
13 98
13 99
14 18
14 21
14 23
14 24
14 26
14 29
14 36
14 45
14 48
14 49
14 53
14 57
14 64
14 65
14 69
14 70
14 80
14 81
14 84
14 89
14 96
15 16
15 21
15 23
15 25
15 34
15 36
15 56
15 66
15 68
15 72
15 73
15 77
15 85
16 17
16 19
16 25
16 32
16 34
16 38
16 40
16 47
16 49
16 50
16 54
16 58
16 63
16 67
16 68
16 77
16 78
16 80
16 82
16 89
16 96
16 98
17 27
17 43
17 48
17 59
17 64
17 66
17 84
17 85
17 86
17 94
18 25
18 35
18 42
18 51
18 61
18 75
18 76
18 77
18 78
18 83
18 89
18 92
19 38
19 40
19 53
19 54
19 58
19 61
19 62
19 66
19 69
19 70
19 74
19 78
19 79
19 84
19 93
20 27
20 33
20 41
20 42
20 51
20 72
20 79
20 87
20 89
20 91
20 93
20 94
21 23
21 25
21 26
21 35
21 37
21 40
21 64
21 67
21 69
21 71
21 79
21 84
21 90
21 94
21 99
22 24
22 25
22 27
22 29
22 32
22 36
22 68
22 70
22 80
22 82
22 87
22 88
22 90
22 92
22 95
23 26
23 30
23 40
23 51
23 53
23 54
23 56
23 58
23 59
23 63
23 64
23 75
23 78
23 85
23 87
23 90
23 92
24 25
24 28
24 35
24 39
24 41
24 56
24 59
24 66
24 70
24 73
24 76
24 77
24 82
24 84
24 85
24 93
25 27
25 34
25 38
25 45
25 48
25 60
25 66
25 75
25 81
25 92
25 97
26 37
26 39
26 40
26 55
26 61
26 62
26 64
26 66
26 68
26 74
26 80
26 82
26 89
27 31
27 39
27 42
27 44
27 46
27 53
27 61
27 65
27 66
27 74
27 79
27 88
27 96
28 32
28 35
28 47
28 50
28 51
28 56
28 60
28 69
28 71
28 74
28 75
28 80
28 83
28 86
28 89
28 90
28 99
29 35
29 40
29 46
29 48
29 50
29 55
29 64
29 69
29 71
29 73
29 74
29 77
29 84
29 86
29 87
30 34
30 41
30 44
30 45
30 58
30 61
30 70
30 75
30 78
30 81
30 88
30 90
30 93
30 95
30 97
31 34
31 35
31 41
31 50
31 53
31 57
31 60
31 67
31 76
31 86
31 91
31 94
31 95
32 38
32 45
32 46
32 48
32 50
32 51
32 52
32 57
32 59
32 69
32 76
32 85
32 87
32 90
33 37
33 42
33 43
33 45
33 46
33 50
33 56
33 62
33 67
33 70
33 73
33 77
33 83
33 86
33 90
33 97
34 36
34 38
34 41
34 44
34 47
34 58
34 69
34 76
34 84
34 87
34 89
34 90
34 92
34 93
34 97
35 38
35 49
35 50
35 51
35 54
35 55
35 59
35 71
35 72
35 80
35 82
35 84
35 96
36 37
36 42
36 44
36 49
36 51
36 54
36 65
36 70
36 72
36 74
36 75
36 76
36 79
36 90
37 42
37 44
37 47
37 48
37 61
37 64
37 68
37 70
37 71
37 72
37 74
37 79
37 82
37 85
37 87
37 91
37 92
37 93
38 47
38 50
38 60
38 61
38 62
38 69
38 72
38 75
38 77
38 78
38 88
38 89
38 93
38 99
39 47
39 48
39 49
39 52
39 56
39 59
39 63
39 64
39 67
39 76
39 78
40 41
40 48
40 52
40 57
40 59
40 61
40 63
40 67
40 70
40 71
40 72
40 76
40 80
40 81
40 88
40 93
40 95
41 47
41 53
41 55
41 67
41 73
41 75
41 76
41 78
41 91
41 95
42 58
42 62
42 65
42 67
42 73
43 44
43 45
43 61
43 64
43 69
43 75
43 77
43 80
43 93
43 99
44 49
44 51
44 56
44 63
44 64
44 65
44 67
44 68
44 70
44 76
44 77
44 78
44 79
44 82
44 83
44 90
44 97
44 98
44 99
45 47
45 52
45 57
45 61
45 62
45 63
45 66
45 67
45 68
45 73
45 78
45 83
45 85
45 92
45 97
46 49
46 51
46 53
46 59
46 71
46 82
46 84
46 86
46 87
46 88
46 91
46 92
46 94
47 67
47 69
47 70
47 71
47 78
47 83
47 91
47 96
47 97
48 55
48 60
48 61
48 62
48 65
48 72
48 75
48 76
48 77
48 84
48 86
48 93
48 98
49 52
49 55
49 63
49 64
49 72
49 74
49 76
49 82
49 87
50 57
50 72
50 82
50 83
50 86
50 87
50 89
50 94
50 95
50 97
51 52
51 63
51 65
51 69
51 72
51 81
51 84
51 86
51 92
51 94
51 97
51 98
52 54
52 64
52 68
52 73
52 90
52 91
52 94
52 95
52 96
53 59
53 61
53 68
53 69
53 75
53 79
53 83
53 90
53 92
53 94
54 55
54 64
54 77
54 78
54 80
54 99
55 57
55 60
55 67
55 73
55 77
55 81
55 85
56 57
56 63
56 66
56 68
56 69
56 72
56 94
57 59
57 63
57 74
57 80
57 89
57 97
58 61
58 71
58 75
58 76
58 77
58 81
58 82
58 88
58 89
58 93
58 96
59 61
59 67
59 71
59 73
59 77
59 80
59 84
59 91
60 64
60 67
60 68
60 74
60 77
60 82
60 92
60 93
60 97
61 62
61 69
61 70
61 71
61 77
61 78
61 80
61 81
61 93
61 95
61 98
62 65
62 71
62 73
62 76
62 79
62 83
62 84
62 89
62 90
62 91
62 92
62 93
62 95
63 68
63 69
63 74
63 80
63 93
64 66
64 69
64 70
64 74
64 76
64 78
64 79
64 89
64 91
64 94
64 95
64 96
65 73
65 75
65 78
65 82
65 84
65 88
65 89
65 90
65 93
66 68
66 77
66 81
66 86
66 98
67 68
67 69
67 72
67 86
67 88
67 89
67 91
67 95
67 98
68 73
68 81
68 88
68 94
68 98
69 81
69 86
69 93
69 97
69 99
70 75
70 82
70 93
70 98
71 78
71 80
71 85
71 94
72 75
72 78
72 91
72 93
72 97
72 98
72 99
73 78
73 86
74 76
74 80
74 82
74 89
75 76
75 77
75 90
75 93
75 95
75 99
76 77
76 79
76 83
76 88
76 99
77 81
77 86
77 89
77 95
78 79
78 82
78 85
78 87
78 89
78 92
78 99
79 82
79 83
79 84
79 87
79 98
80 85
80 89
80 92
80 95
80 96
81 84
81 88
81 89
81 96
81 97
81 99
82 83
82 85
82 86
82 91
82 93
82 94
82 96
82 97
83 91
84 86
84 95
85 89
85 90
85 95
86 88
86 89
86 96
86 99
87 88
87 91
87 92
87 94
87 97
88 91
88 99
89 90
89 95
89 97
91 94
91 95
92 97
92 99
93 96
