150 4315
98 38
64 52
39 82
99 56
63 71
32 62
100 98
21 54
45 44
27 30
24 11
33 68
83 77
74 22
24 37
23 45
29 85
73 70
48 58
86 22
23 82
80 43
59 11
41 96
62 95
78 11
76 39
85 17
98 80
17 27
13 51
97 59
94 83
68 46
30 89
89 58
58 86
99 98
13 56
43 20
67 65
67 65
50 90
84 48
18 86
71 18
35 86
21 61
80 14
69 31
45 58
42 23
76 53
28 77
96 87
36 32
45 79
87 99
64 33
72 94
40 13
79 89
91 11
60 11
63 97
16 77
64 55
82 94
21 94
12 93
17 59
30 45
42 89
23 53
71 72
59 17
15 95
30 76
94 64
28 43
23 62
56 79
85 60
65 89
94 91
85 50
51 22
67 13
86 71
15 76
31 55
46 20
61 92
53 38
95 37
99 67
88 37
88 96
75 23
87 60
76 69
32 70
62 56
40 22
60 13
35 37
53 66
27 53
55 72
53 99
73 28
21 98
85 14
11 24
23 81
86 24
53 78
51 79
56 86
37 24
83 76
28 82
81 12
54 18
73 31
92 97
42 80
26 60
46 10
88 17
98 63
50 48
75 40
93 93
38 12
95 82
24 70
34 90
99 31
45 73
85 79
83 13
96 23
48 74
58 94
75 94
92 47
84 76
53 63
35 77
4483
0 2
0 10
0 11
0 13
0 14
0 15
0 16
0 17
0 20
0 23
0 26
0 29
0 30
0 31
0 33
0 34
0 36
0 38
0 40
0 49
0 53
0 55
0 56
0 60
0 62
0 67
0 71
0 72
0 75
0 76
0 79
0 81
0 82
0 83
0 84
0 86
0 87
0 94
0 95
0 97
0 98
0 99
0 103
0 104
0 106
0 107
0 108
0 109
0 111
0 112
0 114
0 118
0 122
0 128
0 130
0 132
0 138
0 139
0 142
0 147
1 2
1 3
1 4
1 5
1 7
1 8
1 13
1 15
1 17
1 23
1 24
1 27
1 31
1 32
1 35
1 37
1 42
1 50
1 51
1 52
1 60
1 65
1 66
1 67
1 74
1 77
1 85
1 86
1 87
1 88
1 90
1 96
1 102
1 104
1 105
1 107
1 108
1 110
1 111
1 112
1 116
1 118
1 123
1 124
1 125
1 128
1 130
1 131
1 133
1 136
1 137
1 140
1 145
1 146
1 149
2 8
2 9
2 10
2 12
2 13
2 20
2 22
2 26
2 28
2 30
2 31
2 32
2 34
2 35
2 37
2 41
2 43
2 46
2 50
2 53
2 54
2 58
2 59
2 61
2 64
2 65
2 67
2 68
2 72
2 73
2 74
2 75
2 77
2 81
2 83
2 86
2 87
2 89
2 92
2 94
2 95
2 96
2 97
2 98
2 99
2 101
2 103
2 106
2 107
2 108
2 110
2 111
2 113
2 114
2 115
2 117
2 118
2 121
2 124
2 127
2 130
2 131
2 132
2 133
2 134
2 135
2 139
2 141
2 142
2 147
3 4
3 14
3 15
3 20
3 24
3 25
3 32
3 36
3 37
3 38
3 40
3 44
3 48
3 51
3 52
3 53
3 54
3 61
3 62
3 65
3 68
3 70
3 71
3 72
3 80
3 82
3 87
3 88
3 90
3 92
3 94
3 97
3 98
3 100
3 102
3 104
3 105
3 111
3 112
3 113
3 114
3 118
3 120
3 121
3 122
3 125
3 129
3 130
3 131
3 132
3 135
3 136
3 137
3 138
3 139
3 142
3 145
3 146
4 5
4 10
4 11
4 12
4 14
4 15
4 17
4 20
4 22
4 23
4 24
4 29
4 31
4 35
4 36
4 37
4 38
4 40
4 45
4 48
4 49
4 50
4 56
4 57
4 60
4 61
4 63
4 65
4 67
4 72
4 75
4 80
4 82
4 84
4 85
4 86
4 87
4 89
4 96
4 97
4 99
4 101
4 103
4 106
4 108
4 110
4 112
4 113
4 117
4 118
4 119
4 120
4 125
4 133
4 135
4 139
4 140
4 142
5 7
5 14
5 19
5 20
5 21
5 23
5 24
5 26
5 27
5 30
5 31
5 34
5 40
5 42
5 45
5 46
5 48
5 49
5 50
5 51
5 53
5 56
5 60
5 64
5 66
5 68
5 69
5 71
5 72
5 73
5 74
5 86
5 90
5 93
5 94
5 98
5 99
5 100
5 103
5 105
5 109
5 110
5 114
5 119
5 122
5 124
5 125
5 127
5 130
5 131
5 132
5 133
5 135
5 136
5 139
5 140
5 144
5 148
6 7
6 8
6 10
6 11
6 13
6 16
6 17
6 19
6 20
6 23
6 26
6 27
6 28
6 29
6 31
6 37
6 41
6 46
6 47
6 48
6 50
6 52
6 53
6 55
6 57
6 58
6 61
6 65
6 66
6 68
6 69
6 72
6 73
6 75
6 77
6 80
6 81
6 87
6 89
6 91
6 96
6 98
6 100
6 101
6 102
6 103
6 104
6 106
6 107
6 109
6 118
6 119
6 121
6 124
6 126
6 128
6 130
6 133
6 135
6 139
6 140
6 148
7 10
7 11
7 12
7 16
7 17
7 22
7 24
7 26
7 30
7 33
7 35
7 39
7 46
7 49
7 50
7 53
7 55
7 56
7 59
7 63
7 65
7 69
7 71
7 74
7 77
7 80
7 84
7 91
7 98
7 100
7 101
7 102
7 105
7 106
7 107
7 108
7 109
7 114
7 115
7 120
7 122
7 124
7 125
7 133
7 136
7 138
7 140
7 141
7 144
7 145
7 148
8 10
8 11
8 15
8 16
8 17
8 20
8 21
8 22
8 24
8 25
8 27
8 28
8 30
8 34
8 36
8 37
8 38
8 47
8 50
8 53
8 60
8 62
8 63
8 65
8 66
8 68
8 69
8 71
8 76
8 77
8 78
8 81
8 82
8 86
8 87
8 88
8 90
8 95
8 101
8 103
8 104
8 106
8 110
8 111
8 112
8 114
8 115
8 116
8 117
8 119
8 120
8 121
8 122
8 123
8 127
8 128
8 130
8 138
8 140
8 144
8 147
8 148
9 10
9 13
9 15
9 16
9 19
9 22
9 25
9 28
9 32
9 46
9 47
9 49
9 58
9 59
9 60
9 61
9 62
9 68
9 70
9 72
9 73
9 76
9 78
9 80
9 82
9 83
9 84
9 85
9 87
9 88
9 89
9 92
9 95
9 96
9 98
9 103
9 104
9 108
9 109
9 111
9 113
9 123
9 125
9 126
9 127
9 130
9 131
9 136
9 137
9 147
10 11
10 18
10 19
10 20
10 23
10 24
10 25
10 28
10 32
10 34
10 35
10 36
10 38
10 41
10 49
10 50
10 62
10 65
10 67
10 70
10 71
10 73
10 77
10 79
10 80
10 83
10 85
10 86
10 87
10 91
10 94
10 97
10 103
10 104
10 106
10 107
10 110
10 111
10 112
10 113
10 122
10 126
10 127
10 128
10 129
10 130
10 131
10 137
10 138
10 143
10 144
10 145
11 12
11 13
11 17
11 18
11 24
11 39
11 42
11 43
11 46
11 50
11 52
11 55
11 56
11 58
11 59
11 60
11 61
11 62
11 64
11 68
11 69
11 71
11 74
11 75
11 76
11 78
11 80
11 82
11 86
11 87
11 89
11 90
11 91
11 93
11 96
11 104
11 105
11 106
11 107
11 108
11 109
11 111
11 112
11 114
11 115
11 116
11 117
11 119
11 121
11 122
11 123
11 124
11 126
11 128
11 129
11 130
11 132
11 134
11 135
11 137
11 139
11 140
11 144
11 145
11 149
12 13
12 15
12 17
12 18
12 19
12 22
12 23
12 25
12 29
12 30
12 31
12 33
12 34
12 38
12 40
12 44
12 46
12 48
12 55
12 57
12 58
12 66
12 67
12 68
12 70
12 71
12 75
12 77
12 80
12 81
12 84
12 88
12 89
12 90
12 91
12 95
12 97
12 98
12 100
12 104
12 107
12 109
12 110
12 111
12 116
12 118
12 126
12 131
12 132
12 135
12 140
12 145
13 16
13 18
13 19
13 20
13 21
13 23
13 24
13 25
13 27
13 30
13 33
13 34
13 35
13 36
13 38
13 39
13 40
13 46
13 57
13 60
13 62
13 69
13 70
13 71
13 81
13 82
13 86
13 88
13 89
13 91
13 93
13 95
13 98
13 99
13 101
13 108
13 111
13 113
13 115
13 118
13 119
13 120
13 121
13 125
13 127
13 131
13 132
13 133
13 136
13 139
13 141
13 143
13 148
14 20
14 21
14 23
14 24
14 25
14 26
14 27
14 28
14 31
14 33
14 34
14 35
14 36
14 37
14 38
14 40
14 41
14 47
14 52
14 53
14 55
14 56
14 57
14 58
14 60
14 61
14 62
14 65
14 66
14 69
14 72
14 73
14 80
14 81
14 82
14 90
14 91
14 92
14 93
14 96
14 101
14 102
14 107
14 110
14 111
14 115
14 118
14 119
14 123
14 124
14 126
14 128
14 134
14 136
14 137
14 139
14 141
14 143
14 144
14 145
14 146
14 147
14 148
14 149
15 16
15 17
15 19
15 21
15 22
15 25
15 26
15 30
15 34
15 37
15 39
15 40
15 41
15 42
15 52
15 55
15 57
15 59
15 61
15 65
15 66
15 68
15 69
15 70
15 73
15 74
15 75
15 77
15 79
15 81
15 88
15 89
15 90
15 92
15 99
15 102
15 106
15 107
15 109
15 111
15 114
15 117
15 118
15 120
15 122
15 124
15 126
15 128
15 131
15 132
15 134
15 136
15 139
15 140
15 141
15 142
15 145
15 148
15 149
16 17
16 18
16 19
16 20
16 22
16 23
16 24
16 27
16 29
16 31
16 32
16 34
16 36
16 39
16 40
16 41
16 43
16 44
16 46
16 48
16 51
16 52
16 53
16 54
16 58
16 62
16 64
16 70
16 71
16 72
16 76
16 78
16 81
16 82
16 84
16 85
16 89
16 90
16 92
16 95
16 98
16 108
16 109
16 111
16 114
16 115
16 118
16 125
16 126
16 128
16 130
16 131
16 132
16 134
16 141
16 148
16 149
17 18
17 19
17 22
17 26
17 28
17 35
17 36
17 37
17 38
17 39
17 42
17 45
17 47
17 48
17 52
17 57
17 58
17 61
17 63
17 67
17 68
17 69
17 70
17 71
17 76
17 80
17 82
17 83
17 89
17 90
17 97
17 100
17 106
17 107
17 108
17 111
17 115
17 123
17 126
17 127
17 130
17 134
17 135
17 136
17 137
17 138
17 139
17 147
17 148
17 149
18 22
18 26
18 27
18 28
18 35
18 36
18 41
18 45
18 47
18 48
18 50
18 60
18 64
18 77
18 79
18 81
18 86
18 89
18 92
18 94
18 95
18 105
18 106
18 107
18 108
18 112
18 113
18 114
18 115
18 116
18 117
18 118
18 120
18 122
18 125
18 129
18 131
18 134
18 135
18 141
18 145
18 147
19 27
19 28
19 35
19 38
19 39
19 40
19 41
19 42
19 43
19 44
19 49
19 53
19 59
19 62
19 69
19 73
19 74
19 75
19 76
19 78
19 81
19 82
19 85
19 86
19 88
19 89
19 90
19 93
19 95
19 96
19 98
19 102
19 103
19 104
19 105
19 106
19 108
19 109
19 113
19 117
19 119
19 121
19 122
19 123
19 125
19 130
19 136
19 137
19 138
19 143
19 144
19 146
19 148
20 23
20 25
20 26
20 29
20 33
20 34
20 35
20 39
20 41
20 42
20 45
20 46
20 49
20 51
20 53
20 55
20 56
20 59
20 61
20 63
20 64
20 71
20 72
20 73
20 79
20 81
20 85
20 86
20 89
20 92
20 95
20 101
20 108
20 109
20 111
20 114
20 116
20 118
20 120
20 126
20 128
20 132
20 135
20 136
20 140
20 144
20 145
20 148
21 30
21 31
21 34
21 36
21 37
21 38
21 41
21 43
21 46
21 48
21 50
21 52
21 53
21 55
21 57
21 58
21 62
21 64
21 66
21 69
21 74
21 75
21 76
21 82
21 86
21 90
21 91
21 93
21 94
21 96
21 98
21 99
21 101
21 102
21 106
21 107
21 108
21 114
21 115
21 116
21 118
21 119
21 120
21 121
21 122
21 124
21 125
21 126
21 127
21 129
21 130
21 131
21 133
21 135
21 137
21 143
21 146
22 27
22 33
22 43
22 45
22 47
22 48
22 55
22 57
22 61
22 63
22 64
22 65
22 69
22 70
22 71
22 73
22 75
22 80
22 81
22 83
22 86
22 91
22 93
22 98
22 99
22 100
22 102
22 105
22 106
22 107
22 108
22 109
22 110
22 114
22 115
22 116
22 118
22 119
22 122
22 124
22 127
22 128
22 129
22 132
22 134
22 136
22 137
22 146
23 26
23 31
23 34
23 36
23 42
23 43
23 46
23 50
23 51
23 52
23 53
23 56
23 60
23 61
23 62
23 66
23 69
23 72
23 74
23 75
23 78
23 80
23 81
23 83
23 84
23 87
23 90
23 92
23 94
23 96
23 98
23 99
23 101
23 102
23 107
23 110
23 114
23 120
23 122
23 123
23 125
23 129
23 130
23 132
23 135
23 136
23 138
23 139
23 143
23 147
24 29
24 33
24 34
24 37
24 38
24 41
24 51
24 52
24 53
24 54
24 57
24 59
24 67
24 68
24 71
24 72
24 73
24 75
24 76
24 79
24 83
24 84
24 85
24 89
24 93
24 94
24 96
24 98
24 102
24 107
24 108
24 117
24 118
24 119
24 120
24 121
24 124
24 127
24 129
24 135
24 141
24 142
24 143
24 148
24 149
25 35
25 36
25 37
25 40
25 41
25 43
25 47
25 48
25 49
25 50
25 52
25 53
25 58
25 59
25 60
25 71
25 72
25 74
25 75
25 83
25 84
25 85
25 86
25 87
25 91
25 92
25 96
25 97
25 99
25 101
25 102
25 103
25 104
25 106
25 107
25 108
25 110
25 111
25 112
25 116
25 120
25 124
25 125
25 128
25 130
25 131
25 133
25 135
25 137
25 138
25 140
25 141
25 142
25 143
25 144
25 145
25 149
26 28
26 32
26 33
26 34
26 39
26 40
26 42
26 44
26 50
26 53
26 54
26 56
26 58
26 63
26 66
26 67
26 69
26 70
26 71
26 72
26 73
26 79
26 81
26 87
26 90
26 91
26 94
26 96
26 97
26 99
26 108
26 110
26 114
26 116
26 117
26 118
26 121
26 129
26 133
26 135
26 138
26 139
26 140
26 144
26 147
26 148
27 28
27 29
27 30
27 33
27 37
27 39
27 47
27 49
27 59
27 60
27 61
27 65
27 66
27 67
27 68
27 70
27 74
27 76
27 78
27 79
27 84
27 85
27 87
27 88
27 92
27 96
27 107
27 109
27 112
27 117
27 119
27 120
27 122
27 123
27 124
27 128
27 133
27 135
27 136
27 137
27 141
27 142
27 147
27 148
28 29
28 31
28 33
28 35
28 37
28 43
28 45
28 48
28 51
28 53
28 55
28 57
28 58
28 62
28 65
28 66
28 67
28 68
28 74
28 76
28 78
28 85
28 86
28 87
28 91
28 93
28 94
28 105
28 107
28 108
28 111
28 113
28 114
28 117
28 121
28 127
28 129
28 130
28 131
28 139
28 146
28 147
28 148
29 32
29 33
29 38
29 40
29 42
29 43
29 44
29 46
29 47
29 48
29 49
29 55
29 58
29 59
29 61
29 63
29 64
29 68
29 72
29 75
29 79
29 80
29 84
29 85
29 87
29 89
29 95
29 96
29 97
29 98
29 101
29 104
29 106
29 107
29 111
29 113
29 115
29 118
29 119
29 123
29 125
29 130
29 136
29 139
29 140
29 141
29 144
29 145
29 146
29 148
29 149
30 31
30 32
30 33
30 36
30 38
30 39
30 40
30 44
30 52
30 54
30 56
30 58
30 60
30 61
30 63
30 67
30 68
30 69
30 71
30 73
30 76
30 86
30 87
30 91
30 94
30 98
30 105
30 109
30 110
30 111
30 113
30 114
30 115
30 116
30 118
30 120
30 126
30 130
30 131
30 133
30 136
30 138
30 139
30 140
30 141
30 144
30 146
30 148
30 149
31 33
31 35
31 36
31 38
31 39
31 44
31 47
31 49
31 50
31 54
31 55
31 57
31 59
31 64
31 67
31 70
31 73
31 75
31 77
31 79
31 80
31 87
31 89
31 97
31 100
31 101
31 103
31 104
31 105
31 109
31 112
31 113
31 115
31 117
31 118
31 119
31 122
31 130
31 131
31 140
31 141
31 144
31 145
31 148
31 149
32 35
32 37
32 50
32 53
32 59
32 62
32 63
32 68
32 69
32 74
32 76
32 77
32 80
32 82
32 84
32 86
32 87
32 89
32 96
32 98
32 107
32 110
32 117
32 119
32 120
32 121
32 123
32 132
32 133
32 134
32 136
32 137
32 139
32 143
32 145
32 146
32 148
32 149
33 38
33 43
33 47
33 48
33 52
33 57
33 59
33 62
33 66
33 69
33 70
33 71
33 74
33 76
33 77
33 78
33 79
33 80
33 82
33 86
33 87
33 93
33 95
33 98
33 100
33 104
33 109
33 110
33 113
33 114
33 118
33 121
33 124
33 127
33 133
33 135
33 142
33 143
33 145
33 146
33 147
33 149
34 35
34 36
34 37
34 42
34 45
34 46
34 48
34 49
34 53
34 56
34 57
34 58
34 59
34 61
34 64
34 65
34 66
34 67
34 69
34 70
34 73
34 76
34 78
34 79
34 82
34 83
34 85
34 87
34 90
34 95
34 96
34 99
34 100
34 102
34 105
34 106
34 107
34 112
34 116
34 118
34 121
34 123
34 127
34 129
34 131
34 132
34 133
34 136
34 137
34 139
34 141
34 143
34 144
34 146
35 39
35 40
35 42
35 43
35 45
35 50
35 53
35 54
35 58
35 59
35 60
35 62
35 65
35 66
35 68
35 70
35 71
35 73
35 74
35 77
35 78
35 82
35 86
35 88
35 89
35 90
35 92
35 93
35 96
35 98
35 99
35 100
35 103
35 104
35 105
35 108
35 110
35 113
35 115
35 120
35 125
35 129
35 131
35 132
35 133
35 134
35 137
35 139
35 145
36 37
36 38
36 39
36 40
36 43
36 45
36 46
36 48
36 49
36 52
36 57
36 59
36 73
36 74
36 75
36 77
36 79
36 80
36 83
36 88
36 91
36 93
36 97
36 98
36 99
36 100
36 104
36 105
36 107
36 109
36 111
36 112
36 113
36 116
36 117
36 122
36 124
36 125
36 127
36 128
36 129
36 133
36 139
36 142
36 149
37 40
37 44
37 49
37 54
37 55
37 57
37 59
37 60
37 61
37 62
37 64
37 65
37 68
37 70
37 72
37 76
37 77
37 80
37 82
37 83
37 84
37 85
37 86
37 87
37 88
37 93
37 97
37 98
37 100
37 104
37 105
37 109
37 110
37 111
37 112
37 113
37 114
37 116
37 119
37 120
37 121
37 123
37 125
37 127
37 129
37 130
37 131
37 132
37 133
37 135
37 136
37 137
37 142
37 146
37 148
38 40
38 42
38 47
38 52
38 53
38 54
38 57
38 58
38 64
38 65
38 74
38 75
38 76
38 78
38 81
38 82
38 88
38 89
38 91
38 93
38 94
38 96
38 97
38 99
38 100
38 103
38 104
38 105
38 113
38 116
38 125
38 126
38 131
38 134
38 135
38 138
38 140
38 141
38 142
38 145
38 146
38 147
39 40
39 43
39 45
39 46
39 48
39 55
39 57
39 63
39 65
39 66
39 68
39 71
39 75
39 77
39 78
39 81
39 83
39 84
39 89
39 91
39 92
39 94
39 97
39 99
39 101
39 102
39 105
39 107
39 109
39 110
39 112
39 114
39 115
39 116
39 117
39 118
39 119
39 120
39 121
39 122
39 123
39 124
39 126
39 132
39 134
39 135
39 136
39 138
39 140
39 144
39 145
40 41
40 43
40 44
40 45
40 46
40 47
40 49
40 53
40 54
40 55
40 57
40 58
40 62
40 68
40 72
40 74
40 75
40 76
40 84
40 88
40 89
40 91
40 92
40 95
40 98
40 102
40 104
40 111
40 112
40 114
40 118
40 119
40 124
40 127
40 128
40 129
40 131
40 134
40 138
40 141
40 142
40 144
40 147
40 148
41 46
41 47
41 48
41 53
41 56
41 61
41 66
41 67
41 71
41 75
41 76
41 79
41 80
41 81
41 82
41 84
41 87
41 89
41 91
41 96
41 102
41 107
41 108
41 109
41 110
41 114
41 118
41 119
41 121
41 129
41 130
41 131
41 132
41 135
41 137
41 143
41 146
41 147
41 149
42 44
42 46
42 48
42 49
42 52
42 53
42 54
42 56
42 57
42 60
42 61
42 62
42 64
42 69
42 72
42 76
42 77
42 79
42 80
42 81
42 82
42 88
42 93
42 96
42 97
42 98
42 99
42 100
42 103
42 105
42 106
42 107
42 108
42 112
42 114
42 115
42 118
42 119
42 120
42 121
42 122
42 123
42 126
42 127
42 128
42 129
42 130
42 135
42 140
42 144
42 146
42 147
42 148
42 149
43 44
43 45
43 50
43 52
43 53
43 55
43 57
43 59
43 63
43 66
43 70
43 78
43 81
43 82
43 86
43 87
43 88
43 93
43 94
43 95
43 96
43 99
43 101
43 102
43 105
43 108
43 110
43 111
43 114
43 116
43 117
43 121
43 122
43 126
43 127
43 129
43 132
43 136
43 139
43 140
43 144
43 145
43 146
44 46
44 48
44 50
44 51
44 56
44 59
44 60
44 61
44 62
44 63
44 68
44 70
44 71
44 72
44 75
44 77
44 80
44 87
44 89
44 90
44 94
44 96
44 99
44 102
44 103
44 104
44 105
44 112
44 113
44 115
44 117
44 120
44 121
44 123
44 125
44 126
44 128
44 130
44 134
44 135
44 136
44 138
44 142
44 145
44 149
45 46
45 48
45 50
45 51
45 58
45 61
45 64
45 66
45 69
45 72
45 73
45 80
45 84
45 85
45 87
45 89
45 90
45 92
45 99
45 100
45 102
45 111
45 113
45 114
45 115
45 116
45 118
45 119
45 124
45 126
45 128
45 137
45 138
45 141
45 142
45 147
45 148
45 149
46 47
46 49
46 50
46 58
46 67
46 69
46 71
46 74
46 78
46 79
46 85
46 92
46 93
46 95
46 98
46 99
46 100
46 104
46 105
46 108
46 109
46 111
46 116
46 120
46 121
46 124
46 125
46 129
46 131
46 139
46 140
46 141
46 143
46 145
46 147
46 148
46 149
47 48
47 51
47 57
47 59
47 60
47 61
47 63
47 65
47 68
47 74
47 80
47 81
47 83
47 84
47 88
47 90
47 97
47 99
47 101
47 102
47 105
47 106
47 108
47 109
47 110
47 112
47 118
47 119
47 126
47 129
47 131
47 138
48 53
48 59
48 60
48 62
48 63
48 64
48 68
48 73
48 74
48 75
48 80
48 85
48 89
48 90
48 95
48 97
48 101
48 102
48 103
48 107
48 108
48 110
48 111
48 113
48 114
48 116
48 117
48 119
48 120
48 121
48 122
48 123
48 130
48 131
48 135
48 137
48 140
48 141
48 145
48 148
49 50
49 53
49 55
49 58
49 60
49 63
49 66
49 67
49 71
49 72
49 75
49 81
49 93
49 94
49 97
49 102
49 110
49 111
49 112
49 114
49 118
49 121
49 123
49 133
49 141
49 142
49 144
50 56
50 59
50 60
50 63
50 64
50 67
50 68
50 69
50 71
50 72
50 73
50 76
50 77
50 78
50 83
50 85
50 86
50 88
50 89
50 93
50 94
50 95
50 96
50 97
50 98
50 100
50 101
50 102
50 103
50 104
50 106
50 111
50 113
50 114
50 115
50 117
50 121
50 127
50 129
50 134
50 136
50 138
50 140
50 143
50 144
50 147
51 57
51 58
51 59
51 62
51 64
51 67
51 69
51 71
51 74
51 76
51 81
51 83
51 85
51 87
51 88
51 89
51 90
51 91
51 95
51 96
51 99
51 101
51 102
51 103
51 105
51 106
51 107
51 109
51 111
51 112
51 114
51 118
51 120
51 121
51 125
51 126
51 131
51 137
51 138
51 142
51 144
51 145
51 146
51 147
52 53
52 54
52 56
52 57
52 58
52 59
52 63
52 64
52 66
52 68
52 71
52 72
52 75
52 76
52 77
52 79
52 81
52 82
52 83
52 84
52 86
52 88
52 90
52 92
52 93
52 94
52 97
52 98
52 102
52 107
52 108
52 109
52 111
52 114
52 117
52 118
52 119
52 122
52 124
52 125
52 128
52 131
52 132
52 136
52 142
52 145
52 147
52 149
53 55
53 58
53 61
53 64
53 68
53 69
53 70
53 72
53 73
53 77
53 78
53 79
53 81
53 84
53 85
53 86
53 89
53 92
53 94
53 102
53 103
53 104
53 108
53 109
53 110
53 111
53 112
53 117
53 121
53 122
53 126
53 128
53 129
53 132
53 134
53 139
53 140
53 144
53 149
54 55
54 58
54 65
54 66
54 68
54 71
54 72
54 75
54 77
54 78
54 82
54 84
54 87
54 88
54 89
54 90
54 94
54 95
54 96
54 97
54 101
54 105
54 107
54 113
54 114
54 116
54 117
54 118
54 122
54 124
54 131
54 135
54 140
54 143
54 144
54 145
54 146
54 148
54 149
55 56
55 57
55 58
55 62
55 63
55 66
55 67
55 68
55 73
55 80
55 81
55 82
55 83
55 87
55 88
55 91
55 93
55 96
55 97
55 98
55 99
55 100
55 102
55 105
55 108
55 109
55 110
55 114
55 115
55 121
55 124
55 125
55 130
55 131
55 133
55 134
55 137
55 140
55 143
55 147
55 149
56 59
56 61
56 64
56 65
56 66
56 67
56 68
56 70
56 75
56 76
56 79
56 84
56 90
56 92
56 97
56 98
56 101
56 104
56 106
56 107
56 109
56 111
56 115
56 119
56 121
56 125
56 126
56 127
56 131
56 135
56 136
56 137
56 139
56 141
56 143
56 145
56 147
56 149
57 59
57 60
57 63
57 67
57 69
57 70
57 73
57 76
57 82
57 83
57 85
57 88
57 91
57 93
57 96
57 97
57 98
57 100
57 102
57 103
57 109
57 111
57 112
57 113
57 116
57 119
57 121
57 122
57 124
57 125
57 127
57 128
57 129
57 134
57 135
57 136
57 137
57 139
57 140
57 145
57 147
57 149
58 64
58 68
58 73
58 74
58 75
58 78
58 79
58 80
58 89
58 94
58 99
58 102
58 104
58 106
58 107
58 111
58 113
58 116
58 119
58 122
58 125
58 128
58 129
58 130
58 132
58 134
58 136
58 138
58 139
58 146
58 148
58 149
59 60
59 67
59 70
59 71
59 75
59 82
59 86
59 88
59 89
59 90
59 92
59 93
59 96
59 97
59 99
59 100
59 102
59 103
59 106
59 109
59 112
59 113
59 114
59 115
59 121
59 122
59 125
59 130
59 132
59 135
59 137
59 138
59 139
59 141
59 146
59 148
60 62
60 63
60 65
60 67
60 70
60 77
60 79
60 80
60 81
60 82
60 83
60 86
60 87
60 92
60 93
60 100
60 101
60 104
60 105
60 106
60 108
60 110
60 111
60 112
60 115
60 116
60 118
60 119
60 121
60 122
60 124
60 127
60 130
60 131
60 132
60 133
60 137
60 143
60 144
60 147
60 148
60 149
61 62
61 64
61 67
61 69
61 71
61 72
61 73
61 77
61 81
61 83
61 84
61 86
61 89
61 92
61 94
61 100
61 105
61 106
61 108
61 109
61 110
61 111
61 119
61 120
61 122
61 123
61 124
61 129
61 138
61 139
61 143
61 144
61 146
61 147
61 148
61 149
62 64
62 65
62 66
62 67
62 68
62 69
62 70
62 76
62 77
62 79
62 81
62 84
62 85
62 86
62 87
62 89
62 95
62 100
62 101
62 102
62 107
62 109
62 110
62 112
62 115
62 119
62 121
62 122
62 123
62 127
62 129
62 130
62 136
62 137
62 142
62 147
63 65
63 67
63 73
63 74
63 75
63 77
63 79
63 81
63 82
63 83
63 85
63 87
63 91
63 96
63 103
63 104
63 110
63 112
63 113
63 114
63 116
63 118
63 122
63 124
63 125
63 130
63 132
63 133
63 136
63 139
63 145
63 146
63 147
63 149
64 66
64 67
64 68
64 74
64 75
64 76
64 81
64 83
64 85
64 87
64 91
64 92
64 93
64 96
64 97
64 104
64 107
64 108
64 116
64 117
64 119
64 123
64 125
64 127
64 130
64 131
64 133
64 135
64 139
64 140
64 141
64 142
64 143
64 148
64 149
65 68
65 72
65 73
65 74
65 75
65 79
65 81
65 82
65 88
65 91
65 92
65 98
65 99
65 100
65 101
65 105
65 108
65 110
65 116
65 117
65 118
65 119
65 124
65 127
65 128
65 132
65 134
65 138
65 139
65 140
65 141
65 143
65 145
65 149
66 67
66 70
66 71
66 74
66 76
66 77
66 78
66 79
66 80
66 81
66 88
66 89
66 91
66 93
66 94
66 96
66 99
66 103
66 108
66 109
66 112
66 113
66 118
66 119
66 120
66 121
66 123
66 124
66 130
66 131
66 132
66 136
66 138
66 139
66 144
66 148
67 74
67 75
67 77
67 78
67 79
67 89
67 95
67 99
67 100
67 101
67 103
67 104
67 105
67 108
67 110
67 111
67 112
67 122
67 123
67 127
67 128
67 129
67 130
67 133
67 135
67 137
67 142
67 143
67 145
67 148
67 149
68 73
68 77
68 82
68 84
68 85
68 86
68 89
68 90
68 91
68 95
68 98
68 103
68 106
68 111
68 117
68 118
68 120
68 122
68 123
68 128
68 133
68 136
68 138
68 142
68 143
68 144
68 148
69 71
69 79
69 80
69 81
69 82
69 84
69 85
69 86
69 89
69 97
69 101
69 103
69 106
69 108
69 110
69 111
69 113
69 123
69 125
69 129
69 130
69 132
69 133
69 134
69 135
69 136
69 139
69 142
69 144
69 146
69 147
70 75
70 76
70 80
70 81
70 82
70 84
70 85
70 88
70 89
70 90
70 99
70 107
70 116
70 117
70 120
70 124
70 125
70 130
70 134
70 138
70 140
70 142
70 144
70 146
70 147
71 73
71 75
71 77
71 78
71 79
71 85
71 86
71 88
71 90
71 92
71 93
71 95
71 102
71 104
71 109
71 111
71 116
71 119
71 123
71 126
71 127
71 130
71 131
71 136
71 137
71 139
71 145
71 146
71 149
72 76
72 77
72 79
72 80
72 81
72 84
72 85
72 86
72 92
72 95
72 98
72 100
72 104
72 106
72 108
72 109
72 110
72 113
72 115
72 117
72 120
72 121
72 123
72 128
72 132
72 133
72 135
72 136
72 138
72 143
72 144
72 145
72 146
72 147
73 81
73 84
73 87
73 89
73 90
73 91
73 92
73 94
73 96
73 97
73 98
73 99
73 100
73 102
73 105
73 106
73 107
73 109
73 110
73 111
73 113
73 116
73 118
73 120
73 125
73 126
73 129
73 132
73 134
73 136
73 141
73 142
73 143
74 76
74 77
74 78
74 79
74 81
74 84
74 86
74 87
74 88
74 90
74 97
74 98
74 100
74 103
74 105
74 106
74 111
74 113
74 114
74 115
74 117
74 119
74 123
74 124
74 126
74 128
74 132
74 135
74 139
74 144
74 145
74 148
74 149
75 77
75 78
75 80
75 83
75 86
75 93
75 94
75 95
75 96
75 98
75 101
75 103
75 105
75 106
75 107
75 108
75 110
75 112
75 113
75 121
75 122
75 124
75 127
75 131
75 132
75 133
75 134
75 137
75 138
75 139
75 140
75 141
75 143
75 144
75 148
76 77
76 78
76 81
76 84
76 85
76 86
76 87
76 98
76 104
76 106
76 110
76 115
76 118
76 119
76 123
76 124
76 131
76 134
76 136
76 141
76 144
76 147
76 149
77 79
77 85
77 89
77 93
77 96
77 97
77 99
77 101
77 103
77 104
77 105
77 106
77 107
77 108
77 109
77 112
77 113
77 114
77 115
77 116
77 118
77 120
77 121
77 124
77 130
77 131
77 134
77 137
77 138
77 139
77 144
77 146
78 79
78 84
78 87
78 88
78 92
78 100
78 102
78 110
78 111
78 112
78 113
78 116
78 117
78 120
78 121
78 125
78 127
78 130
78 131
78 135
78 136
78 138
78 143
78 144
78 145
78 146
78 147
78 149
79 84
79 85
79 88
79 90
79 91
79 93
79 94
79 97
79 98
79 100
79 106
79 108
79 110
79 111
79 112
79 113
79 115
79 116
79 118
79 119
79 122
79 123
79 124
79 125
79 126
79 129
79 130
79 131
79 134
79 137
79 142
79 145
79 147
79 149
80 88
80 92
80 95
80 100
80 102
80 103
80 106
80 107
80 109
80 112
80 113
80 114
80 120
80 124
80 127
80 129
80 130
80 133
80 134
80 146
80 149
81 82
81 84
81 85
81 89
81 91
81 94
81 96
81 99
81 100
81 102
81 104
81 105
81 109
81 112
81 114
81 119
81 120
81 121
81 128
81 133
81 136
81 139
81 142
81 144
81 146
81 147
81 148
81 149
82 84
82 86
82 90
82 93
82 96
82 97
82 98
82 99
82 102
82 104
82 105
82 106
82 107
82 109
82 110
82 111
82 114
82 115
82 116
82 120
82 122
82 124
82 125
82 132
82 133
82 138
82 140
82 142
82 143
82 145
83 84
83 88
83 99
83 103
83 115
83 119
83 120
83 121
83 123
83 124
83 125
83 128
83 131
83 133
83 138
83 140
83 142
83 143
83 149
84 86
84 88
84 91
84 92
84 94
84 95
84 96
84 97
84 98
84 100
84 101
84 105
84 106
84 108
84 111
84 115
84 118
84 120
84 121
84 124
84 125
84 126
84 127
84 128
84 129
84 135
84 138
84 141
84 142
84 144
85 86
85 89
85 92
85 93
85 94
85 97
85 104
85 106
85 107
85 109
85 115
85 117
85 119
85 121
85 123
85 124
85 125
85 127
85 130
85 133
85 135
85 141
85 144
85 146
85 149
86 87
86 88
86 89
86 90
86 92
86 96
86 99
86 101
86 104
86 105
86 108
86 109
86 110
86 112
86 115
86 117
86 118
86 121
86 125
86 128
86 130
86 131
86 136
86 141
86 146
86 149
87 91
87 94
87 97
87 99
87 102
87 105
87 110
87 112
87 114
87 116
87 117
87 121
87 126
87 127
87 128
87 131
87 137
87 138
87 140
87 145
87 147
87 149
88 95
88 97
88 98
88 105
88 106
88 110
88 114
88 116
88 120
88 123
88 130
88 132
88 133
88 136
88 140
88 142
88 145
88 147
89 92
89 95
89 97
89 104
89 105
89 106
89 107
89 109
89 111
89 112
89 113
89 116
89 122
89 126
89 128
89 129
89 132
89 134
89 137
89 140
89 141
89 144
89 146
89 147
89 149
90 93
90 102
90 103
90 109
90 110
90 115
90 120
90 121
90 122
90 127
90 132
90 134
90 137
90 140
90 141
90 142
90 146
90 149
91 96
91 98
91 99
91 100
91 101
91 102
91 106
91 112
91 120
91 123
91 126
91 127
91 129
91 130
91 136
91 137
91 138
91 140
91 144
91 147
91 149
92 101
92 102
92 104
92 108
92 109
92 112
92 115
92 116
92 118
92 121
92 122
92 123
92 125
92 126
92 128
92 129
92 135
92 136
92 138
92 139
93 96
93 97
93 99
93 100
93 102
93 105
93 107
93 108
93 110
93 111
93 116
93 119
93 120
93 121
93 123
93 124
93 127
93 128
93 129
93 133
93 136
93 139
93 142
93 144
93 145
93 147
93 148
94 95
94 96
94 97
94 99
94 103
94 108
94 109
94 111
94 112
94 114
94 115
94 116
94 117
94 119
94 120
94 124
94 125
94 127
94 134
94 136
94 138
94 141
94 143
94 147
94 148
95 98
95 102
95 103
95 104
95 106
95 114
95 115
95 116
95 117
95 120
95 124
95 128
95 129
95 131
95 133
95 136
95 140
95 144
95 145
95 147
95 148
96 99
96 100
96 107
96 108
96 109
96 110
96 112
96 119
96 121
96 124
96 125
96 126
96 137
96 138
96 140
96 144
96 148
96 149
97 98
97 101
97 102
97 110
97 114
97 117
97 119
97 120
97 128
97 130
97 133
97 134
97 135
97 137
97 138
97 142
97 145
98 99
98 101
98 102
98 107
98 109
98 111
98 112
98 114
98 115
98 117
98 118
98 119
98 121
98 122
98 123
98 128
98 129
98 130
98 135
98 141
98 146
98 147
98 148
99 101
99 106
99 109
99 110
99 118
99 120
99 122
99 123
99 128
99 130
99 135
99 137
99 138
99 140
99 143
99 147
100 102
100 103
100 104
100 107
100 110
100 115
100 118
100 124
100 125
100 127
100 131
100 132
100 133
100 136
100 137
100 138
100 143
100 144
100 148
100 149
101 110
101 116
101 119
101 123
101 124
101 129
101 130
101 131
101 133
101 134
101 135
101 140
101 141
101 142
101 143
101 144
101 146
101 148
101 149
102 103
102 105
102 108
102 112
102 118
102 120
102 121
102 123
102 125
102 127
102 130
102 132
102 134
102 135
102 136
102 138
102 139
102 144
102 145
102 147
102 148
103 104
103 108
103 109
103 114
103 117
103 122
103 124
103 126
103 128
103 132
103 133
103 134
103 135
103 136
103 138
103 143
103 148
103 149
104 105
104 106
104 109
104 110
104 114
104 117
104 118
104 119
104 125
104 128
104 131
104 132
104 133
104 134
104 137
104 138
104 139
104 141
104 145
105 107
105 116
105 119
105 121
105 124
105 125
105 126
105 132
105 134
105 135
105 141
105 145
105 149
106 107
106 108
106 109
106 118
106 122
106 124
106 125
106 127
106 128
106 129
106 135
106 139
106 143
106 145
106 147
106 148
107 108
107 109
107 111
107 112
107 114
107 116
107 120
107 122
107 126
107 132
107 133
107 136
107 137
107 138
107 139
107 141
107 143
107 147
108 110
108 116
108 122
108 123
108 124
108 126
108 129
108 135
108 136
108 146
108 148
108 149
109 114
109 123
109 125
109 127
109 129
109 134
109 135
109 137
109 140
109 144
109 146
109 147
109 148
109 149
110 111
110 114
110 115
110 116
110 118
110 119
110 120
110 121
110 123
110 127
110 129
110 130
110 132
110 133
110 136
110 140
110 141
110 142
110 146
110 147
111 112
111 115
111 116
111 123
111 125
111 126
111 129
111 131
111 134
111 137
111 138
111 139
111 140
111 142
111 145
111 147
111 149
112 121
112 122
112 125
112 128
112 129
112 130
112 132
112 139
112 140
112 143
112 144
112 146
113 114
113 116
113 117
113 118
113 121
113 123
113 124
113 127
113 128
113 130
113 131
113 133
113 134
113 136
113 137
113 138
113 139
113 140
113 141
113 142
113 144
113 146
114 119
114 120
114 121
114 122
114 123
114 126
114 131
114 136
114 137
114 138
114 140
114 142
114 148
115 116
115 118
115 119
115 122
115 123
115 129
115 130
115 131
115 133
115 136
115 137
115 142
115 143
115 146
115 148
116 120
116 124
116 125
116 128
116 131
116 132
116 138
116 140
116 142
116 147
116 148
117 123
117 133
117 135
117 142
117 144
117 146
117 149
118 120
118 121
118 123
118 130
118 131
118 137
118 138
118 140
118 142
118 145
118 146
118 148
118 149
119 121
119 122
119 123
119 126
119 131
119 132
119 136
119 137
119 139
119 142
119 143
119 145
119 146
119 147
120 121
120 123
120 125
120 126
120 129
120 131
120 133
120 135
120 139
120 141
120 142
120 145
120 148
121 122
121 124
121 125
121 126
121 128
121 129
121 130
121 131
121 133
121 134
121 136
121 142
121 143
121 144
121 145
121 147
121 148
122 124
122 127
122 133
122 135
122 137
122 138
122 141
122 142
122 144
122 148
122 149
123 124
123 125
123 127
123 128
123 129
123 130
123 132
123 135
123 136
123 139
123 140
123 141
123 142
123 144
124 125
124 126
124 128
124 129
124 131
124 134
124 135
124 137
124 140
124 141
124 146
124 147
124 148
125 126
125 128
125 131
125 132
125 133
125 134
125 137
125 142
125 146
125 149
126 132
126 139
126 140
126 141
126 143
126 146
126 149
127 128
127 135
127 137
127 141
127 142
127 147
127 149
128 129
128 131
128 132
128 139
128 149
129 131
129 137
129 143
129 146
130 132
130 136
130 137
130 138
130 139
130 140
130 141
130 143
130 145
130 147
130 148
130 149
131 136
131 139
131 145
131 148
131 149
132 133
132 141
132 143
132 145
132 146
132 148
133 134
133 135
133 138
133 141
133 143
133 145
133 149
134 139
134 140
134 142
134 143
134 147
135 136
135 138
135 141
135 143
135 145
136 145
136 148
136 149
137 140
137 146
138 139
138 140
138 141
138 143
138 147
138 149
139 141
139 144
139 145
139 146
140 143
140 145
140 146
140 147
140 148
140 149
141 142
141 143
141 144
141 148
141 149
142 145
142 147
143 147
143 149
144 145
144 146
145 146
145 147
145 149
146 148
