200 5503
31 84
74 50
86 37
62 24
87 57
25 37
68 97
24 100
16 30
85 30
79 95
52 66
35 49
78 22
77 78
68 53
23 80
68 52
64 81
81 38
60 48
99 49
33 72
46 56
30 45
19 23
50 31
96 42
96 22
16 98
43 85
17 67
81 21
17 90
86 19
53 21
96 91
76 55
75 12
81 96
56 46
20 75
73 54
18 80
55 46
59 98
34 56
51 86
98 34
85 91
12 30
29 44
97 81
94 47
79 73
68 15
53 79
92 88
48 79
55 75
49 11
25 76
71 12
76 41
73 47
52 15
50 77
34 16
90 92
50 80
44 78
26 15
20 46
21 48
94 26
11 82
51 97
29 38
68 53
41 95
75 16
95 56
75 37
60 74
39 37
53 47
73 52
47 56
23 77
23 44
76 34
45 67
54 84
49 20
42 34
82 30
25 92
24 88
87 33
16 72
93 87
75 23
61 95
38 65
88 75
10 87
45 34
43 29
31 22
100 45
68 39
85 79
25 50
66 58
16 23
78 87
80 29
15 81
81 37
28 25
98 90
39 31
33 45
43 16
65 29
96 46
56 46
41 45
19 94
78 59
14 42
49 23
59 74
48 95
27 57
55 22
55 71
30 84
43 54
50 40
72 16
45 87
80 55
68 42
96 45
24 80
21 76
87 13
45 23
34 66
67 58
30 75
83 26
26 86
21 19
81 48
42 93
83 86
68 47
28 75
56 55
32 81
63 63
85 31
18 45
30 95
53 64
38 77
84 66
15 56
26 51
13 49
32 46
16 42
25 26
45 61
85 87
62 31
58 64
16 70
20 79
11 46
51 66
60 45
43 66
62 36
58 12
74 37
95 26
47 55
95 71
20 27
29 88
63 42
32 36
90 22
51 47
29 69
28 99
40 53
8005
0 1
0 2
0 3
0 4
0 11
0 12
0 13
0 16
0 18
0 20
0 21
0 27
0 28
0 36
0 39
0 42
0 44
0 45
0 48
0 50
0 51
0 53
0 54
0 55
0 56
0 59
0 61
0 63
0 64
0 66
0 67
0 68
0 70
0 75
0 79
0 84
0 85
0 88
0 99
0 102
0 104
0 106
0 107
0 108
0 111
0 113
0 114
0 115
0 116
0 117
0 119
0 121
0 124
0 126
0 127
0 131
0 132
0 133
0 136
0 139
0 140
0 141
0 147
0 148
0 149
0 159
0 160
0 162
0 164
0 165
0 166
0 170
0 172
0 176
0 177
0 179
0 186
0 188
0 191
0 192
0 193
0 196
0 198
1 2
1 4
1 12
1 14
1 15
1 16
1 17
1 19
1 20
1 21
1 22
1 23
1 34
1 37
1 41
1 42
1 48
1 49
1 50
1 52
1 61
1 64
1 65
1 67
1 69
1 72
1 74
1 76
1 82
1 87
1 88
1 89
1 90
1 91
1 93
1 96
1 97
1 101
1 104
1 105
1 106
1 108
1 109
1 110
1 116
1 117
1 118
1 120
1 122
1 125
1 126
1 127
1 129
1 131
1 134
1 135
1 139
1 141
1 145
1 147
1 150
1 151
1 152
1 154
1 157
1 160
1 161
1 165
1 166
1 167
1 169
1 170
1 171
1 172
1 177
1 178
1 180
1 181
1 184
1 185
1 186
1 188
1 189
2 3
2 8
2 9
2 14
2 16
2 21
2 23
2 26
2 28
2 35
2 39
2 40
2 41
2 47
2 48
2 52
2 61
2 62
2 63
2 65
2 66
2 67
2 70
2 71
2 78
2 80
2 81
2 86
2 88
2 95
2 96
2 98
2 103
2 105
2 107
2 109
2 112
2 119
2 121
2 124
2 126
2 127
2 128
2 130
2 131
2 133
2 140
2 141
2 144
2 145
2 147
2 148
2 152
2 153
2 154
2 156
2 158
2 164
2 166
2 167
2 169
2 170
2 172
2 173
2 175
2 176
2 184
2 187
2 193
2 195
2 197
2 198
3 7
3 13
3 14
3 22
3 23
3 24
3 25
3 27
3 28
3 29
3 31
3 35
3 36
3 37
3 38
3 40
3 41
3 42
3 43
3 44
3 45
3 47
3 53
3 55
3 57
3 58
3 59
3 60
3 62
3 65
3 66
3 69
3 70
3 73
3 74
3 77
3 84
3 87
3 90
3 92
3 96
3 99
3 102
3 108
3 110
3 113
3 117
3 118
3 119
3 120
3 121
3 122
3 123
3 124
3 125
3 126
3 127
3 128
3 129
3 135
3 136
3 137
3 142
3 144
3 145
3 151
3 153
3 154
3 159
3 162
3 163
3 166
3 168
3 171
3 173
3 175
3 177
3 178
3 183
3 186
3 187
3 189
3 192
3 196
3 197
4 5
4 6
4 14
4 15
4 16
4 17
4 26
4 28
4 30
4 31
4 32
4 36
4 38
4 47
4 52
4 53
4 54
4 55
4 58
4 59
4 62
4 63
4 70
4 75
4 83
4 85
4 88
4 90
4 91
4 93
4 95
4 98
4 102
4 104
4 105
4 106
4 108
4 110
4 111
4 112
4 113
4 115
4 117
4 120
4 123
4 127
4 129
4 130
4 133
4 134
4 136
4 144
4 153
4 154
4 155
4 156
4 157
4 158
4 160
4 161
4 162
4 164
4 166
4 167
4 168
4 175
4 179
4 180
4 183
4 185
4 190
4 194
4 195
4 196
4 197
4 199
5 9
5 11
5 12
5 13
5 17
5 18
5 20
5 24
5 25
5 26
5 27
5 32
5 33
5 37
5 38
5 40
5 41
5 42
5 44
5 46
5 47
5 48
5 49
5 51
5 52
5 56
5 57
5 59
5 60
5 64
5 66
5 70
5 71
5 72
5 74
5 77
5 79
5 85
5 88
5 92
5 93
5 96
5 99
5 100
5 101
5 105
5 106
5 108
5 110
5 114
5 121
5 122
5 123
5 128
5 131
5 133
5 136
5 139
5 141
5 142
5 145
5 151
5 153
5 155
5 156
5 159
5 160
5 161
5 163
5 164
5 167
5 169
5 170
5 175
5 177
5 182
5 185
5 188
5 190
5 191
5 194
5 195
6 8
6 9
6 10
6 11
6 13
6 19
6 23
6 26
6 27
6 31
6 33
6 34
6 35
6 36
6 41
6 48
6 52
6 53
6 56
6 58
6 62
6 63
6 64
6 66
6 69
6 70
6 73
6 77
6 85
6 86
6 90
6 92
6 95
6 96
6 97
6 98
6 101
6 102
6 104
6 106
6 110
6 116
6 117
6 119
6 121
6 126
6 127
6 128
6 129
6 131
6 132
6 139
6 141
6 149
6 150
6 151
6 154
6 158
6 159
6 162
6 166
6 170
6 172
6 177
6 178
6 182
6 183
6 184
6 188
6 190
6 191
6 193
6 194
6 195
7 10
7 11
7 15
7 18
7 19
7 20
7 22
7 23
7 26
7 28
7 30
7 31
7 35
7 42
7 47
7 50
7 51
7 52
7 54
7 56
7 57
7 62
7 67
7 68
7 69
7 71
7 72
7 73
7 76
7 80
7 81
7 82
7 83
7 84
7 87
7 89
7 95
7 96
7 100
7 101
7 104
7 106
7 109
7 115
7 116
7 118
7 122
7 123
7 124
7 126
7 127
7 128
7 130
7 131
7 132
7 134
7 137
7 138
7 142
7 145
7 147
7 152
7 153
7 155
7 158
7 159
7 167
7 169
7 172
7 173
7 175
7 178
7 180
7 183
7 184
7 194
7 195
7 197
8 12
8 17
8 19
8 21
8 22
8 25
8 27
8 29
8 33
8 37
8 39
8 42
8 46
8 47
8 51
8 54
8 58
8 59
8 62
8 64
8 65
8 68
8 69
8 71
8 72
8 73
8 75
8 82
8 84
8 85
8 91
8 92
8 93
8 95
8 96
8 100
8 103
8 104
8 108
8 116
8 118
8 119
8 120
8 123
8 124
8 127
8 135
8 137
8 140
8 141
8 143
8 146
8 150
8 156
8 157
8 162
8 168
8 170
8 171
8 175
8 176
8 178
8 179
8 181
8 182
8 184
8 185
8 190
8 191
8 192
8 193
8 194
8 199
9 11
9 20
9 21
9 24
9 25
9 27
9 30
9 32
9 38
9 39
9 40
9 45
9 46
9 49
9 53
9 55
9 56
9 57
9 58
9 60
9 63
9 64
9 67
9 69
9 71
9 72
9 75
9 82
9 85
9 88
9 91
9 102
9 103
9 104
9 105
9 111
9 117
9 118
9 121
9 125
9 127
9 130
9 131
9 135
9 136
9 140
9 142
9 144
9 147
9 151
9 154
9 155
9 156
9 157
9 159
9 162
9 163
9 164
9 165
9 168
9 171
9 173
9 179
9 180
9 181
9 182
9 189
9 191
9 196
9 197
9 199
10 11
10 20
10 21
10 24
10 26
10 28
10 29
10 31
10 33
10 34
10 35
10 38
10 41
10 46
10 56
10 57
10 59
10 61
10 65
10 66
10 67
10 69
10 72
10 75
10 76
10 78
10 81
10 82
10 84
10 85
10 87
10 93
10 95
10 96
10 97
10 102
10 105
10 107
10 110
10 112
10 114
10 118
10 121
10 122
10 127
10 131
10 134
10 135
10 137
10 139
10 146
10 148
10 150
10 152
10 155
10 157
10 158
10 159
10 163
10 166
10 168
10 169
10 173
10 175
10 180
10 184
10 185
10 187
10 189
10 190
10 191
10 192
10 196
10 197
11 13
11 17
11 18
11 19
11 22
11 29
11 30
11 31
11 32
11 33
11 38
11 41
11 48
11 50
11 52
11 60
11 61
11 62
11 63
11 65
11 66
11 67
11 75
11 76
11 81
11 82
11 83
11 84
11 88
11 89
11 91
11 93
11 97
11 98
11 105
11 107
11 108
11 110
11 111
11 114
11 120
11 121
11 122
11 124
11 126
11 127
11 132
11 134
11 138
11 139
11 140
11 143
11 147
11 153
11 155
11 156
11 159
11 163
11 166
11 170
11 171
11 175
11 176
11 177
11 181
11 186
11 187
11 188
11 189
11 191
11 196
11 199
12 13
12 18
12 19
12 20
12 21
12 24
12 26
12 28
12 29
12 32
12 33
12 35
12 38
12 40
12 41
12 43
12 45
12 47
12 48
12 51
12 52
12 54
12 55
12 58
12 59
12 61
12 64
12 68
12 69
12 70
12 72
12 77
12 78
12 79
12 80
12 81
12 83
12 84
12 91
12 95
12 96
12 100
12 109
12 111
12 115
12 116
12 117
12 118
12 120
12 121
12 123
12 124
12 125
12 129
12 134
12 137
12 138
12 142
12 148
12 151
12 152
12 157
12 158
12 159
12 161
12 163
12 164
12 165
12 168
12 173
12 174
12 177
12 183
12 184
12 185
12 188
12 191
12 193
12 195
13 14
13 15
13 16
13 19
13 27
13 30
13 32
13 35
13 42
13 43
13 48
13 50
13 51
13 56
13 57
13 58
13 59
13 60
13 62
13 64
13 68
13 70
13 71
13 79
13 82
13 87
13 95
13 99
13 102
13 103
13 105
13 110
13 112
13 114
13 117
13 118
13 121
13 122
13 126
13 129
13 130
13 131
13 132
13 137
13 144
13 147
13 148
13 149
13 150
13 151
13 152
13 153
13 154
13 156
13 157
13 158
13 159
13 160
13 162
13 163
13 164
13 166
13 167
13 170
13 176
13 177
13 178
13 183
13 190
13 194
13 198
14 16
14 20
14 24
14 25
14 27
14 32
14 33
14 35
14 38
14 43
14 48
14 50
14 51
14 53
14 54
14 55
14 57
14 60
14 61
14 62
14 63
14 65
14 66
14 68
14 69
14 72
14 77
14 79
14 80
14 86
14 89
14 101
14 103
14 106
14 110
14 112
14 115
14 117
14 118
14 119
14 121
14 129
14 131
14 136
14 137
14 138
14 146
14 147
14 157
14 158
14 164
14 170
14 175
14 178
14 182
14 183
14 184
14 187
14 188
14 189
14 192
14 194
14 195
14 196
14 198
14 199
15 16
15 17
15 18
15 19
15 20
15 21
15 22
15 23
15 27
15 30
15 35
15 38
15 42
15 43
15 44
15 45
15 46
15 47
15 49
15 51
15 52
15 59
15 60
15 61
15 62
15 63
15 66
15 73
15 76
15 78
15 80
15 82
15 83
15 90
15 91
15 92
15 93
15 101
15 102
15 105
15 108
15 118
15 121
15 122
15 123
15 129
15 132
15 133
15 137
15 138
15 143
15 144
15 149
15 152
15 153
15 155
15 159
15 162
15 166
15 167
15 168
15 169
15 176
15 180
15 183
15 189
15 190
15 198
16 23
16 25
16 27
16 31
16 37
16 42
16 46
16 51
16 55
16 57
16 60
16 63
16 64
16 65
16 77
16 79
16 80
16 87
16 89
16 91
16 93
16 94
16 98
16 102
16 108
16 109
16 112
16 113
16 115
16 119
16 124
16 129
16 130
16 133
16 137
16 138
16 139
16 141
16 144
16 146
16 148
16 151
16 152
16 154
16 158
16 160
16 161
16 162
16 163
16 164
16 165
16 167
16 169
16 174
16 175
16 176
16 177
16 179
16 183
16 186
16 187
16 188
16 190
16 191
16 192
16 194
16 196
16 197
16 198
17 19
17 21
17 22
17 23
17 25
17 27
17 32
17 39
17 43
17 45
17 46
17 56
17 58
17 60
17 61
17 64
17 65
17 67
17 71
17 73
17 74
17 76
17 77
17 79
17 80
17 82
17 83
17 84
17 89
17 94
17 96
17 97
17 98
17 102
17 104
17 105
17 108
17 110
17 111
17 112
17 115
17 118
17 120
17 121
17 123
17 124
17 125
17 126
17 129
17 132
17 134
17 136
17 137
17 147
17 148
17 150
17 151
17 152
17 153
17 155
17 156
17 158
17 159
17 162
17 165
17 173
17 175
17 177
17 181
17 182
17 183
17 187
17 191
17 193
17 194
17 196
17 199
18 20
18 23
18 27
18 30
18 31
18 32
18 37
18 42
18 51
18 53
18 59
18 60
18 61
18 62
18 63
18 64
18 65
18 67
18 70
18 71
18 73
18 76
18 79
18 87
18 89
18 94
18 97
18 100
18 105
18 106
18 107
18 108
18 110
18 112
18 113
18 114
18 117
18 118
18 119
18 122
18 123
18 125
18 127
18 128
18 129
18 131
18 136
18 138
18 139
18 141
18 143
18 144
18 145
18 149
18 150
18 152
18 154
18 157
18 159
18 161
18 163
18 164
18 165
18 170
18 173
18 174
18 176
18 179
18 182
18 183
18 189
18 192
18 195
19 20
19 21
19 30
19 34
19 36
19 38
19 39
19 41
19 45
19 49
19 51
19 55
19 57
19 59
19 62
19 63
19 67
19 70
19 77
19 79
19 81
19 86
19 90
19 91
19 93
19 96
19 100
19 101
19 102
19 107
19 108
19 109
19 112
19 113
19 115
19 117
19 120
19 122
19 127
19 131
19 135
19 137
19 141
19 149
19 150
19 152
19 153
19 155
19 156
19 157
19 159
19 162
19 164
19 170
19 172
19 177
19 179
19 181
19 186
19 191
19 192
19 194
19 198
19 199
20 21
20 27
20 29
20 33
20 41
20 44
20 47
20 49
20 53
20 57
20 58
20 62
20 70
20 71
20 74
20 81
20 83
20 84
20 87
20 88
20 94
20 95
20 96
20 97
20 98
20 105
20 107
20 108
20 113
20 114
20 115
20 116
20 118
20 121
20 123
20 124
20 126
20 129
20 130
20 131
20 132
20 133
20 137
20 139
20 142
20 144
20 146
20 147
20 149
20 150
20 152
20 154
20 157
20 162
20 168
20 172
20 174
20 176
20 179
20 183
20 186
20 189
20 193
20 194
20 196
20 197
20 198
21 23
21 25
21 27
21 28
21 29
21 32
21 33
21 39
21 42
21 43
21 44
21 45
21 46
21 52
21 57
21 61
21 62
21 65
21 67
21 70
21 71
21 73
21 75
21 77
21 79
21 86
21 87
21 88
21 95
21 97
21 101
21 103
21 106
21 109
21 112
21 115
21 116
21 120
21 123
21 127
21 131
21 133
21 134
21 135
21 138
21 143
21 147
21 149
21 150
21 160
21 161
21 164
21 167
21 168
21 169
21 171
21 173
21 174
21 176
21 178
21 181
21 183
21 185
21 190
21 193
21 194
21 195
21 199
22 26
22 27
22 29
22 30
22 33
22 41
22 44
22 46
22 50
22 55
22 58
22 64
22 65
22 66
22 67
22 68
22 69
22 70
22 72
22 76
22 79
22 81
22 82
22 85
22 94
22 96
22 97
22 99
22 102
22 103
22 106
22 107
22 108
22 111
22 114
22 116
22 117
22 118
22 119
22 122
22 124
22 125
22 126
22 127
22 128
22 132
22 133
22 141
22 144
22 146
22 148
22 153
22 155
22 162
22 165
22 168
22 171
22 172
22 173
22 174
22 177
22 178
22 180
22 182
22 185
22 186
22 187
22 189
22 193
22 195
22 197
22 199
23 25
23 35
23 40
23 41
23 42
23 44
23 45
23 48
23 50
23 52
23 58
23 60
23 62
23 64
23 65
23 67
23 72
23 75
23 76
23 77
23 78
23 83
23 85
23 88
23 90
23 96
23 98
23 100
23 101
23 102
23 107
23 108
23 109
23 114
23 116
23 117
23 119
23 120
23 123
23 129
23 131
23 133
23 134
23 137
23 138
23 143
23 144
23 145
23 148
23 149
23 153
23 154
23 155
23 156
23 157
23 158
23 163
23 167
23 169
23 170
23 172
23 175
23 176
23 177
23 180
23 182
23 183
23 184
23 185
23 186
23 187
23 188
23 195
23 197
23 198
23 199
24 25
24 27
24 30
24 32
24 33
24 34
24 36
24 38
24 39
24 42
24 46
24 48
24 51
24 52
24 54
24 55
24 62
24 63
24 64
24 65
24 66
24 71
24 74
24 75
24 80
24 81
24 83
24 86
24 87
24 89
24 90
24 92
24 96
24 99
24 100
24 102
24 106
24 110
24 114
24 116
24 117
24 119
24 121
24 123
24 125
24 132
24 133
24 135
24 137
24 138
24 139
24 142
24 144
24 145
24 147
24 148
24 150
24 151
24 152
24 153
24 157
24 158
24 160
24 161
24 164
24 166
24 170
24 171
24 173
24 176
24 178
24 183
24 191
24 192
24 194
24 196
24 198
25 27
25 28
25 30
25 32
25 33
25 35
25 37
25 38
25 48
25 49
25 50
25 55
25 56
25 58
25 60
25 62
25 64
25 67
25 72
25 73
25 76
25 77
25 81
25 82
25 85
25 86
25 88
25 89
25 90
25 91
25 92
25 96
25 101
25 103
25 109
25 112
25 116
25 117
25 121
25 122
25 123
25 125
25 127
25 128
25 129
25 132
25 133
25 134
25 135
25 136
25 139
25 144
25 153
25 154
25 157
25 158
25 159
25 163
25 165
25 167
25 170
25 172
25 176
25 179
25 181
25 183
25 186
25 189
25 190
25 193
25 196
25 198
26 29
26 31
26 32
26 34
26 37
26 38
26 39
26 40
26 41
26 42
26 43
26 48
26 52
26 62
26 64
26 65
26 68
26 69
26 74
26 75
26 76
26 78
26 80
26 81
26 86
26 87
26 90
26 91
26 93
26 98
26 99
26 100
26 101
26 103
26 104
26 107
26 110
26 113
26 114
26 116
26 119
26 121
26 122
26 123
26 127
26 131
26 132
26 133
26 136
26 137
26 145
26 149
26 150
26 153
26 165
26 167
26 171
26 174
26 175
26 177
26 179
26 180
26 182
26 183
26 184
26 185
26 189
26 191
26 192
26 194
26 195
26 196
26 197
27 29
27 33
27 37
27 41
27 43
27 45
27 47
27 48
27 53
27 54
27 55
27 57
27 58
27 60
27 68
27 69
27 70
27 72
27 76
27 86
27 87
27 96
27 98
27 100
27 104
27 106
27 107
27 110
27 111
27 120
27 121
27 129
27 135
27 137
27 139
27 140
27 144
27 145
27 148
27 150
27 155
27 156
27 165
27 169
27 171
27 178
27 182
27 183
27 184
27 187
27 189
27 190
27 191
27 197
28 29
28 30
28 33
28 37
28 41
28 47
28 50
28 51
28 63
28 64
28 65
28 66
28 68
28 70
28 73
28 75
28 88
28 89
28 94
28 99
28 103
28 104
28 108
28 113
28 116
28 117
28 121
28 123
28 124
28 125
28 126
28 130
28 131
28 136
28 139
28 141
28 142
28 143
28 145
28 146
28 147
28 150
28 151
28 154
28 157
28 159
28 163
28 167
28 169
28 173
28 175
28 176
28 177
28 178
28 180
28 183
28 186
28 192
28 194
28 196
28 198
29 32
29 33
29 34
29 36
29 38
29 39
29 44
29 45
29 46
29 48
29 49
29 51
29 53
29 55
29 58
29 59
29 60
29 61
29 64
29 67
29 69
29 73
29 74
29 75
29 76
29 77
29 78
29 80
29 81
29 84
29 85
29 88
29 89
29 90
29 93
29 94
29 99
29 101
29 103
29 107
29 110
29 111
29 113
29 116
29 127
29 133
29 135
29 137
29 138
29 139
29 142
29 143
29 145
29 148
29 149
29 155
29 158
29 161
29 162
29 165
29 166
29 168
29 169
29 171
29 172
29 176
29 178
29 181
29 184
29 188
29 190
29 191
29 194
29 195
29 196
29 198
29 199
30 32
30 36
30 40
30 41
30 42
30 46
30 48
30 49
30 50
30 53
30 55
30 60
30 62
30 64
30 67
30 70
30 82
30 89
30 90
30 95
30 96
30 99
30 103
30 105
30 109
30 115
30 117
30 118
30 121
30 123
30 124
30 126
30 131
30 133
30 137
30 144
30 145
30 151
30 152
30 153
30 157
30 158
30 161
30 162
30 164
30 165
30 167
30 168
30 169
30 173
30 174
30 178
30 179
30 180
30 183
30 184
30 186
30 190
30 191
30 194
30 195
30 196
30 198
31 34
31 38
31 39
31 40
31 41
31 45
31 51
31 53
31 59
31 60
31 61
31 63
31 64
31 66
31 69
31 73
31 74
31 76
31 79
31 83
31 84
31 87
31 88
31 90
31 94
31 95
31 99
31 100
31 101
31 105
31 108
31 113
31 115
31 116
31 122
31 125
31 128
31 129
31 131
31 134
31 135
31 137
31 146
31 165
31 171
31 173
31 178
31 181
31 187
31 188
31 189
31 190
31 192
31 195
31 197
31 198
31 199
32 33
32 35
32 38
32 41
32 44
32 47
32 48
32 49
32 51
32 54
32 56
32 57
32 59
32 60
32 63
32 64
32 65
32 66
32 67
32 68
32 74
32 75
32 79
32 80
32 81
32 82
32 83
32 85
32 89
32 90
32 98
32 99
32 105
32 110
32 111
32 112
32 114
32 118
32 121
32 122
32 126
32 127
32 128
32 134
32 136
32 140
32 143
32 144
32 145
32 147
32 148
32 150
32 155
32 157
32 159
32 160
32 162
32 164
32 167
32 174
32 175
32 176
32 177
32 178
32 183
32 188
32 189
32 190
32 192
32 196
33 37
33 38
33 40
33 41
33 43
33 44
33 45
33 47
33 48
33 52
33 53
33 54
33 57
33 60
33 61
33 73
33 74
33 78
33 82
33 83
33 86
33 92
33 97
33 100
33 102
33 105
33 108
33 111
33 113
33 114
33 115
33 117
33 119
33 120
33 126
33 128
33 129
33 131
33 132
33 133
33 138
33 139
33 140
33 142
33 146
33 147
33 149
33 150
33 152
33 154
33 158
33 160
33 161
33 163
33 165
33 166
33 167
33 172
33 174
33 175
33 177
33 178
33 181
33 184
33 188
33 189
33 190
33 191
33 193
33 197
33 198
33 199
34 38
34 41
34 42
34 44
34 45
34 46
34 51
34 52
34 55
34 59
34 60
34 61
34 62
34 63
34 64
34 65
34 66
34 70
34 74
34 75
34 76
34 78
34 83
34 84
34 85
34 87
34 90
34 97
34 98
34 100
34 101
34 103
34 104
34 105
34 107
34 109
34 110
34 111
34 114
34 116
34 125
34 133
34 135
34 136
34 137
34 138
34 141
34 142
34 144
34 153
34 154
34 155
34 156
34 157
34 159
34 160
34 162
34 168
34 171
34 172
34 179
34 180
34 181
34 184
34 188
34 192
34 197
35 40
35 43
35 45
35 46
35 47
35 50
35 51
35 52
35 55
35 58
35 61
35 64
35 67
35 69
35 73
35 75
35 76
35 78
35 79
35 82
35 83
35 84
35 87
35 90
35 92
35 94
35 96
35 98
35 99
35 101
35 102
35 103
35 104
35 107
35 108
35 113
35 115
35 121
35 123
35 131
35 132
35 133
35 134
35 136
35 140
35 141
35 143
35 151
35 156
35 159
35 160
35 162
35 166
35 167
35 168
35 169
35 170
35 171
35 173
35 174
35 175
35 177
35 179
35 184
35 185
35 186
35 189
35 190
35 193
35 194
35 195
35 196
36 38
36 43
36 46
36 48
36 49
36 52
36 55
36 57
36 61
36 62
36 67
36 72
36 74
36 81
36 82
36 83
36 87
36 88
36 90
36 91
36 92
36 99
36 105
36 108
36 109
36 111
36 112
36 114
36 115
36 125
36 127
36 128
36 130
36 131
36 132
36 133
36 136
36 138
36 139
36 142
36 144
36 146
36 147
36 148
36 149
36 150
36 155
36 158
36 161
36 165
36 169
36 170
36 172
36 173
36 174
36 179
36 180
36 182
36 185
36 186
36 190
36 192
36 196
36 199
37 40
37 41
37 44
37 47
37 50
37 57
37 58
37 65
37 70
37 71
37 72
37 74
37 75
37 76
37 78
37 79
37 81
37 90
37 91
37 92
37 93
37 95
37 97
37 101
37 102
37 106
37 110
37 113
37 114
37 115
37 116
37 122
37 124
37 126
37 134
37 135
37 146
37 149
37 150
37 152
37 153
37 155
37 156
37 159
37 164
37 172
37 173
37 175
37 176
37 177
37 178
37 179
37 182
37 185
37 189
37 192
37 193
37 198
38 46
38 49
38 50
38 61
38 62
38 63
38 68
38 69
38 71
38 73
38 74
38 75
38 77
38 78
38 80
38 81
38 82
38 84
38 85
38 88
38 89
38 95
38 106
38 108
38 111
38 114
38 119
38 120
38 121
38 123
38 127
38 128
38 131
38 132
38 134
38 136
38 138
38 143
38 146
38 148
38 156
38 158
38 161
38 162
38 163
38 168
38 173
38 174
38 175
38 178
38 179
38 180
38 183
38 185
38 186
38 187
38 192
38 198
38 199
39 43
39 47
39 49
39 52
39 53
39 56
39 58
39 59
39 60
39 61
39 71
39 73
39 75
39 76
39 77
39 78
39 79
39 80
39 81
39 82
39 85
39 86
39 87
39 88
39 91
39 99
39 102
39 104
39 106
39 107
39 109
39 112
39 113
39 115
39 117
39 118
39 122
39 123
39 124
39 126
39 130
39 132
39 133
39 135
39 138
39 139
39 140
39 141
39 154
39 155
39 156
39 157
39 158
39 160
39 161
39 163
39 167
39 169
39 171
39 175
39 177
39 180
39 184
39 185
39 186
39 187
39 189
39 190
39 192
39 193
39 196
39 197
39 199
40 45
40 46
40 52
40 53
40 54
40 55
40 59
40 62
40 69
40 70
40 72
40 75
40 77
40 79
40 80
40 84
40 86
40 87
40 89
40 93
40 97
40 98
40 99
40 100
40 102
40 104
40 107
40 109
40 113
40 115
40 117
40 120
40 124
40 126
40 129
40 132
40 138
40 139
40 143
40 144
40 146
40 153
40 161
40 162
40 164
40 166
40 167
40 172
40 174
40 176
40 181
40 187
40 188
40 189
40 190
40 193
40 194
40 195
40 196
41 43
41 44
41 45
41 48
41 53
41 56
41 61
41 62
41 63
41 69
41 70
41 71
41 73
41 76
41 79
41 80
41 82
41 86
41 87
41 89
41 91
41 96
41 97
41 100
41 103
41 105
41 107
41 110
41 112
41 115
41 119
41 120
41 123
41 125
41 128
41 133
41 134
41 137
41 141
41 147
41 150
41 153
41 155
41 156
41 159
41 160
41 161
41 162
41 164
41 166
41 169
41 173
41 175
41 178
41 180
41 185
41 186
41 187
41 192
41 193
41 194
42 43
42 44
42 46
42 50
42 51
42 52
42 53
42 54
42 56
42 58
42 59
42 60
42 62
42 65
42 66
42 70
42 71
42 73
42 80
42 85
42 88
42 89
42 90
42 92
42 93
42 94
42 95
42 99
42 104
42 105
42 106
42 107
42 108
42 112
42 120
42 121
42 122
42 123
42 124
42 126
42 128
42 129
42 132
42 133
42 134
42 136
42 138
42 140
42 141
42 142
42 145
42 148
42 149
42 158
42 159
42 160
42 162
42 169
42 170
42 174
42 178
42 180
42 181
42 183
42 187
42 189
42 190
42 191
42 193
43 44
43 48
43 50
43 55
43 58
43 60
43 66
43 67
43 68
43 70
43 71
43 73
43 78
43 79
43 80
43 82
43 83
43 87
43 88
43 90
43 91
43 95
43 98
43 103
43 105
43 110
43 111
43 112
43 116
43 119
43 121
43 124
43 125
43 126
43 127
43 131
43 133
43 135
43 143
43 154
43 155
43 156
43 160
43 161
43 167
43 169
43 171
43 172
43 173
43 174
43 177
43 179
43 181
43 182
43 183
43 184
43 187
43 188
43 189
43 190
43 193
43 197
43 199
44 45
44 50
44 55
44 56
44 58
44 60
44 66
44 68
44 69
44 73
44 75
44 77
44 82
44 88
44 90
44 91
44 93
44 96
44 98
44 99
44 100
44 101
44 110
44 123
44 126
44 127
44 128
44 131
44 133
44 135
44 138
44 143
44 144
44 151
44 158
44 163
44 164
44 170
44 172
44 173
44 181
44 185
44 188
44 189
44 190
44 191
44 193
44 194
44 196
45 48
45 52
45 53
45 54
45 56
45 57
45 66
45 67
45 74
45 81
45 84
45 86
45 88
45 92
45 93
45 99
45 100
45 102
45 104
45 108
45 111
45 115
45 116
45 121
45 122
45 123
45 126
45 127
45 132
45 133
45 135
45 136
45 137
45 141
45 144
45 146
45 147
45 154
45 155
45 156
45 160
45 161
45 163
45 167
45 168
45 170
45 171
45 172
45 173
45 178
45 179
45 180
45 182
45 184
45 185
45 188
45 193
45 194
45 195
46 48
46 51
46 53
46 54
46 55
46 56
46 57
46 58
46 63
46 64
46 66
46 67
46 73
46 75
46 76
46 79
46 80
46 81
46 88
46 91
46 97
46 105
46 106
46 109
46 113
46 116
46 120
46 122
46 123
46 125
46 127
46 128
46 130
46 131
46 132
46 136
46 145
46 146
46 147
46 149
46 155
46 156
46 157
46 159
46 161
46 166
46 169
46 171
46 182
46 184
46 185
46 189
46 192
46 193
46 196
47 48
47 50
47 52
47 54
47 55
47 57
47 58
47 64
47 65
47 69
47 71
47 72
47 73
47 74
47 75
47 76
47 79
47 81
47 82
47 88
47 90
47 100
47 101
47 102
47 104
47 106
47 107
47 110
47 112
47 116
47 125
47 128
47 141
47 143
47 145
47 146
47 152
47 153
47 156
47 157
47 160
47 164
47 171
47 172
47 173
47 177
47 178
47 187
47 189
47 190
47 195
47 196
47 197
47 198
48 49
48 50
48 51
48 52
48 54
48 55
48 58
48 60
48 63
48 66
48 69
48 70
48 71
48 72
48 74
48 75
48 77
48 80
48 82
48 88
48 92
48 98
48 99
48 100
48 101
48 108
48 112
48 113
48 114
48 115
48 122
48 125
48 126
48 129
48 130
48 133
48 134
48 136
48 145
48 146
48 147
48 149
48 150
48 151
48 153
48 155
48 156
48 162
48 163
48 164
48 168
48 170
48 171
48 172
48 182
48 185
48 187
48 193
48 194
48 195
48 196
48 197
49 50
49 54
49 56
49 58
49 59
49 60
49 64
49 65
49 67
49 68
49 69
49 71
49 73
49 78
49 81
49 83
49 84
49 86
49 91
49 93
49 94
49 96
49 98
49 100
49 101
49 102
49 104
49 112
49 113
49 118
49 120
49 121
49 126
49 127
49 131
49 132
49 134
49 135
49 138
49 144
49 146
49 147
49 149
49 150
49 152
49 153
49 155
49 156
49 157
49 162
49 167
49 170
49 180
49 182
49 183
49 185
49 190
49 192
49 193
49 197
49 198
49 199
50 52
50 53
50 62
50 63
50 65
50 66
50 69
50 72
50 73
50 74
50 75
50 76
50 78
50 79
50 83
50 85
50 88
50 89
50 90
50 95
50 98
50 102
50 103
50 108
50 112
50 114
50 116
50 117
50 120
50 123
50 126
50 127
50 130
50 131
50 132
50 134
50 135
50 136
50 138
50 139
50 142
50 143
50 144
50 147
50 153
50 154
50 155
50 156
50 157
50 159
50 160
50 163
50 165
50 166
50 168
50 175
50 176
50 178
50 182
50 184
50 187
50 188
50 191
50 193
50 196
50 197
50 198
51 59
51 60
51 62
51 63
51 64
51 67
51 68
51 70
51 73
51 76
51 79
51 81
51 84
51 86
51 88
51 95
51 97
51 98
51 99
51 100
51 102
51 103
51 104
51 105
51 107
51 108
51 109
51 111
51 112
51 115
51 117
51 119
51 122
51 123
51 124
51 125
51 128
51 129
51 130
51 137
51 147
51 154
51 156
51 158
51 159
51 160
51 167
51 168
51 169
51 170
51 182
51 183
51 184
51 185
51 187
51 188
51 189
51 190
51 199
52 54
52 55
52 57
52 60
52 63
52 64
52 65
52 70
52 71
52 75
52 77
52 79
52 80
52 82
52 87
52 89
52 92
52 93
52 96
52 99
52 100
52 101
52 103
52 106
52 111
52 113
52 115
52 116
52 122
52 125
52 128
52 129
52 132
52 134
52 136
52 138
52 140
52 143
52 144
52 145
52 146
52 150
52 154
52 155
52 158
52 159
52 162
52 164
52 165
52 170
52 172
52 175
52 178
52 181
52 182
52 183
52 185
52 190
52 191
52 193
52 194
52 195
52 196
53 54
53 56
53 57
53 59
53 60
53 61
53 72
53 77
53 78
53 80
53 82
53 84
53 86
53 98
53 101
53 109
53 110
53 111
53 115
53 116
53 117
53 121
53 122
53 123
53 125
53 126
53 127
53 130
53 131
53 132
53 136
53 144
53 147
53 149
53 150
53 155
53 156
53 158
53 160
53 161
53 165
53 167
53 168
53 169
53 171
53 172
53 173
53 174
53 176
53 179
53 181
53 190
53 195
53 197
53 198
53 199
54 56
54 57
54 58
54 59
54 60
54 62
54 63
54 71
54 74
54 76
54 79
54 83
54 84
54 85
54 86
54 88
54 89
54 91
54 93
54 97
54 101
54 102
54 103
54 105
54 106
54 108
54 112
54 113
54 122
54 123
54 125
54 127
54 137
54 140
54 143
54 146
54 149
54 150
54 154
54 155
54 157
54 160
54 161
54 163
54 164
54 165
54 168
54 170
54 172
54 173
54 175
54 180
54 182
54 184
54 185
54 191
54 192
54 193
54 195
54 196
54 197
54 199
55 57
55 63
55 64
55 65
55 66
55 69
55 71
55 73
55 74
55 80
55 81
55 82
55 83
55 87
55 89
55 92
55 99
55 102
55 104
55 106
55 108
55 111
55 114
55 115
55 116
55 118
55 119
55 120
55 122
55 124
55 127
55 132
55 143
55 150
55 155
55 159
55 161
55 162
55 164
55 165
55 169
55 170
55 171
55 172
55 174
55 176
55 177
55 180
55 182
55 184
55 189
55 192
55 194
55 195
55 196
56 57
56 58
56 60
56 68
56 71
56 73
56 74
56 75
56 77
56 82
56 83
56 86
56 96
56 98
56 101
56 104
56 106
56 111
56 112
56 117
56 118
56 120
56 121
56 122
56 127
56 128
56 131
56 134
56 135
56 136
56 138
56 141
56 142
56 143
56 146
56 147
56 148
56 151
56 153
56 154
56 157
56 161
56 162
56 163
56 165
56 166
56 169
56 170
56 179
56 181
56 186
56 187
56 190
56 191
56 197
56 198
56 199
57 59
57 64
57 65
57 67
57 68
57 70
57 71
57 72
57 75
57 77
57 78
57 80
57 83
57 84
57 85
57 88
57 89
57 91
57 92
57 96
57 97
57 99
57 103
57 104
57 106
57 108
57 109
57 114
57 115
57 117
57 119
57 125
57 127
57 129
57 130
57 133
57 136
57 139
57 143
57 145
57 146
57 147
57 148
57 152
57 153
57 156
57 160
57 162
57 164
57 166
57 167
57 171
57 173
57 174
57 177
57 178
57 180
57 181
57 189
57 199
58 60
58 65
58 66
58 67
58 68
58 75
58 77
58 78
58 85
58 86
58 87
58 88
58 90
58 91
58 92
58 94
58 96
58 99
58 100
58 103
58 104
58 105
58 109
58 110
58 111
58 116
58 120
58 122
58 127
58 129
58 132
58 133
58 139
58 141
58 145
58 147
58 148
58 149
58 151
58 152
58 153
58 154
58 155
58 157
58 158
58 159
58 160
58 163
58 164
58 165
58 170
58 171
58 173
58 174
58 175
58 180
58 184
58 187
58 191
58 192
58 194
58 195
58 196
58 197
59 62
59 64
59 65
59 69
59 71
59 73
59 75
59 77
59 81
59 89
59 90
59 91
59 92
59 93
59 94
59 95
59 96
59 98
59 100
59 105
59 106
59 110
59 111
59 114
59 116
59 117
59 118
59 122
59 123
59 124
59 125
59 126
59 127
59 134
59 135
59 137
59 139
59 141
59 144
59 151
59 152
59 157
59 161
59 163
59 165
59 168
59 173
59 175
59 178
59 182
59 184
59 185
59 190
59 197
59 198
59 199
60 61
60 64
60 65
60 69
60 75
60 77
60 78
60 83
60 86
60 90
60 93
60 94
60 95
60 97
60 98
60 99
60 101
60 102
60 105
60 106
60 107
60 113
60 123
60 125
60 128
60 129
60 134
60 139
60 141
60 142
60 143
60 145
60 146
60 148
60 151
60 152
60 153
60 157
60 158
60 159
60 161
60 169
60 170
60 171
60 181
60 183
60 184
60 185
60 187
60 189
60 190
60 194
60 196
60 197
60 198
61 65
61 66
61 70
61 72
61 73
61 75
61 79
61 80
61 81
61 83
61 84
61 86
61 87
61 89
61 93
61 97
61 98
61 99
61 102
61 103
61 107
61 108
61 110
61 114
61 116
61 120
61 123
61 124
61 126
61 128
61 129
61 132
61 134
61 138
61 139
61 143
61 149
61 150
61 152
61 154
61 155
61 157
61 158
61 161
61 162
61 165
61 168
61 169
61 178
61 179
61 185
61 186
61 187
61 190
61 192
61 194
61 197
61 199
62 63
62 66
62 67
62 70
62 71
62 72
62 73
62 75
62 76
62 77
62 78
62 79
62 80
62 82
62 84
62 85
62 88
62 91
62 92
62 96
62 97
62 99
62 102
62 103
62 104
62 107
62 110
62 118
62 119
62 124
62 128
62 131
62 134
62 135
62 137
62 138
62 144
62 148
62 161
62 165
62 166
62 170
62 172
62 173
62 174
62 176
62 177
62 187
62 190
62 193
62 195
62 196
62 198
62 199
63 64
63 71
63 72
63 77
63 81
63 82
63 87
63 89
63 91
63 93
63 95
63 96
63 98
63 99
63 100
63 101
63 104
63 106
63 107
63 108
63 109
63 114
63 116
63 117
63 118
63 121
63 122
63 125
63 126
63 131
63 133
63 135
63 136
63 137
63 138
63 141
63 144
63 145
63 146
63 148
63 149
63 151
63 156
63 157
63 158
63 161
63 162
63 164
63 165
63 166
63 167
63 168
63 169
63 170
63 174
63 175
63 183
63 185
63 186
63 187
63 190
63 191
63 192
63 195
63 196
63 197
63 199
64 65
64 68
64 74
64 76
64 77
64 78
64 79
64 81
64 86
64 88
64 89
64 90
64 95
64 101
64 103
64 108
64 110
64 111
64 112
64 118
64 119
64 122
64 126
64 128
64 130
64 131
64 132
64 133
64 137
64 143
64 144
64 147
64 152
64 153
64 155
64 156
64 157
64 158
64 161
64 165
64 168
64 171
64 172
64 175
64 181
64 183
64 186
64 188
64 191
64 194
65 68
65 70
65 72
65 77
65 80
65 81
65 83
65 84
65 86
65 89
65 92
65 94
65 96
65 97
65 98
65 99
65 102
65 103
65 107
65 111
65 113
65 115
65 120
65 124
65 125
65 126
65 127
65 129
65 131
65 132
65 133
65 135
65 138
65 141
65 143
65 145
65 146
65 147
65 148
65 149
65 152
65 153
65 156
65 157
65 159
65 162
65 165
65 169
65 171
65 172
65 174
65 176
65 177
65 178
65 181
65 186
65 188
65 189
65 191
65 193
65 194
65 196
65 198
66 68
66 69
66 81
66 82
66 86
66 98
66 99
66 108
66 110
66 111
66 112
66 115
66 117
66 119
66 124
66 129
66 130
66 131
66 132
66 134
66 135
66 139
66 140
66 142
66 149
66 151
66 154
66 155
66 156
66 159
66 160
66 161
66 164
66 167
66 169
66 176
66 178
66 183
66 186
66 187
66 189
66 192
66 193
66 194
66 195
66 196
67 68
67 72
67 74
67 75
67 76
67 81
67 83
67 85
67 89
67 90
67 91
67 95
67 97
67 98
67 99
67 102
67 105
67 107
67 111
67 113
67 121
67 125
67 129
67 133
67 137
67 139
67 140
67 142
67 143
67 144
67 147
67 148
67 152
67 153
67 155
67 160
67 162
67 173
67 174
67 176
67 180
67 181
67 182
67 184
67 187
67 190
67 195
67 197
67 198
68 70
68 71
68 73
68 75
68 77
68 78
68 80
68 81
68 85
68 90
68 92
68 98
68 102
68 106
68 111
68 113
68 116
68 118
68 119
68 121
68 124
68 126
68 128
68 129
68 131
68 132
68 137
68 139
68 140
68 141
68 142
68 144
68 146
68 147
68 148
68 149
68 150
68 151
68 152
68 154
68 160
68 161
68 168
68 171
68 178
68 181
68 182
68 183
68 184
68 195
69 70
69 74
69 78
69 79
69 80
69 81
69 82
69 83
69 85
69 86
69 90
69 95
69 96
69 98
69 99
69 101
69 102
69 108
69 111
69 112
69 117
69 118
69 123
69 124
69 127
69 134
69 135
69 144
69 147
69 148
69 150
69 156
69 157
69 161
69 163
69 167
69 169
69 170
69 171
69 173
69 176
69 179
69 181
69 185
69 186
69 188
69 190
69 193
69 195
69 197
69 198
70 71
70 75
70 76
70 79
70 87
70 94
70 96
70 98
70 99
70 100
70 101
70 104
70 110
70 112
70 113
70 114
70 115
70 116
70 117
70 122
70 123
70 127
70 129
70 130
70 133
70 134
70 138
70 140
70 142
70 144
70 146
70 147
70 150
70 152
70 153
70 159
70 161
70 167
70 168
70 170
70 181
70 183
70 186
70 188
70 189
70 191
70 194
70 196
70 197
71 77
71 80
71 84
71 85
71 87
71 89
71 90
71 96
71 98
71 100
71 101
71 102
71 106
71 108
71 110
71 113
71 116
71 118
71 119
71 121
71 122
71 123
71 125
71 128
71 129
71 130
71 133
71 135
71 138
71 140
71 143
71 144
71 147
71 148
71 151
71 152
71 154
71 155
71 159
71 160
71 167
71 168
71 169
71 171
71 172
71 173
71 182
71 183
71 190
71 197
72 73
72 75
72 76
72 77
72 79
72 80
72 83
72 84
72 88
72 89
72 90
72 91
72 92
72 93
72 99
72 100
72 101
72 102
72 103
72 104
72 105
72 107
72 108
72 111
72 112
72 113
72 115
72 116
72 117
72 121
72 122
72 123
72 125
72 126
72 127
72 129
72 131
72 132
72 133
72 138
72 140
72 147
72 148
72 149
72 150
72 151
72 153
72 158
72 162
72 163
72 167
72 170
72 172
72 173
72 174
72 175
72 177
72 181
72 183
72 184
72 187
72 188
72 189
72 192
72 193
72 196
72 198
73 74
73 75
73 79
73 80
73 83
73 84
73 85
73 86
73 89
73 91
73 93
73 99
73 103
73 105
73 107
73 109
73 110
73 115
73 116
73 117
73 119
73 121
73 125
73 129
73 134
73 138
73 139
73 143
73 149
73 154
73 155
73 157
73 158
73 160
73 161
73 162
73 166
73 168
73 172
73 174
73 176
73 177
73 180
73 182
73 184
73 188
73 189
73 191
73 192
73 194
73 197
74 75
74 77
74 79
74 86
74 90
74 93
74 97
74 98
74 99
74 100
74 101
74 102
74 103
74 106
74 108
74 109
74 114
74 118
74 121
74 128
74 132
74 134
74 135
74 136
74 137
74 141
74 143
74 144
74 145
74 146
74 148
74 149
74 153
74 154
74 155
74 157
74 163
74 169
74 173
74 174
74 175
74 178
74 179
74 183
74 184
74 185
74 188
74 192
74 193
74 194
74 197
74 198
74 199
75 80
75 81
75 83
75 84
75 85
75 86
75 87
75 88
75 90
75 94
75 95
75 96
75 97
75 102
75 103
75 104
75 105
75 106
75 108
75 109
75 110
75 112
75 121
75 123
75 124
75 125
75 126
75 127
75 130
75 131
75 135
75 136
75 138
75 139
75 141
75 142
75 146
75 149
75 150
75 156
75 158
75 159
75 160
75 167
75 177
75 180
75 182
75 185
75 186
75 196
75 197
76 77
76 79
76 81
76 82
76 84
76 87
76 88
76 89
76 91
76 92
76 94
76 95
76 96
76 103
76 104
76 105
76 108
76 109
76 111
76 121
76 123
76 124
76 125
76 126
76 127
76 128
76 129
76 130
76 132
76 136
76 138
76 142
76 145
76 149
76 150
76 152
76 153
76 158
76 159
76 160
76 165
76 166
76 167
76 168
76 170
76 171
76 174
76 175
76 177
76 188
76 192
76 194
76 199
77 80
77 81
77 86
77 88
77 91
77 96
77 103
77 109
77 111
77 114
77 115
77 116
77 117
77 123
77 124
77 125
77 131
77 132
77 135
77 139
77 140
77 144
77 145
77 148
77 156
77 157
77 160
77 161
77 164
77 167
77 172
77 178
77 180
77 183
77 190
77 192
77 193
77 196
77 197
77 199
78 84
78 85
78 86
78 92
78 93
78 98
78 99
78 101
78 105
78 106
78 108
78 113
78 114
78 115
78 116
78 119
78 124
78 126
78 127
78 128
78 129
78 130
78 131
78 132
78 135
78 140
78 141
78 142
78 143
78 144
78 145
78 147
78 148
78 151
78 153
78 156
78 158
78 160
78 162
78 163
78 171
78 173
78 182
78 183
78 184
78 185
78 186
78 187
78 192
78 193
78 194
78 195
78 199
79 81
79 82
79 85
79 86
79 89
79 90
79 93
79 94
79 96
79 101
79 102
79 103
79 104
79 105
79 106
79 110
79 112
79 114
79 122
79 123
79 129
79 130
79 134
79 137
79 138
79 139
79 140
79 142
79 150
79 152
79 162
79 164
79 168
79 170
79 172
79 178
79 179
79 191
79 192
79 195
79 198
79 199
80 81
80 82
80 85
80 86
80 90
80 91
80 92
80 95
80 96
80 97
80 103
80 104
80 108
80 113
80 114
80 115
80 120
80 123
80 124
80 132
80 133
80 134
80 136
80 140
80 142
80 145
80 148
80 152
80 156
80 159
80 161
80 163
80 166
80 167
80 168
80 171
80 173
80 177
80 178
80 180
80 184
80 188
80 192
80 193
80 198
81 84
81 85
81 86
81 87
81 89
81 90
81 92
81 93
81 97
81 98
81 99
81 101
81 102
81 106
81 110
81 111
81 112
81 113
81 114
81 116
81 125
81 126
81 129
81 131
81 132
81 133
81 135
81 140
81 141
81 149
81 151
81 153
81 155
81 157
81 158
81 164
81 165
81 166
81 167
81 170
81 173
81 174
81 176
81 177
81 179
81 183
81 184
81 187
81 189
81 190
81 191
81 196
82 84
82 86
82 89
82 90
82 91
82 93
82 95
82 97
82 101
82 102
82 104
82 105
82 107
82 108
82 110
82 112
82 113
82 114
82 116
82 117
82 120
82 121
82 123
82 127
82 128
82 130
82 131
82 132
82 134
82 137
82 138
82 143
82 145
82 146
82 147
82 152
82 155
82 156
82 157
82 161
82 169
82 174
82 175
82 177
82 179
82 186
82 188
82 194
82 199
83 84
83 86
83 88
83 91
83 96
83 99
83 101
83 103
83 105
83 112
83 115
83 122
83 125
83 132
83 134
83 136
83 137
83 138
83 140
83 145
83 147
83 154
83 155
83 156
83 160
83 163
83 165
83 166
83 167
83 168
83 170
83 178
83 179
83 183
83 184
83 189
83 191
84 87
84 89
84 91
84 93
84 95
84 102
84 103
84 104
84 106
84 108
84 111
84 112
84 116
84 117
84 120
84 121
84 125
84 128
84 130
84 132
84 133
84 136
84 138
84 149
84 152
84 154
84 158
84 161
84 163
84 164
84 165
84 168
84 173
84 174
84 175
84 176
84 177
84 180
84 185
84 189
84 191
84 192
84 193
84 195
84 196
84 197
85 86
85 87
85 88
85 91
85 97
85 98
85 99
85 100
85 104
85 105
85 110
85 112
85 114
85 115
85 116
85 117
85 120
85 123
85 127
85 128
85 131
85 135
85 139
85 140
85 142
85 151
85 156
85 159
85 170
85 171
85 172
85 173
85 179
85 182
85 183
85 184
85 185
85 186
85 187
85 188
85 191
85 196
85 199
86 88
86 90
86 92
86 99
86 100
86 102
86 103
86 104
86 108
86 109
86 110
86 111
86 112
86 117
86 119
86 125
86 127
86 128
86 129
86 131
86 135
86 136
86 139
86 140
86 149
86 152
86 155
86 157
86 161
86 164
86 168
86 169
86 173
86 174
86 175
86 179
86 184
86 186
86 191
86 192
86 193
87 91
87 93
87 97
87 98
87 102
87 112
87 113
87 116
87 123
87 124
87 125
87 130
87 131
87 133
87 135
87 136
87 137
87 140
87 141
87 144
87 148
87 149
87 150
87 151
87 152
87 154
87 155
87 158
87 159
87 164
87 166
87 167
87 169
87 171
87 174
87 176
87 177
87 181
87 182
87 183
87 186
87 188
87 190
87 191
88 90
88 91
88 92
88 97
88 99
88 100
88 103
88 107
88 109
88 113
88 114
88 115
88 118
88 121
88 123
88 124
88 125
88 126
88 127
88 128
88 129
88 130
88 132
88 137
88 142
88 144
88 146
88 148
88 152
88 154
88 156
88 158
88 159
88 165
88 167
88 168
88 171
88 173
88 174
88 176
88 177
88 179
88 180
88 181
88 183
88 184
88 186
88 190
88 193
89 91
89 95
89 100
89 101
89 102
89 104
89 105
89 107
89 108
89 110
89 111
89 112
89 113
89 115
89 116
89 121
89 122
89 123
89 124
89 125
89 126
89 127
89 132
89 133
89 135
89 136
89 137
89 140
89 143
89 145
89 149
89 153
89 154
89 157
89 158
89 160
89 161
89 162
89 164
89 167
89 170
89 172
89 176
89 179
89 183
89 189
89 190
89 192
89 193
89 197
90 93
90 99
90 100
90 103
90 110
90 112
90 113
90 114
90 115
90 116
90 119
90 120
90 121
90 123
90 125
90 126
90 129
90 131
90 132
90 135
90 136
90 138
90 140
90 141
90 143
90 144
90 146
90 147
90 152
90 155
90 159
90 162
90 163
90 165
90 167
90 174
90 175
90 177
90 178
90 179
90 180
90 185
90 186
90 188
90 191
90 193
90 194
90 196
91 92
91 95
91 101
91 103
91 104
91 109
91 114
91 117
91 118
91 123
91 124
91 126
91 127
91 128
91 130
91 131
91 144
91 147
91 149
91 151
91 152
91 154
91 157
91 158
91 159
91 162
91 166
91 168
91 169
91 170
91 172
91 173
91 175
91 178
91 181
91 182
91 183
91 184
91 186
91 190
91 193
91 194
91 196
91 198
91 199
92 93
92 95
92 100
92 105
92 109
92 110
92 115
92 119
92 120
92 125
92 126
92 127
92 129
92 133
92 136
92 137
92 141
92 142
92 144
92 145
92 147
92 154
92 155
92 160
92 161
92 164
92 165
92 166
92 169
92 170
92 172
92 176
92 180
92 181
92 183
92 186
92 188
92 189
92 199
93 94
93 95
93 97
93 100
93 101
93 102
93 103
93 104
93 106
93 107
93 108
93 110
93 111
93 112
93 114
93 119
93 121
93 129
93 130
93 132
93 136
93 137
93 138
93 142
93 143
93 148
93 149
93 150
93 154
93 155
93 156
93 158
93 159
93 162
93 164
93 167
93 168
93 171
93 174
93 176
93 177
93 178
93 181
93 182
93 186
93 188
93 190
93 195
93 196
93 197
93 199
94 96
94 99
94 102
94 105
94 108
94 111
94 112
94 114
94 115
94 117
94 118
94 119
94 121
94 125
94 127
94 130
94 132
94 134
94 135
94 140
94 144
94 147
94 152
94 153
94 154
94 155
94 160
94 161
94 164
94 165
94 166
94 170
94 173
94 174
94 175
94 177
94 179
94 183
94 185
94 186
94 188
94 196
95 101
95 103
95 104
95 107
95 114
95 121
95 123
95 124
95 125
95 131
95 132
95 134
95 135
95 137
95 138
95 139
95 140
95 142
95 147
95 148
95 149
95 150
95 151
95 156
95 157
95 158
95 159
95 161
95 162
95 164
95 165
95 167
95 168
95 169
95 171
95 173
95 175
95 178
95 182
95 183
95 185
95 187
95 189
95 190
95 192
95 194
95 196
96 97
96 98
96 99
96 100
96 103
96 104
96 106
96 110
96 113
96 114
96 122
96 123
96 125
96 129
96 130
96 133
96 134
96 136
96 141
96 143
96 144
96 145
96 155
96 156
96 157
96 161
96 166
96 167
96 168
96 169
96 170
96 171
96 174
96 176
96 178
96 180
96 182
96 183
96 184
96 185
96 187
96 194
96 199
97 100
97 102
97 106
97 107
97 108
97 118
97 122
97 126
97 128
97 131
97 133
97 136
97 137
97 143
97 144
97 145
97 146
97 149
97 150
97 153
97 154
97 155
97 157
97 158
97 159
97 162
97 167
97 175
97 176
97 182
97 184
97 189
97 194
97 199
98 102
98 103
98 104
98 107
98 108
98 109
98 111
98 112
98 115
98 118
98 119
98 120
98 121
98 125
98 126
98 127
98 131
98 133
98 134
98 136
98 142
98 143
98 144
98 147
98 148
98 149
98 151
98 153
98 160
98 167
98 169
98 171
98 176
98 180
98 181
98 182
98 183
98 187
98 192
98 194
99 102
99 106
99 110
99 113
99 114
99 116
99 118
99 123
99 124
99 125
99 127
99 129
99 132
99 134
99 136
99 137
99 138
99 141
99 145
99 152
99 153
99 154
99 155
99 162
99 163
99 165
99 168
99 169
99 170
99 173
99 174
99 176
99 178
99 180
99 181
99 182
99 191
99 193
99 194
99 195
99 197
100 104
100 106
100 110
100 111
100 112
100 114
100 118
100 119
100 120
100 121
100 123
100 125
100 128
100 135
100 136
100 137
100 138
100 140
100 144
100 146
100 149
100 151
100 155
100 159
100 163
100 164
100 165
100 167
100 168
100 177
100 180
100 182
100 184
100 186
100 188
100 190
100 193
100 194
100 195
100 197
101 111
101 112
101 113
101 115
101 117
101 118
101 119
101 125
101 131
101 132
101 134
101 137
101 140
101 143
101 144
101 150
101 151
101 155
101 156
101 158
101 159
101 164
101 170
101 172
101 174
101 175
101 176
101 181
101 182
101 184
101 186
101 189
101 190
101 192
101 195
101 198
102 105
102 106
102 108
102 110
102 111
102 112
102 113
102 114
102 123
102 125
102 126
102 132
102 133
102 135
102 143
102 144
102 145
102 146
102 148
102 150
102 151
102 153
102 155
102 156
102 157
102 162
102 163
102 165
102 166
102 167
102 171
102 185
102 187
102 188
102 190
102 194
102 195
102 196
103 105
103 106
103 107
103 110
103 111
103 113
103 114
103 116
103 119
103 122
103 125
103 129
103 130
103 131
103 137
103 138
103 140
103 141
103 142
103 144
103 146
103 149
103 150
103 151
103 152
103 155
103 156
103 157
103 158
103 161
103 163
103 164
103 165
103 168
103 169
103 183
103 186
103 187
103 188
103 190
103 192
103 195
103 198
103 199
104 106
104 110
104 114
104 115
104 117
104 118
104 120
104 121
104 122
104 123
104 125
104 126
104 129
104 130
104 133
104 134
104 138
104 142
104 143
104 145
104 146
104 148
104 150
104 151
104 155
104 157
104 160
104 162
104 163
104 164
104 165
104 168
104 169
104 170
104 171
104 176
104 177
104 180
104 182
104 183
104 186
104 187
104 191
104 192
104 199
105 106
105 107
105 109
105 122
105 129
105 132
105 133
105 135
105 138
105 139
105 140
105 141
105 145
105 146
105 147
105 152
105 153
105 158
105 160
105 168
105 169
105 171
105 172
105 174
105 177
105 178
105 179
105 180
105 185
105 189
105 191
105 196
105 197
105 198
106 107
106 112
106 113
106 114
106 122
106 125
106 130
106 131
106 132
106 135
106 136
106 138
106 139
106 143
106 145
106 146
106 151
106 155
106 156
106 157
106 159
106 161
106 162
106 164
106 168
106 169
106 179
106 181
106 184
106 186
106 187
106 191
106 193
106 196
106 197
107 109
107 113
107 115
107 125
107 129
107 132
107 133
107 134
107 135
107 137
107 140
107 142
107 143
107 147
107 150
107 151
107 153
107 154
107 156
107 157
107 158
107 163
107 164
107 165
107 168
107 169
107 171
107 173
107 177
107 180
107 182
107 184
107 185
107 186
107 189
107 193
107 199
108 109
108 112
108 113
108 115
108 116
108 118
108 119
108 121
108 123
108 124
108 126
108 127
108 132
108 136
108 138
108 140
108 143
108 145
108 149
108 153
108 158
108 159
108 160
108 162
108 163
108 169
108 173
108 174
108 175
108 185
108 189
108 195
108 199
109 111
109 114
109 117
109 119
109 122
109 123
109 128
109 130
109 131
109 133
109 136
109 137
109 138
109 139
109 141
109 144
109 147
109 151
109 152
109 153
109 154
109 160
109 162
109 163
109 165
109 167
109 168
109 170
109 172
109 173
109 176
109 178
109 184
109 186
109 189
109 193
109 196
109 199
110 112
110 118
110 120
110 121
110 123
110 124
110 127
110 131
110 132
110 135
110 136
110 138
110 140
110 141
110 142
110 143
110 145
110 147
110 148
110 152
110 153
110 154
110 155
110 156
110 158
110 159
110 160
110 161
110 163
110 164
110 165
110 169
110 170
110 173
110 175
110 176
110 177
110 178
110 182
110 186
110 197
110 198
110 199
111 112
111 127
111 129
111 130
111 133
111 134
111 136
111 139
111 141
111 144
111 147
111 149
111 156
111 158
111 159
111 160
111 161
111 163
111 165
111 166
111 169
111 174
111 175
111 177
111 181
111 186
111 189
111 190
111 192
112 116
112 122
112 123
112 124
112 125
112 127
112 130
112 139
112 141
112 143
112 145
112 147
112 148
112 149
112 151
112 152
112 161
112 164
112 166
112 168
112 169
112 170
112 173
112 175
112 178
112 179
112 180
112 181
112 186
112 193
112 194
112 196
112 197
112 199
113 115
113 118
113 120
113 123
113 126
113 128
113 130
113 132
113 133
113 136
113 138
113 141
113 142
113 150
113 157
113 160
113 161
113 164
113 166
113 167
113 171
113 172
113 174
113 176
113 177
113 178
113 179
113 184
113 188
113 190
113 195
113 196
113 197
113 198
114 115
114 116
114 119
114 122
114 124
114 125
114 127
114 128
114 130
114 131
114 134
114 135
114 144
114 146
114 147
114 150
114 154
114 155
114 157
114 161
114 162
114 163
114 164
114 165
114 166
114 168
114 171
114 176
114 177
114 180
114 182
114 185
114 186
114 194
115 118
115 123
115 125
115 126
115 127
115 128
115 130
115 132
115 135
115 136
115 137
115 139
115 140
115 142
115 144
115 145
115 153
115 155
115 158
115 159
115 160
115 161
115 162
115 163
115 169
115 170
115 172
115 175
115 178
115 179
115 180
115 182
115 186
115 188
115 189
115 190
115 193
115 199
116 118
116 120
116 122
116 123
116 129
116 133
116 135
116 136
116 138
116 140
116 143
116 145
116 149
116 150
116 151
116 152
116 155
116 156
116 157
116 161
116 163
116 165
116 168
116 169
116 170
116 177
116 180
116 181
116 184
116 186
116 197
116 199
117 118
117 120
117 122
117 124
117 126
117 128
117 132
117 134
117 135
117 137
117 138
117 141
117 143
117 145
117 146
117 147
117 150
117 152
117 156
117 158
117 159
117 162
117 164
117 165
117 166
117 167
117 168
117 172
117 177
117 178
117 179
117 185
117 187
117 188
117 193
117 197
117 199
118 120
118 122
118 128
118 133
118 134
118 135
118 139
118 140
118 145
118 147
118 149
118 152
118 154
118 155
118 156
118 157
118 159
118 162
118 164
118 168
118 170
118 172
118 174
118 175
118 177
118 179
118 180
118 181
118 182
118 184
118 187
118 189
118 190
118 192
118 193
118 194
118 196
118 197
118 198
119 120
119 125
119 128
119 131
119 134
119 135
119 141
119 143
119 145
119 147
119 148
119 150
119 158
119 160
119 161
119 163
119 165
119 171
119 172
119 176
119 178
119 180
119 181
119 185
119 186
119 188
119 193
119 194
119 195
119 198
120 122
120 124
120 125
120 126
120 129
120 132
120 133
120 136
120 139
120 141
120 144
120 149
120 158
120 159
120 160
120 161
120 163
120 164
120 166
120 167
120 169
120 170
120 173
120 174
120 178
120 179
120 180
120 182
120 189
120 191
120 192
120 194
120 195
120 196
121 123
121 129
121 130
121 133
121 136
121 139
121 144
121 145
121 147
121 148
121 151
121 155
121 156
121 157
121 159
121 161
121 167
121 168
121 171
121 178
121 179
121 180
121 181
121 184
121 185
121 191
121 194
121 195
121 197
121 199
122 124
122 127
122 128
122 129
122 132
122 134
122 135
122 136
122 137
122 139
122 143
122 146
122 149
122 150
122 151
122 154
122 156
122 157
122 158
122 159
122 163
122 164
122 165
122 167
122 172
122 173
122 174
122 176
122 178
122 180
122 181
122 182
122 187
122 190
122 191
122 194
122 199
123 125
123 127
123 129
123 132
123 136
123 137
123 138
123 141
123 142
123 147
123 149
123 150
123 155
123 158
123 163
123 169
123 170
123 171
123 178
123 180
123 182
123 184
123 185
123 187
123 189
123 192
123 194
123 197
124 127
124 135
124 140
124 141
124 142
124 143
124 149
124 151
124 152
124 153
124 156
124 159
124 160
124 165
124 166
124 167
124 169
124 171
124 173
124 180
124 181
124 186
124 187
124 188
124 191
124 192
124 193
124 194
124 196
124 197
124 199
125 126
125 133
125 134
125 135
125 137
125 138
125 139
125 140
125 143
125 146
125 151
125 157
125 164
125 165
125 166
125 170
125 172
125 174
125 175
125 177
125 179
125 182
125 184
125 189
125 190
125 193
125 194
125 195
125 197
125 198
125 199
126 127
126 128
126 130
126 131
126 132
126 133
126 135
126 136
126 137
126 138
126 140
126 141
126 144
126 148
126 149
126 151
126 152
126 156
126 157
126 159
126 165
126 166
126 168
126 169
126 170
126 174
126 175
126 177
126 184
126 189
126 190
126 191
126 195
126 199
127 128
127 129
127 130
127 132
127 133
127 134
127 135
127 141
127 142
127 143
127 144
127 148
127 149
127 150
127 151
127 158
127 160
127 161
127 166
127 170
127 171
127 175
127 176
127 182
127 185
127 187
127 188
127 192
127 197
127 198
128 129
128 131
128 133
128 147
128 148
128 150
128 153
128 154
128 156
128 157
128 159
128 161
128 163
128 168
128 169
128 170
128 171
128 176
128 177
128 189
128 190
128 192
128 193
128 194
129 130
129 132
129 133
129 134
129 139
129 140
129 143
129 146
129 148
129 152
129 155
129 156
129 157
129 159
129 162
129 163
129 170
129 174
129 175
129 178
129 179
129 182
129 190
129 191
129 192
129 194
129 195
129 197
130 131
130 132
130 134
130 135
130 136
130 138
130 139
130 141
130 143
130 145
130 146
130 150
130 155
130 156
130 158
130 160
130 161
130 167
130 172
130 175
130 177
130 182
130 184
130 189
130 190
130 191
130 192
130 195
130 196
130 197
131 133
131 135
131 137
131 141
131 142
131 144
131 145
131 147
131 151
131 152
131 159
131 161
131 162
131 168
131 172
131 174
131 181
131 185
132 134
132 135
132 136
132 137
132 138
132 139
132 142
132 148
132 153
132 155
132 156
132 158
132 164
132 165
132 169
132 176
132 180
132 181
132 182
132 183
132 184
132 185
132 186
132 187
132 190
132 191
132 192
132 193
132 195
132 197
132 199
133 135
133 138
133 140
133 143
133 144
133 145
133 146
133 147
133 149
133 150
133 153
133 156
133 157
133 158
133 161
133 162
133 164
133 165
133 168
133 181
133 182
133 183
133 184
133 186
133 187
133 189
133 194
133 195
133 196
133 197
134 136
134 139
134 145
134 146
134 148
134 149
134 150
134 151
134 153
134 157
134 161
134 164
134 165
134 167
134 170
134 175
134 177
134 179
134 180
134 181
134 182
134 183
134 186
134 188
134 189
134 192
134 195
134 197
134 198
134 199
135 136
135 137
135 143
135 144
135 150
135 151
135 158
135 160
135 162
135 163
135 165
135 166
135 169
135 172
135 173
135 179
135 180
135 182
135 187
135 188
135 190
135 192
135 197
136 138
136 139
136 142
136 146
136 148
136 149
136 151
136 154
136 155
136 156
136 157
136 160
136 162
136 169
136 170
136 172
136 174
136 175
136 177
136 179
136 180
136 181
136 182
136 184
136 189
136 194
136 195
136 196
136 199
137 139
137 140
137 146
137 147
137 149
137 152
137 155
137 156
137 158
137 159
137 161
137 163
137 167
137 176
137 177
137 178
137 179
137 184
137 187
137 188
137 191
137 193
137 198
137 199
138 139
138 140
138 143
138 145
138 147
138 150
138 152
138 153
138 154
138 155
138 157
138 158
138 160
138 167
138 168
138 177
138 181
138 182
138 183
138 184
138 185
138 188
138 191
138 192
138 195
138 197
138 198
139 140
139 146
139 147
139 154
139 161
139 164
139 166
139 167
139 171
139 174
139 175
139 177
139 182
139 187
139 189
139 191
139 199
140 144
140 146
140 148
140 150
140 151
140 160
140 161
140 164
140 168
140 170
140 173
140 182
140 183
140 185
140 190
140 191
140 193
140 194
141 142
141 143
141 149
141 150
141 152
141 154
141 155
141 158
141 159
141 160
141 163
141 165
141 167
141 168
141 170
141 172
141 173
141 174
141 178
141 180
141 181
141 182
141 183
141 184
141 185
141 186
141 188
141 190
141 191
141 193
141 195
141 197
141 199
142 143
142 145
142 146
142 147
142 148
142 154
142 160
142 162
142 168
142 169
142 171
142 173
142 182
142 185
142 187
142 188
142 190
142 191
142 192
142 195
142 197
142 199
143 146
143 152
143 153
143 154
143 156
143 159
143 161
143 164
143 166
143 170
143 171
143 173
143 179
143 181
143 184
143 185
143 187
143 189
143 190
143 194
143 198
143 199
144 145
144 147
144 148
144 152
144 153
144 154
144 155
144 159
144 161
144 162
144 167
144 171
144 179
144 181
144 183
144 185
144 186
144 187
144 190
144 192
144 193
144 197
144 199
145 146
145 149
145 150
145 151
145 152
145 158
145 160
145 164
145 167
145 169
145 170
145 171
145 174
145 179
145 180
145 181
145 182
145 184
145 188
145 191
145 192
145 193
145 199
146 147
146 154
146 156
146 158
146 162
146 167
146 169
146 171
146 172
146 175
146 177
146 178
146 180
146 181
146 183
146 184
146 188
146 189
146 193
147 148
147 150
147 155
147 159
147 160
147 163
147 164
147 168
147 171
147 173
147 176
147 177
147 178
147 179
147 180
147 182
147 183
147 187
147 192
147 194
147 199
148 149
148 151
148 154
148 156
148 157
148 161
148 164
148 166
148 168
148 169
148 170
148 171
148 172
148 175
148 176
148 178
148 182
148 183
148 184
148 192
148 194
148 195
148 197
148 198
149 154
149 155
149 156
149 161
149 162
149 163
149 164
149 166
149 169
149 170
149 174
149 176
149 185
149 186
149 188
149 190
149 192
149 194
149 196
149 197
150 151
150 153
150 154
150 155
150 157
150 159
150 160
150 161
150 165
150 167
150 168
150 169
150 170
150 175
150 176
150 178
150 179
150 181
150 185
150 186
150 188
150 190
150 192
150 194
150 197
151 152
151 153
151 154
151 158
151 160
151 161
151 164
151 165
151 169
151 175
151 176
151 178
151 184
151 185
151 187
151 188
151 189
151 191
151 192
151 193
151 198
151 199
152 156
152 157
152 163
152 166
152 168
152 169
152 170
152 171
152 172
152 173
152 177
152 178
152 179
152 180
152 181
152 182
152 185
152 188
152 189
152 190
152 191
152 192
152 196
152 197
152 198
153 154
153 156
153 157
153 158
153 159
153 163
153 164
153 168
153 169
153 171
153 173
153 179
153 186
153 190
153 197
154 157
154 165
154 167
154 168
154 173
154 178
154 186
154 187
154 190
154 191
154 193
154 197
154 199
155 159
155 160
155 161
155 163
155 165
155 166
155 171
155 173
155 177
155 178
155 179
155 182
155 183
155 184
155 186
155 190
155 192
155 196
155 198
155 199
156 157
156 159
156 161
156 164
156 165
156 167
156 168
156 171
156 172
156 174
156 179
156 181
156 183
156 197
156 199
157 158
157 159
157 160
157 162
157 164
157 167
157 169
157 175
157 178
157 180
157 183
157 184
157 185
157 188
157 197
158 159
158 165
158 166
158 168
158 169
158 171
158 172
158 175
158 176
158 178
158 181
158 187
158 191
158 192
158 193
159 162
159 164
159 165
159 166
159 171
159 172
159 177
159 178
159 179
159 180
159 181
159 184
159 187
159 190
159 191
159 193
159 196
159 197
159 198
160 164
160 165
160 166
160 167
160 171
160 172
160 173
160 178
160 180
160 181
160 184
160 186
160 189
160 193
160 194
160 197
160 199
161 163
161 164
161 165
161 168
161 169
161 170
161 177
161 180
161 181
161 182
161 185
161 188
161 193
161 194
161 195
161 197
161 199
162 163
162 164
162 165
162 166
162 168
162 180
162 183
162 186
162 189
162 190
162 191
162 193
162 194
163 164
163 171
163 173
163 174
163 175
163 180
163 186
163 188
163 190
163 193
163 194
163 197
164 165
164 166
164 170
164 176
164 186
164 187
164 188
164 189
164 191
164 198
165 167
165 170
165 173
165 176
165 178
165 182
165 183
165 184
165 187
165 188
165 189
165 190
165 191
165 192
165 194
165 196
165 197
165 198
166 167
166 171
166 176
166 177
166 179
166 180
166 181
166 184
166 185
166 188
166 190
166 193
166 195
166 197
166 198
166 199
167 170
167 171
167 173
167 176
167 177
167 180
167 181
167 183
167 186
167 187
167 189
167 190
167 191
167 192
167 197
167 199
168 176
168 177
168 179
168 184
168 185
168 191
168 192
168 193
168 194
168 195
168 196
168 198
169 170
169 172
169 175
169 178
169 179
169 181
169 182
169 184
169 187
169 191
169 192
169 193
169 194
169 196
169 199
170 173
170 174
170 178
170 181
170 183
170 185
170 187
170 190
170 192
170 193
170 195
170 196
170 197
170 198
171 173
171 175
171 180
171 182
171 183
171 185
171 187
171 189
171 194
171 196
171 197
171 198
171 199
172 176
172 179
172 182
172 185
172 186
172 187
172 190
172 191
172 192
172 194
172 196
173 174
173 175
173 179
173 182
173 184
173 194
173 196
173 199
174 179
174 181
174 183
174 187
174 191
174 193
174 194
174 196
174 197
174 198
175 176
175 179
175 182
175 183
175 184
175 185
175 188
175 196
175 197
175 199
176 177
176 181
176 186
176 187
176 188
176 189
176 194
176 198
177 178
177 183
177 184
177 185
177 189
177 191
177 196
177 197
177 198
177 199
178 181
178 183
178 184
178 185
178 186
178 190
178 195
178 196
178 197
179 180
179 181
179 183
179 185
179 187
179 193
179 196
179 198
180 182
180 185
180 186
180 189
180 190
180 191
180 195
180 198
181 182
181 183
181 189
181 191
181 193
181 195
181 196
181 197
181 198
182 183
182 185
182 187
182 191
182 192
182 193
182 198
182 199
183 187
183 190
183 194
183 195
183 196
183 198
184 189
184 190
184 191
184 192
184 193
184 198
184 199
185 186
185 190
185 194
185 195
185 197
186 187
186 190
186 191
186 193
186 195
186 196
186 197
187 188
187 191
187 192
187 193
187 197
188 190
188 191
188 192
188 193
188 197
189 190
189 191
189 192
189 195
189 196
189 197
190 191
190 193
190 194
190 195
190 197
190 198
191 193
191 194
191 196
193 198
194 196
194 197
194 198
196 199
197 199
