200 5334
16 31
89 12
83 94
22 69
47 12
74 66
10 38
87 52
22 28
70 39
61 17
62 49
61 48
19 65
32 87
39 33
13 70
66 53
33 75
40 64
13 23
19 17
27 36
64 67
28 61
15 63
79 78
17 20
86 14
59 86
79 73
15 36
70 36
57 54
79 36
88 91
34 44
36 100
64 29
37 51
15 63
96 66
53 94
54 10
22 92
42 45
95 11
52 41
14 21
75 46
21 50
69 36
97 40
70 37
64 79
24 40
35 74
58 36
78 49
37 86
84 23
36 51
78 49
81 10
37 75
33 89
89 100
25 77
28 66
13 91
76 43
87 29
92 45
92 96
20 57
32 49
46 86
57 12
76 40
30 87
36 39
14 91
98 50
41 80
80 73
99 11
65 36
100 81
14 51
63 23
14 30
10 21
62 94
80 89
10 40
76 92
89 27
55 74
21 82
67 91
86 58
22 68
21 98
69 22
99 91
85 11
67 59
78 41
69 26
21 39
63 21
38 74
47 22
47 73
32 30
23 98
80 10
18 28
96 54
63 67
10 22
92 75
57 71
80 37
48 45
38 40
78 57
44 54
31 11
16 36
17 19
97 30
49 45
75 71
25 86
47 83
12 40
16 94
29 95
86 75
35 66
55 59
62 60
71 22
50 39
55 81
81 45
85 40
64 65
12 36
36 57
74 82
70 84
27 66
52 79
50 36
25 21
72 71
50 74
87 46
73 28
24 50
56 42
44 92
27 91
88 53
54 49
46 77
66 42
71 89
63 89
54 55
13 23
97 11
93 80
19 19
97 92
36 83
72 26
62 20
84 75
29 87
64 44
75 71
96 13
89 22
72 10
69 10
37 92
61 22
95 49
40 50
90 55
76 17
42 66
80 95
58 31
36 33
77 55
93 72
11895
0 2
0 3
0 4
0 5
0 6
0 7
0 9
0 10
0 11
0 14
0 16
0 17
0 18
0 19
0 20
0 23
0 24
0 25
0 28
0 30
0 31
0 32
0 33
0 34
0 35
0 38
0 39
0 41
0 42
0 44
0 46
0 48
0 49
0 50
0 54
0 56
0 57
0 58
0 59
0 62
0 65
0 67
0 68
0 74
0 75
0 76
0 78
0 79
0 81
0 82
0 83
0 84
0 87
0 89
0 90
0 92
0 95
0 96
0 97
0 98
0 99
0 100
0 101
0 103
0 105
0 106
0 107
0 108
0 110
0 112
0 113
0 114
0 115
0 117
0 119
0 120
0 126
0 128
0 129
0 130
0 132
0 133
0 136
0 137
0 138
0 139
0 140
0 142
0 143
0 145
0 147
0 152
0 153
0 155
0 156
0 158
0 164
0 165
0 166
0 167
0 170
0 173
0 174
0 175
0 176
0 177
0 179
0 181
0 182
0 183
0 184
0 185
0 187
0 188
0 189
0 194
0 195
0 196
0 197
1 2
1 4
1 5
1 8
1 9
1 10
1 13
1 14
1 15
1 17
1 19
1 20
1 22
1 26
1 31
1 32
1 36
1 39
1 42
1 43
1 44
1 45
1 46
1 49
1 50
1 51
1 52
1 53
1 54
1 55
1 56
1 58
1 59
1 60
1 61
1 63
1 64
1 65
1 66
1 67
1 69
1 71
1 72
1 74
1 76
1 77
1 78
1 79
1 80
1 81
1 83
1 84
1 85
1 86
1 87
1 90
1 92
1 94
1 96
1 99
1 100
1 101
1 102
1 103
1 105
1 106
1 111
1 112
1 113
1 114
1 116
1 117
1 118
1 119
1 120
1 121
1 122
1 123
1 128
1 129
1 130
1 131
1 132
1 133
1 134
1 137
1 141
1 142
1 146
1 147
1 151
1 152
1 155
1 156
1 157
1 158
1 159
1 161
1 162
1 163
1 164
1 165
1 167
1 168
1 169
1 171
1 172
1 174
1 175
1 176
1 178
1 179
1 181
1 183
1 186
1 187
1 189
1 191
1 194
1 195
1 197
1 198
1 199
2 4
2 5
2 6
2 7
2 13
2 14
2 15
2 17
2 18
2 20
2 21
2 22
2 23
2 24
2 26
2 27
2 28
2 30
2 32
2 33
2 34
2 35
2 38
2 41
2 42
2 44
2 45
2 46
2 47
2 51
2 53
2 56
2 57
2 61
2 65
2 66
2 68
2 69
2 71
2 74
2 76
2 77
2 78
2 81
2 85
2 88
2 90
2 96
2 97
2 98
2 99
2 101
2 104
2 106
2 108
2 109
2 111
2 113
2 114
2 116
2 117
2 119
2 120
2 122
2 123
2 124
2 126
2 127
2 128
2 131
2 132
2 133
2 134
2 135
2 136
2 137
2 143
2 145
2 152
2 153
2 157
2 158
2 161
2 163
2 164
2 165
2 166
2 167
2 168
2 171
2 173
2 176
2 177
2 178
2 180
2 181
2 184
2 185
2 186
2 187
2 188
2 189
2 191
2 192
2 193
2 195
2 196
2 197
2 199
3 5
3 6
3 7
3 8
3 10
3 12
3 14
3 15
3 17
3 18
3 20
3 21
3 22
3 25
3 26
3 27
3 31
3 33
3 34
3 35
3 36
3 38
3 39
3 41
3 43
3 45
3 47
3 48
3 49
3 50
3 52
3 55
3 56
3 57
3 59
3 60
3 61
3 62
3 64
3 65
3 67
3 68
3 69
3 71
3 72
3 73
3 76
3 77
3 78
3 80
3 81
3 82
3 84
3 87
3 88
3 89
3 90
3 92
3 93
3 94
3 96
3 98
3 99
3 100
3 102
3 103
3 104
3 105
3 106
3 109
3 110
3 111
3 113
3 114
3 119
3 120
3 121
3 123
3 125
3 126
3 128
3 129
3 130
3 132
3 134
3 135
3 136
3 137
3 139
3 141
3 142
3 143
3 146
3 150
3 153
3 154
3 157
3 158
3 160
3 162
3 163
3 164
3 165
3 166
3 167
3 168
3 171
3 174
3 175
3 177
3 178
3 179
3 186
3 187
3 188
3 189
3 190
3 191
3 192
3 193
3 194
3 195
3 196
4 5
4 7
4 8
4 10
4 11
4 17
4 18
4 20
4 21
4 22
4 24
4 25
4 26
4 27
4 28
4 31
4 33
4 34
4 35
4 36
4 38
4 42
4 46
4 49
4 55
4 56
4 58
4 62
4 63
4 65
4 66
4 69
4 70
4 72
4 74
4 77
4 82
4 83
4 85
4 86
4 89
4 90
4 92
4 94
4 95
4 99
4 100
4 105
4 108
4 109
4 111
4 114
4 115
4 116
4 118
4 121
4 123
4 124
4 125
4 126
4 127
4 129
4 130
4 133
4 135
4 138
4 139
4 140
4 142
4 143
4 146
4 149
4 150
4 152
4 153
4 154
4 157
4 158
4 159
4 160
4 161
4 162
4 165
4 168
4 170
4 171
4 173
4 175
4 176
4 177
4 178
4 179
4 180
4 183
4 184
4 185
4 188
4 189
4 192
4 195
4 197
4 198
5 6
5 7
5 8
5 9
5 11
5 13
5 20
5 23
5 24
5 26
5 29
5 31
5 32
5 35
5 40
5 43
5 45
5 48
5 49
5 50
5 51
5 52
5 53
5 54
5 55
5 57
5 58
5 59
5 61
5 62
5 63
5 64
5 65
5 66
5 68
5 69
5 71
5 72
5 74
5 76
5 81
5 83
5 84
5 86
5 87
5 88
5 89
5 92
5 93
5 94
5 97
5 99
5 100
5 101
5 102
5 103
5 104
5 108
5 110
5 111
5 115
5 116
5 118
5 121
5 122
5 124
5 125
5 134
5 137
5 138
5 140
5 142
5 143
5 144
5 146
5 147
5 150
5 152
5 154
5 155
5 156
5 157
5 158
5 161
5 162
5 163
5 164
5 165
5 168
5 169
5 170
5 172
5 174
5 176
5 178
5 181
5 182
5 187
5 188
5 189
5 190
5 191
5 192
5 196
5 198
6 7
6 13
6 16
6 18
6 20
6 21
6 22
6 24
6 26
6 27
6 28
6 29
6 30
6 31
6 33
6 35
6 36
6 37
6 40
6 41
6 42
6 43
6 45
6 46
6 47
6 49
6 53
6 54
6 56
6 59
6 60
6 62
6 63
6 65
6 67
6 68
6 69
6 72
6 73
6 74
6 76
6 77
6 79
6 80
6 81
6 83
6 86
6 87
6 88
6 91
6 92
6 93
6 98
6 99
6 100
6 103
6 104
6 105
6 106
6 107
6 108
6 110
6 112
6 113
6 115
6 116
6 120
6 121
6 122
6 133
6 136
6 137
6 139
6 140
6 142
6 143
6 145
6 146
6 148
6 149
6 150
6 151
6 153
6 154
6 155
6 157
6 159
6 161
6 164
6 165
6 167
6 169
6 170
6 171
6 173
6 175
6 176
6 177
6 178
6 179
6 182
6 183
6 185
6 187
6 188
6 190
6 193
6 195
6 196
6 198
6 199
7 8
7 9
7 10
7 13
7 15
7 16
7 19
7 20
7 21
7 22
7 23
7 24
7 25
7 26
7 29
7 30
7 31
7 33
7 36
7 38
7 39
7 42
7 43
7 45
7 47
7 48
7 49
7 50
7 51
7 53
7 54
7 55
7 56
7 59
7 63
7 64
7 67
7 68
7 69
7 71
7 75
7 76
7 77
7 78
7 79
7 81
7 83
7 84
7 87
7 88
7 91
7 92
7 95
7 97
7 98
7 100
7 101
7 102
7 103
7 104
7 105
7 106
7 109
7 110
7 112
7 113
7 114
7 115
7 116
7 117
7 119
7 120
7 121
7 122
7 123
7 124
7 125
7 126
7 127
7 128
7 131
7 132
7 136
7 137
7 139
7 141
7 142
7 143
7 144
7 146
7 147
7 148
7 149
7 150
7 151
7 152
7 154
7 155
7 159
7 162
7 163
7 165
7 166
7 167
7 169
7 171
7 172
7 174
7 175
7 179
7 180
7 185
7 186
7 187
7 188
7 189
7 191
7 192
7 195
7 196
7 197
7 198
7 199
8 9
8 10
8 11
8 12
8 13
8 15
8 16
8 20
8 24
8 26
8 30
8 31
8 34
8 35
8 37
8 39
8 40
8 41
8 45
8 48
8 49
8 53
8 54
8 55
8 56
8 57
8 58
8 62
8 63
8 65
8 68
8 71
8 74
8 75
8 76
8 77
8 79
8 80
8 84
8 87
8 92
8 93
8 94
8 96
8 98
8 99
8 101
8 102
8 103
8 104
8 105
8 106
8 107
8 108
8 109
8 111
8 112
8 113
8 114
8 116
8 117
8 119
8 120
8 122
8 124
8 126
8 127
8 128
8 130
8 132
8 133
8 135
8 138
8 139
8 140
8 142
8 143
8 145
8 147
8 151
8 152
8 153
8 155
8 156
8 159
8 160
8 161
8 162
8 165
8 168
8 169
8 172
8 175
8 176
8 177
8 178
8 179
8 183
8 184
8 185
8 186
8 187
8 188
8 189
8 190
8 191
8 192
8 193
8 194
8 195
8 196
8 199
9 10
9 13
9 16
9 17
9 19
9 20
9 21
9 22
9 24
9 26
9 27
9 28
9 32
9 34
9 35
9 36
9 38
9 39
9 42
9 43
9 44
9 47
9 48
9 51
9 52
9 53
9 54
9 56
9 60
9 63
9 65
9 66
9 68
9 72
9 73
9 76
9 77
9 78
9 79
9 82
9 83
9 84
9 85
9 86
9 87
9 88
9 89
9 90
9 91
9 92
9 93
9 94
9 95
9 96
9 98
9 99
9 101
9 102
9 103
9 104
9 106
9 108
9 109
9 111
9 113
9 114
9 116
9 117
9 118
9 119
9 120
9 121
9 122
9 125
9 126
9 128
9 131
9 134
9 138
9 140
9 141
9 142
9 145
9 147
9 148
9 150
9 151
9 152
9 155
9 157
9 162
9 168
9 169
9 172
9 174
9 175
9 179
9 180
9 181
9 182
9 183
9 184
9 185
9 189
9 192
9 194
9 195
9 197
9 198
9 199
10 12
10 15
10 17
10 18
10 21
10 23
10 24
10 25
10 26
10 28
10 30
10 31
10 33
10 35
10 37
10 38
10 39
10 41
10 43
10 44
10 45
10 49
10 50
10 55
10 57
10 63
10 65
10 67
10 69
10 70
10 71
10 73
10 75
10 76
10 78
10 79
10 80
10 81
10 82
10 84
10 86
10 89
10 90
10 98
10 99
10 101
10 104
10 106
10 107
10 108
10 109
10 110
10 111
10 112
10 113
10 114
10 115
10 117
10 119
10 120
10 123
10 127
10 128
10 129
10 130
10 131
10 132
10 134
10 135
10 136
10 137
10 140
10 143
10 145
10 146
10 147
10 148
10 153
10 154
10 155
10 157
10 158
10 159
10 161
10 162
10 165
10 167
10 168
10 171
10 173
10 174
10 175
10 177
10 181
10 182
10 183
10 184
10 186
10 187
10 189
10 190
10 191
10 192
10 193
10 194
10 196
10 198
10 199
11 12
11 13
11 15
11 16
11 17
11 18
11 20
11 22
11 23
11 24
11 26
11 27
11 29
11 32
11 36
11 37
11 39
11 41
11 42
11 44
11 45
11 46
11 47
11 53
11 54
11 55
11 56
11 57
11 58
11 60
11 61
11 63
11 64
11 66
11 68
11 69
11 70
11 71
11 72
11 75
11 76
11 77
11 81
11 82
11 83
11 84
11 85
11 86
11 87
11 89
11 91
11 92
11 93
11 94
11 95
11 100
11 101
11 103
11 109
11 112
11 115
11 117
11 122
11 124
11 127
11 128
11 130
11 131
11 135
11 136
11 139
11 140
11 141
11 142
11 144
11 145
11 146
11 151
11 152
11 153
11 154
11 156
11 161
11 162
11 164
11 169
11 170
11 171
11 172
11 174
11 175
11 177
11 184
11 186
11 187
11 188
11 189
11 190
11 191
11 195
11 196
11 198
11 199
12 14
12 16
12 17
12 20
12 22
12 24
12 25
12 26
12 27
12 28
12 29
12 30
12 31
12 34
12 36
12 38
12 39
12 42
12 43
12 44
12 47
12 48
12 49
12 52
12 56
12 57
12 58
12 59
12 61
12 62
12 65
12 66
12 67
12 68
12 69
12 70
12 71
12 73
12 74
12 75
12 77
12 78
12 79
12 81
12 82
12 83
12 84
12 86
12 87
12 88
12 89
12 94
12 96
12 97
12 98
12 101
12 103
12 104
12 105
12 110
12 111
12 113
12 114
12 117
12 118
12 121
12 122
12 123
12 124
12 129
12 130
12 131
12 134
12 135
12 136
12 137
12 138
12 139
12 140
12 145
12 146
12 147
12 148
12 149
12 150
12 151
12 153
12 157
12 158
12 159
12 160
12 161
12 162
12 163
12 164
12 166
12 168
12 169
12 171
12 172
12 173
12 174
12 176
12 179
12 181
12 183
12 185
12 186
12 189
12 190
12 193
12 195
12 196
12 197
12 199
13 15
13 22
13 23
13 24
13 25
13 26
13 30
13 32
13 34
13 35
13 37
13 40
13 44
13 48
13 49
13 50
13 53
13 55
13 56
13 57
13 59
13 60
13 61
13 62
13 64
13 65
13 66
13 68
13 69
13 70
13 71
13 73
13 74
13 75
13 79
13 80
13 82
13 84
13 85
13 89
13 90
13 91
13 96
13 97
13 99
13 100
13 102
13 103
13 104
13 105
13 106
13 108
13 109
13 112
13 114
13 115
13 117
13 118
13 119
13 120
13 123
13 124
13 126
13 127
13 129
13 135
13 141
13 142
13 144
13 145
13 151
13 152
13 153
13 154
13 155
13 156
13 159
13 161
13 162
13 163
13 164
13 167
13 170
13 171
13 172
13 173
13 175
13 176
13 178
13 180
13 181
13 183
13 185
13 186
13 188
13 189
13 190
13 191
13 192
13 193
13 194
13 195
13 198
13 199
14 17
14 18
14 19
14 21
14 22
14 24
14 27
14 30
14 32
14 33
14 34
14 38
14 39
14 40
14 42
14 43
14 45
14 48
14 49
14 50
14 51
14 52
14 56
14 58
14 59
14 60
14 63
14 65
14 68
14 70
14 71
14 72
14 74
14 76
14 78
14 80
14 85
14 88
14 89
14 90
14 91
14 92
14 93
14 94
14 98
14 99
14 100
14 101
14 102
14 105
14 108
14 109
14 110
14 113
14 114
14 119
14 120
14 121
14 123
14 124
14 127
14 128
14 129
14 131
14 132
14 134
14 135
14 139
14 141
14 143
14 145
14 146
14 147
14 149
14 150
14 151
14 152
14 153
14 154
14 156
14 157
14 158
14 160
14 163
14 165
14 166
14 167
14 169
14 171
14 175
14 177
14 178
14 181
14 182
14 183
14 184
14 185
14 186
14 187
14 188
14 189
14 191
14 194
14 196
14 197
14 199
15 16
15 17
15 19
15 20
15 21
15 22
15 23
15 24
15 25
15 26
15 27
15 28
15 31
15 32
15 33
15 34
15 35
15 39
15 40
15 41
15 42
15 43
15 49
15 50
15 53
15 55
15 56
15 58
15 59
15 60
15 61
15 62
15 64
15 65
15 68
15 71
15 74
15 75
15 76
15 77
15 78
15 79
15 83
15 84
15 85
15 87
15 88
15 91
15 92
15 94
15 95
15 96
15 97
15 98
15 101
15 103
15 104
15 105
15 106
15 108
15 111
15 112
15 113
15 116
15 117
15 118
15 119
15 120
15 122
15 123
15 124
15 125
15 126
15 128
15 129
15 130
15 132
15 133
15 134
15 135
15 136
15 137
15 141
15 142
15 145
15 146
15 148
15 151
15 155
15 156
15 158
15 159
15 164
15 167
15 169
15 170
15 171
15 174
15 175
15 176
15 178
15 179
15 181
15 182
15 183
15 184
15 186
15 189
15 190
15 191
15 192
15 193
15 195
15 197
16 17
16 18
16 21
16 24
16 25
16 27
16 31
16 32
16 34
16 35
16 36
16 37
16 38
16 40
16 41
16 46
16 48
16 50
16 51
16 52
16 53
16 56
16 57
16 60
16 61
16 63
16 64
16 65
16 66
16 70
16 73
16 75
16 76
16 77
16 78
16 79
16 80
16 82
16 83
16 84
16 88
16 89
16 90
16 91
16 93
16 96
16 97
16 99
16 104
16 105
16 106
16 107
16 110
16 112
16 114
16 115
16 118
16 120
16 121
16 123
16 125
16 126
16 127
16 128
16 130
16 132
16 134
16 136
16 139
16 141
16 142
16 143
16 146
16 147
16 150
16 154
16 156
16 157
16 158
16 159
16 160
16 164
16 165
16 166
16 167
16 168
16 169
16 171
16 173
16 174
16 175
16 176
16 178
16 179
16 180
16 182
16 187
16 188
16 190
16 191
16 193
16 196
16 197
16 199
17 20
17 21
17 22
17 24
17 25
17 27
17 28
17 29
17 30
17 33
17 34
17 35
17 40
17 44
17 46
17 47
17 48
17 50
17 51
17 54
17 55
17 56
17 57
17 58
17 59
17 60
17 63
17 64
17 65
17 66
17 70
17 71
17 72
17 74
17 76
17 79
17 83
17 84
17 86
17 88
17 89
17 93
17 94
17 95
17 96
17 97
17 101
17 102
17 103
17 107
17 108
17 109
17 114
17 118
17 119
17 120
17 122
17 126
17 127
17 128
17 129
17 130
17 133
17 134
17 135
17 137
17 138
17 140
17 141
17 143
17 145
17 146
17 148
17 149
17 152
17 153
17 155
17 156
17 157
17 159
17 161
17 162
17 164
17 165
17 167
17 168
17 170
17 171
17 172
17 174
17 177
17 178
17 181
17 182
17 183
17 184
17 186
17 189
17 190
17 191
17 193
17 194
17 195
17 198
17 199
18 19
18 20
18 21
18 23
18 24
18 26
18 27
18 28
18 30
18 34
18 35
18 36
18 37
18 38
18 39
18 40
18 43
18 49
18 51
18 52
18 54
18 55
18 56
18 57
18 58
18 59
18 62
18 65
18 66
18 68
18 69
18 72
18 76
18 80
18 81
18 82
18 83
18 84
18 85
18 86
18 87
18 88
18 90
18 91
18 92
18 93
18 94
18 95
18 97
18 99
18 103
18 104
18 105
18 107
18 109
18 110
18 111
18 112
18 113
18 115
18 116
18 117
18 118
18 119
18 120
18 121
18 122
18 123
18 127
18 129
18 130
18 133
18 135
18 136
18 137
18 138
18 140
18 142
18 143
18 145
18 148
18 149
18 153
18 155
18 156
18 158
18 163
18 164
18 167
18 168
18 169
18 170
18 172
18 175
18 177
18 178
18 179
18 181
18 182
18 183
18 184
18 185
18 186
18 188
18 191
18 192
18 194
18 196
18 197
18 198
19 24
19 25
19 26
19 27
19 28
19 29
19 30
19 31
19 32
19 34
19 36
19 38
19 39
19 42
19 43
19 44
19 45
19 46
19 51
19 52
19 53
19 54
19 55
19 57
19 58
19 61
19 62
19 63
19 65
19 68
19 69
19 72
19 76
19 77
19 79
19 82
19 83
19 84
19 85
19 86
19 87
19 88
19 89
19 90
19 91
19 93
19 96
19 97
19 99
19 100
19 101
19 103
19 104
19 105
19 107
19 108
19 109
19 111
19 112
19 113
19 115
19 116
19 118
19 121
19 123
19 124
19 126
19 128
19 129
19 130
19 131
19 136
19 139
19 140
19 141
19 142
19 144
19 145
19 150
19 153
19 154
19 155
19 162
19 164
19 165
19 167
19 168
19 169
19 170
19 176
19 177
19 179
19 180
19 181
19 182
19 183
19 184
19 189
19 191
19 192
19 194
19 197
19 198
19 199
20 21
20 23
20 24
20 26
20 27
20 30
20 31
20 35
20 36
20 39
20 41
20 42
20 43
20 45
20 46
20 47
20 48
20 49
20 50
20 51
20 54
20 55
20 56
20 57
20 58
20 63
20 65
20 67
20 68
20 70
20 73
20 75
20 76
20 77
20 78
20 79
20 80
20 81
20 83
20 84
20 85
20 87
20 88
20 92
20 94
20 96
20 97
20 98
20 99
20 101
20 102
20 104
20 108
20 110
20 111
20 112
20 114
20 115
20 116
20 122
20 125
20 126
20 128
20 129
20 130
20 131
20 132
20 133
20 134
20 135
20 136
20 137
20 138
20 139
20 140
20 141
20 142
20 143
20 145
20 148
20 150
20 153
20 158
20 162
20 163
20 164
20 165
20 166
20 167
20 169
20 170
20 171
20 173
20 174
20 176
20 177
20 178
20 179
20 180
20 182
20 183
20 184
20 185
20 186
20 188
20 189
20 190
20 194
20 198
21 24
21 26
21 27
21 29
21 31
21 33
21 35
21 36
21 37
21 39
21 41
21 42
21 44
21 45
21 47
21 48
21 49
21 51
21 52
21 53
21 54
21 56
21 57
21 58
21 59
21 60
21 62
21 64
21 66
21 67
21 68
21 71
21 72
21 73
21 74
21 75
21 77
21 78
21 79
21 80
21 81
21 84
21 85
21 86
21 87
21 88
21 89
21 91
21 93
21 94
21 95
21 97
21 99
21 100
21 101
21 103
21 105
21 106
21 108
21 109
21 112
21 113
21 114
21 115
21 116
21 117
21 119
21 121
21 123
21 125
21 126
21 128
21 129
21 130
21 131
21 135
21 137
21 138
21 140
21 141
21 142
21 143
21 144
21 145
21 148
21 149
21 150
21 151
21 155
21 156
21 157
21 160
21 163
21 166
21 168
21 170
21 171
21 175
21 176
21 178
21 181
21 186
21 187
21 188
21 191
21 192
21 193
21 196
21 197
21 198
21 199
22 25
22 26
22 31
22 32
22 35
22 36
22 37
22 38
22 39
22 40
22 42
22 44
22 45
22 51
22 53
22 54
22 56
22 60
22 61
22 62
22 65
22 66
22 68
22 71
22 73
22 74
22 76
22 77
22 78
22 81
22 82
22 86
22 87
22 88
22 89
22 91
22 93
22 98
22 100
22 101
22 102
22 105
22 108
22 111
22 112
22 113
22 114
22 116
22 117
22 119
22 121
22 123
22 124
22 125
22 126
22 127
22 128
22 129
22 130
22 133
22 134
22 135
22 137
22 141
22 142
22 143
22 144
22 145
22 146
22 147
22 148
22 149
22 150
22 151
22 152
22 153
22 154
22 156
22 157
22 158
22 161
22 165
22 166
22 167
22 173
22 174
22 175
22 176
22 179
22 182
22 187
22 189
22 191
22 192
22 193
22 195
22 196
22 197
23 25
23 28
23 30
23 32
23 37
23 39
23 41
23 42
23 44
23 46
23 47
23 48
23 49
23 51
23 52
23 54
23 55
23 58
23 59
23 60
23 61
23 62
23 63
23 64
23 66
23 67
23 68
23 69
23 72
23 73
23 74
23 75
23 76
23 77
23 78
23 79
23 80
23 82
23 83
23 86
23 87
23 90
23 91
23 93
23 94
23 95
23 97
23 103
23 104
23 107
23 109
23 110
23 111
23 112
23 113
23 115
23 116
23 118
23 120
23 121
23 124
23 125
23 126
23 127
23 128
23 129
23 130
23 131
23 134
23 135
23 136
23 139
23 141
23 144
23 145
23 147
23 148
23 150
23 151
23 152
23 154
23 155
23 159
23 160
23 161
23 162
23 163
23 164
23 167
23 168
23 170
23 172
23 174
23 177
23 178
23 179
23 180
23 181
23 183
23 184
23 188
23 194
23 196
23 197
23 199
24 26
24 27
24 28
24 29
24 30
24 31
24 32
24 33
24 34
24 35
24 36
24 37
24 43
24 45
24 46
24 47
24 48
24 51
24 52
24 55
24 56
24 58
24 60
24 61
24 62
24 65
24 66
24 69
24 70
24 71
24 72
24 73
24 76
24 78
24 80
24 84
24 90
24 91
24 92
24 99
24 103
24 104
24 105
24 107
24 109
24 110
24 111
24 112
24 117
24 118
24 119
24 121
24 123
24 124
24 125
24 127
24 129
24 130
24 131
24 132
24 133
24 134
24 136
24 137
24 141
24 144
24 145
24 147
24 148
24 150
24 151
24 154
24 158
24 159
24 164
24 165
24 166
24 168
24 170
24 173
24 174
24 175
24 176
24 178
24 179
24 181
24 182
24 183
24 188
24 189
24 190
24 192
24 193
24 195
24 197
24 198
24 199
25 26
25 27
25 28
25 29
25 30
25 31
25 32
25 33
25 34
25 37
25 38
25 39
25 40
25 41
25 43
25 44
25 45
25 46
25 47
25 48
25 52
25 53
25 54
25 55
25 56
25 58
25 59
25 62
25 63
25 65
25 66
25 68
25 69
25 70
25 71
25 74
25 76
25 77
25 78
25 79
25 81
25 82
25 83
25 84
25 85
25 86
25 89
25 90
25 91
25 97
25 101
25 106
25 107
25 108
25 109
25 111
25 112
25 114
25 115
25 116
25 118
25 119
25 120
25 121
25 122
25 123
25 124
25 125
25 127
25 128
25 130
25 131
25 133
25 135
25 137
25 138
25 139
25 140
25 142
25 144
25 147
25 148
25 151
25 152
25 154
25 155
25 158
25 160
25 161
25 162
25 165
25 167
25 168
25 170
25 171
25 172
25 175
25 178
25 179
25 180
25 181
25 183
25 184
25 186
25 187
25 189
25 190
25 192
25 195
25 196
25 197
25 199
26 28
26 29
26 30
26 32
26 33
26 34
26 35
26 37
26 38
26 39
26 41
26 44
26 45
26 46
26 47
26 48
26 49
26 53
26 54
26 55
26 56
26 57
26 58
26 60
26 62
26 67
26 69
26 70
26 71
26 72
26 73
26 77
26 78
26 80
26 82
26 83
26 84
26 85
26 87
26 88
26 89
26 91
26 94
26 96
26 97
26 98
26 99
26 100
26 101
26 104
26 106
26 107
26 108
26 110
26 111
26 115
26 117
26 119
26 120
26 121
26 122
26 123
26 124
26 125
26 126
26 127
26 129
26 133
26 134
26 135
26 140
26 141
26 142
26 144
26 145
26 147
26 149
26 151
26 152
26 156
26 158
26 159
26 161
26 162
26 164
26 165
26 166
26 167
26 168
26 170
26 172
26 174
26 177
26 179
26 183
26 184
26 185
26 186
26 188
26 189
26 190
26 192
26 193
26 195
26 196
26 197
26 199
27 29
27 32
27 33
27 34
27 35
27 37
27 38
27 39
27 40
27 42
27 43
27 44
27 45
27 47
27 48
27 49
27 50
27 51
27 55
27 56
27 57
27 59
27 60
27 62
27 63
27 64
27 65
27 67
27 68
27 69
27 70
27 73
27 74
27 77
27 78
27 79
27 81
27 82
27 84
27 85
27 87
27 88
27 89
27 91
27 94
27 96
27 97
27 98
27 100
27 102
27 103
27 106
27 107
27 108
27 112
27 115
27 117
27 118
27 120
27 121
27 123
27 124
27 125
27 126
27 127
27 131
27 133
27 134
27 136
27 138
27 139
27 143
27 144
27 145
27 146
27 147
27 149
27 150
27 151
27 152
27 157
27 159
27 161
27 162
27 163
27 164
27 165
27 166
27 167
27 169
27 170
27 172
27 173
27 174
27 175
27 176
27 177
27 178
27 179
27 181
27 183
27 184
27 185
27 188
27 189
27 190
27 191
27 192
27 193
27 195
27 196
27 197
27 199
28 29
28 30
28 31
28 32
28 35
28 36
28 37
28 38
28 39
28 40
28 43
28 44
28 45
28 46
28 47
28 48
28 49
28 50
28 51
28 52
28 53
28 55
28 59
28 61
28 63
28 64
28 66
28 68
28 69
28 71
28 73
28 75
28 77
28 78
28 80
28 82
28 85
28 90
28 91
28 92
28 93
28 98
28 100
28 101
28 104
28 105
28 107
28 109
28 110
28 111
28 112
28 113
28 115
28 116
28 117
28 118
28 119
28 121
28 124
28 125
28 126
28 127
28 128
28 132
28 135
28 136
28 137
28 139
28 140
28 144
28 145
28 146
28 147
28 149
28 150
28 153
28 154
28 156
28 159
28 164
28 165
28 166
28 167
28 170
28 172
28 173
28 174
28 176
28 178
28 179
28 181
28 183
28 184
28 185
28 186
28 187
28 190
28 194
28 195
28 196
28 198
29 31
29 33
29 36
29 37
29 38
29 39
29 40
29 43
29 45
29 47
29 50
29 52
29 53
29 54
29 55
29 56
29 57
29 58
29 59
29 61
29 64
29 66
29 67
29 69
29 70
29 71
29 73
29 78
29 79
29 80
29 83
29 87
29 89
29 90
29 92
29 93
29 94
29 95
29 96
29 97
29 98
29 99
29 101
29 102
29 103
29 104
29 105
29 108
29 109
29 110
29 111
29 113
29 115
29 118
29 120
29 122
29 125
29 126
29 127
29 128
29 132
29 133
29 135
29 136
29 138
29 140
29 142
29 143
29 145
29 149
29 150
29 153
29 154
29 155
29 157
29 161
29 162
29 163
29 166
29 167
29 169
29 170
29 171
29 172
29 173
29 174
29 177
29 182
29 183
29 184
29 186
29 187
29 188
29 189
29 193
29 194
29 195
29 196
29 197
29 199
30 32
30 35
30 36
30 37
30 38
30 39
30 40
30 41
30 43
30 47
30 48
30 49
30 50
30 52
30 54
30 55
30 57
30 58
30 60
30 61
30 62
30 63
30 64
30 65
30 69
30 72
30 73
30 75
30 76
30 77
30 78
30 80
30 81
30 82
30 83
30 85
30 87
30 88
30 91
30 92
30 93
30 94
30 96
30 97
30 99
30 100
30 101
30 102
30 103
30 105
30 107
30 112
30 114
30 115
30 116
30 117
30 118
30 120
30 122
30 123
30 125
30 128
30 129
30 132
30 135
30 136
30 138
30 140
30 142
30 143
30 146
30 148
30 149
30 150
30 151
30 152
30 154
30 157
30 160
30 161
30 165
30 168
30 169
30 170
30 171
30 172
30 173
30 175
30 176
30 177
30 178
30 179
30 180
30 183
30 184
30 187
30 188
30 189
30 190
30 195
30 196
30 197
30 198
30 199
31 32
31 33
31 36
31 37
31 38
31 40
31 41
31 44
31 45
31 46
31 47
31 50
31 53
31 54
31 58
31 59
31 61
31 65
31 69
31 71
31 72
31 73
31 74
31 76
31 79
31 80
31 82
31 83
31 85
31 86
31 89
31 90
31 91
31 92
31 93
31 94
31 95
31 96
31 98
31 99
31 100
31 103
31 104
31 106
31 107
31 108
31 110
31 114
31 115
31 116
31 117
31 118
31 119
31 120
31 123
31 124
31 126
31 127
31 128
31 129
31 132
31 137
31 138
31 139
31 141
31 142
31 143
31 144
31 146
31 147
31 148
31 151
31 152
31 153
31 157
31 158
31 160
31 162
31 163
31 165
31 166
31 169
31 170
31 172
31 173
31 175
31 177
31 178
31 180
31 182
31 183
31 184
31 187
31 188
31 190
31 192
31 193
31 194
31 196
31 199
32 33
32 35
32 36
32 37
32 39
32 40
32 41
32 42
32 44
32 45
32 47
32 48
32 49
32 50
32 52
32 54
32 56
32 57
32 58
32 61
32 63
32 64
32 67
32 70
32 71
32 72
32 76
32 77
32 78
32 80
32 82
32 83
32 84
32 85
32 86
32 87
32 89
32 90
32 91
32 92
32 94
32 95
32 96
32 98
32 99
32 101
32 103
32 105
32 106
32 107
32 108
32 109
32 110
32 111
32 112
32 113
32 114
32 115
32 116
32 117
32 120
32 122
32 124
32 126
32 128
32 129
32 130
32 131
32 135
32 138
32 139
32 140
32 141
32 144
32 145
32 147
32 150
32 152
32 153
32 154
32 155
32 156
32 159
32 160
32 161
32 162
32 163
32 164
32 166
32 167
32 168
32 169
32 170
32 171
32 173
32 174
32 175
32 176
32 177
32 179
32 180
32 181
32 182
32 184
32 185
32 186
32 187
32 189
32 192
32 193
32 194
32 195
32 196
32 197
32 198
32 199
33 36
33 37
33 38
33 40
33 41
33 42
33 43
33 45
33 46
33 52
33 54
33 55
33 56
33 57
33 58
33 59
33 62
33 63
33 68
33 69
33 70
33 71
33 72
33 73
33 76
33 77
33 79
33 82
33 83
33 84
33 87
33 88
33 89
33 90
33 91
33 93
33 97
33 98
33 101
33 103
33 104
33 105
33 106
33 109
33 112
33 113
33 114
33 115
33 117
33 122
33 123
33 124
33 126
33 127
33 128
33 129
33 131
33 132
33 133
33 134
33 135
33 136
33 137
33 138
33 139
33 140
33 141
33 143
33 145
33 146
33 149
33 150
33 151
33 152
33 155
33 156
33 157
33 159
33 163
33 167
33 168
33 169
33 173
33 174
33 178
33 179
33 180
33 181
33 184
33 185
33 186
33 188
33 189
33 192
33 193
33 194
33 195
33 196
33 198
33 199
34 35
34 37
34 38
34 41
34 47
34 48
34 49
34 52
34 54
34 56
34 58
34 60
34 61
34 67
34 68
34 69
34 72
34 73
34 74
34 75
34 76
34 79
34 80
34 81
34 83
34 86
34 87
34 89
34 91
34 92
34 93
34 94
34 95
34 96
34 99
34 102
34 103
34 105
34 106
34 108
34 109
34 111
34 112
34 115
34 117
34 119
34 120
34 122
34 123
34 124
34 126
34 127
34 128
34 130
34 131
34 133
34 140
34 141
34 143
34 144
34 145
34 146
34 147
34 148
34 150
34 152
34 153
34 155
34 157
34 158
34 159
34 160
34 161
34 164
34 165
34 166
34 167
34 168
34 169
34 172
34 173
34 175
34 176
34 178
34 179
34 180
34 181
34 182
34 183
34 186
34 187
34 188
34 189
34 190
34 191
34 195
34 197
34 199
35 36
35 37
35 39
35 40
35 41
35 44
35 45
35 47
35 49
35 50
35 53
35 54
35 55
35 57
35 58
35 59
35 60
35 61
35 63
35 65
35 66
35 67
35 68
35 69
35 72
35 75
35 78
35 80
35 81
35 82
35 84
35 85
35 86
35 87
35 89
35 90
35 97
35 100
35 101
35 104
35 105
35 106
35 107
35 108
35 109
35 111
35 112
35 113
35 114
35 115
35 116
35 117
35 118
35 119
35 120
35 121
35 124
35 126
35 127
35 128
35 130
35 134
35 135
35 138
35 139
35 143
35 144
35 146
35 148
35 149
35 150
35 151
35 152
35 154
35 155
35 157
35 159
35 163
35 164
35 165
35 167
35 168
35 170
35 172
35 176
35 179
35 180
35 182
35 183
35 184
35 185
35 186
35 187
35 188
35 189
35 192
35 194
35 195
35 197
35 198
35 199
36 37
36 39
36 40
36 41
36 42
36 44
36 45
36 47
36 48
36 49
36 51
36 53
36 54
36 56
36 57
36 59
36 61
36 63
36 64
36 66
36 69
36 71
36 73
36 75
36 76
36 77
36 78
36 79
36 81
36 82
36 83
36 84
36 86
36 87
36 88
36 89
36 90
36 92
36 95
36 96
36 98
36 99
36 100
36 101
36 104
36 105
36 106
36 109
36 112
36 113
36 114
36 115
36 116
36 117
36 119
36 120
36 121
36 122
36 123
36 124
36 126
36 130
36 133
36 134
36 137
36 138
36 140
36 143
36 144
36 146
36 149
36 150
36 152
36 153
36 155
36 156
36 159
36 160
36 161
36 163
36 164
36 165
36 166
36 167
36 168
36 169
36 170
36 171
36 172
36 175
36 180
36 182
36 184
36 185
36 186
36 187
36 188
36 190
36 191
36 192
36 194
36 196
36 197
37 39
37 40
37 41
37 44
37 47
37 48
37 49
37 52
37 54
37 55
37 56
37 57
37 58
37 60
37 61
37 62
37 63
37 64
37 65
37 66
37 68
37 71
37 72
37 73
37 74
37 75
37 77
37 78
37 80
37 82
37 83
37 84
37 85
37 86
37 88
37 89
37 91
37 92
37 93
37 94
37 95
37 97
37 98
37 99
37 100
37 101
37 104
37 105
37 108
37 110
37 111
37 113
37 116
37 117
37 118
37 120
37 121
37 123
37 124
37 129
37 132
37 133
37 135
37 136
37 137
37 142
37 144
37 145
37 146
37 147
37 150
37 151
37 154
37 155
37 156
37 158
37 159
37 160
37 162
37 166
37 168
37 169
37 170
37 171
37 172
37 174
37 176
37 178
37 179
37 180
37 181
37 182
37 183
37 184
37 185
37 188
37 192
37 195
37 197
37 199
38 40
38 41
38 42
38 44
38 47
38 49
38 51
38 52
38 54
38 55
38 56
38 58
38 59
38 60
38 61
38 62
38 63
38 67
38 68
38 69
38 70
38 72
38 75
38 77
38 78
38 79
38 82
38 84
38 85
38 87
38 88
38 90
38 91
38 93
38 94
38 95
38 96
38 98
38 101
38 102
38 103
38 104
38 106
38 107
38 108
38 109
38 110
38 113
38 114
38 115
38 117
38 118
38 119
38 120
38 121
38 122
38 127
38 128
38 131
38 137
38 138
38 141
38 144
38 146
38 147
38 148
38 149
38 151
38 154
38 156
38 157
38 160
38 161
38 163
38 164
38 166
38 167
38 168
38 170
38 171
38 172
38 173
38 174
38 175
38 177
38 179
38 182
38 183
38 184
38 187
38 188
38 189
38 192
38 193
38 194
38 195
38 197
38 198
38 199
39 40
39 41
39 42
39 45
39 47
39 49
39 53
39 55
39 57
39 59
39 60
39 61
39 62
39 63
39 64
39 65
39 66
39 69
39 71
39 72
39 74
39 75
39 77
39 79
39 81
39 83
39 85
39 88
39 89
39 90
39 91
39 92
39 93
39 95
39 97
39 98
39 99
39 101
39 102
39 103
39 110
39 112
39 113
39 114
39 115
39 116
39 118
39 121
39 124
39 125
39 127
39 129
39 130
39 131
39 132
39 134
39 135
39 137
39 139
39 140
39 141
39 142
39 144
39 147
39 149
39 152
39 153
39 154
39 155
39 156
39 157
39 164
39 165
39 166
39 167
39 168
39 169
39 170
39 171
39 172
39 175
39 184
39 185
39 187
39 190
39 192
39 193
39 195
39 196
40 43
40 46
40 49
40 51
40 52
40 53
40 54
40 55
40 57
40 59
40 60
40 61
40 64
40 65
40 66
40 67
40 68
40 70
40 71
40 72
40 73
40 74
40 75
40 76
40 78
40 79
40 80
40 81
40 84
40 85
40 86
40 87
40 88
40 89
40 92
40 93
40 94
40 95
40 96
40 97
40 98
40 99
40 100
40 101
40 102
40 103
40 104
40 105
40 106
40 107
40 108
40 109
40 111
40 112
40 113
40 116
40 117
40 118
40 119
40 120
40 122
40 123
40 124
40 125
40 126
40 128
40 129
40 131
40 132
40 133
40 135
40 136
40 137
40 138
40 139
40 140
40 141
40 143
40 144
40 146
40 147
40 148
40 150
40 151
40 153
40 154
40 156
40 158
40 159
40 161
40 162
40 164
40 166
40 167
40 171
40 172
40 174
40 175
40 177
40 178
40 179
40 180
40 181
40 184
40 185
40 186
40 191
40 193
40 194
40 198
40 199
41 43
41 44
41 45
41 47
41 48
41 50
41 51
41 52
41 53
41 56
41 58
41 59
41 61
41 62
41 63
41 64
41 68
41 69
41 70
41 71
41 76
41 77
41 78
41 80
41 81
41 84
41 90
41 91
41 92
41 93
41 99
41 102
41 103
41 105
41 106
41 109
41 110
41 111
41 112
41 113
41 114
41 115
41 116
41 117
41 118
41 119
41 121
41 122
41 125
41 126
41 129
41 132
41 133
41 135
41 136
41 137
41 138
41 140
41 141
41 143
41 144
41 146
41 148
41 149
41 150
41 151
41 152
41 154
41 156
41 157
41 159
41 161
41 162
41 163
41 166
41 167
41 168
41 169
41 171
41 172
41 173
41 174
41 175
41 176
41 181
41 183
41 185
41 191
41 192
41 194
41 195
41 198
42 44
42 46
42 47
42 49
42 50
42 52
42 55
42 56
42 57
42 59
42 62
42 63
42 64
42 67
42 68
42 70
42 72
42 73
42 74
42 76
42 78
42 79
42 80
42 81
42 83
42 85
42 87
42 91
42 92
42 93
42 94
42 96
42 97
42 99
42 100
42 101
42 102
42 107
42 110
42 113
42 119
42 121
42 124
42 126
42 127
42 129
42 130
42 131
42 132
42 134
42 135
42 137
42 139
42 140
42 143
42 144
42 146
42 147
42 148
42 149
42 150
42 151
42 152
42 153
42 154
42 155
42 157
42 158
42 159
42 163
42 164
42 166
42 168
42 169
42 170
42 171
42 173
42 174
42 175
42 176
42 177
42 178
42 179
42 181
42 183
42 184
42 185
42 187
42 188
42 195
42 197
42 198
43 46
43 47
43 49
43 51
43 52
43 53
43 55
43 56
43 57
43 58
43 59
43 61
43 62
43 63
43 67
43 68
43 69
43 72
43 74
43 75
43 77
43 81
43 82
43 84
43 87
43 88
43 89
43 90
43 92
43 96
43 97
43 98
43 99
43 100
43 102
43 104
43 105
43 109
43 110
43 112
43 113
43 114
43 115
43 116
43 119
43 120
43 121
43 122
43 124
43 125
43 128
43 129
43 130
43 132
43 133
43 137
43 138
43 139
43 142
43 146
43 147
43 148
43 151
43 152
43 157
43 158
43 159
43 160
43 163
43 164
43 165
43 166
43 167
43 171
43 174
43 177
43 180
43 181
43 183
43 185
43 186
43 187
43 190
43 191
43 193
43 194
43 195
43 197
44 45
44 46
44 48
44 49
44 50
44 52
44 53
44 54
44 56
44 57
44 62
44 64
44 65
44 66
44 67
44 70
44 71
44 73
44 76
44 77
44 80
44 82
44 83
44 85
44 89
44 90
44 92
44 93
44 95
44 98
44 100
44 101
44 103
44 105
44 108
44 110
44 112
44 114
44 116
44 118
44 119
44 120
44 121
44 123
44 124
44 125
44 126
44 127
44 130
44 132
44 133
44 135
44 136
44 137
44 139
44 140
44 141
44 142
44 143
44 144
44 146
44 147
44 148
44 149
44 150
44 151
44 154
44 155
44 157
44 161
44 162
44 164
44 166
44 167
44 168
44 169
44 170
44 171
44 174
44 175
44 177
44 178
44 182
44 184
44 187
44 188
44 189
44 190
44 196
44 197
44 199
45 47
45 50
45 51
45 52
45 55
45 56
45 57
45 58
45 61
45 64
45 65
45 66
45 68
45 69
45 70
45 71
45 75
45 76
45 77
45 78
45 79
45 80
45 84
45 86
45 87
45 88
45 89
45 91
45 93
45 94
45 95
45 97
45 100
45 101
45 102
45 103
45 105
45 106
45 107
45 109
45 110
45 113
45 114
45 115
45 116
45 117
45 118
45 120
45 122
45 124
45 125
45 127
45 128
45 129
45 130
45 131
45 132
45 134
45 135
45 136
45 137
45 138
45 140
45 143
45 144
45 145
45 147
45 148
45 149
45 150
45 151
45 152
45 153
45 154
45 155
45 158
45 162
45 166
45 167
45 168
45 169
45 170
45 172
45 173
45 176
45 177
45 180
45 182
45 184
45 185
45 187
45 188
45 189
45 190
45 191
45 192
45 197
45 199
46 47
46 48
46 51
46 52
46 53
46 54
46 55
46 56
46 57
46 62
46 63
46 66
46 67
46 68
46 69
46 70
46 71
46 72
46 76
46 77
46 78
46 79
46 88
46 90
46 92
46 93
46 94
46 97
46 98
46 100
46 105
46 106
46 107
46 108
46 111
46 112
46 113
46 114
46 118
46 119
46 120
46 121
46 122
46 123
46 125
46 126
46 129
46 130
46 133
46 134
46 136
46 137
46 138
46 139
46 141
46 143
46 144
46 146
46 151
46 152
46 153
46 155
46 158
46 160
46 161
46 162
46 168
46 169
46 170
46 173
46 174
46 175
46 176
46 178
46 183
46 186
46 187
46 188
46 190
46 191
46 193
46 194
46 195
46 196
46 198
46 199
47 48
47 49
47 50
47 51
47 52
47 53
47 54
47 55
47 56
47 59
47 61
47 63
47 65
47 66
47 68
47 69
47 71
47 72
47 74
47 75
47 78
47 79
47 80
47 81
47 82
47 83
47 84
47 85
47 86
47 88
47 91
47 92
47 93
47 94
47 103
47 104
47 107
47 108
47 110
47 112
47 113
47 114
47 115
47 117
47 118
47 120
47 125
47 128
47 129
47 132
47 134
47 135
47 137
47 138
47 144
47 151
47 155
47 156
47 157
47 158
47 159
47 160
47 161
47 162
47 164
47 167
47 168
47 172
47 178
47 179
47 181
47 183
47 184
47 185
47 186
47 187
47 188
47 189
47 191
47 192
47 193
47 194
47 195
47 196
47 197
47 199
48 49
48 50
48 51
48 52
48 54
48 55
48 56
48 58
48 59
48 61
48 62
48 66
48 68
48 69
48 70
48 72
48 73
48 75
48 76
48 77
48 78
48 79
48 80
48 83
48 84
48 85
48 86
48 87
48 88
48 89
48 90
48 91
48 93
48 94
48 95
48 96
48 97
48 104
48 106
48 107
48 108
48 111
48 112
48 118
48 119
48 120
48 121
48 123
48 124
48 125
48 126
48 128
48 132
48 135
48 136
48 138
48 139
48 140
48 143
48 147
48 148
48 149
48 151
48 153
48 154
48 155
48 156
48 157
48 158
48 159
48 162
48 164
48 166
48 168
48 169
48 173
48 174
48 175
48 176
48 177
48 178
48 179
48 182
48 184
48 186
48 187
48 188
48 190
48 193
48 194
48 195
48 196
48 197
48 198
48 199
49 50
49 53
49 54
49 55
49 56
49 57
49 58
49 60
49 61
49 62
49 63
49 64
49 66
49 67
49 68
49 69
49 70
49 71
49 74
49 75
49 76
49 78
49 83
49 84
49 86
49 87
49 88
49 89
49 90
49 93
49 97
49 100
49 101
49 102
49 105
49 108
49 112
49 114
49 116
49 118
49 120
49 121
49 122
49 124
49 125
49 126
49 127
49 128
49 129
49 130
49 131
49 132
49 133
49 135
49 136
49 137
49 138
49 140
49 143
49 146
49 147
49 148
49 149
49 150
49 152
49 153
49 154
49 157
49 158
49 161
49 162
49 163
49 164
49 165
49 166
49 167
49 168
49 170
49 171
49 172
49 175
49 176
49 182
49 187
49 188
49 189
49 190
49 191
49 193
49 195
49 196
49 197
49 198
50 51
50 52
50 53
50 55
50 58
50 59
50 60
50 61
50 62
50 63
50 68
50 69
50 70
50 72
50 73
50 75
50 76
50 80
50 81
50 82
50 85
50 86
50 87
50 88
50 90
50 91
50 92
50 93
50 94
50 95
50 98
50 99
50 100
50 101
50 102
50 103
50 104
50 105
50 106
50 107
50 109
50 111
50 113
50 114
50 116
50 117
50 120
50 121
50 124
50 126
50 127
50 130
50 132
50 133
50 134
50 136
50 137
50 138
50 139
50 140
50 141
50 142
50 143
50 144
50 145
50 146
50 147
50 149
50 150
50 151
50 152
50 155
50 156
50 157
50 160
50 161
50 162
50 163
50 164
50 167
50 168
50 169
50 171
50 172
50 173
50 177
50 178
50 181
50 184
50 185
50 186
50 187
50 188
50 189
50 190
50 193
50 194
50 196
50 197
50 199
51 52
51 53
51 56
51 57
51 58
51 59
51 61
51 64
51 65
51 66
51 67
51 69
51 70
51 71
51 73
51 76
51 77
51 82
51 85
51 86
51 87
51 89
51 91
51 92
51 95
51 98
51 99
51 100
51 101
51 103
51 104
51 106
51 107
51 108
51 109
51 110
51 111
51 112
51 113
51 115
51 117
51 118
51 120
51 121
51 122
51 126
51 127
51 129
51 133
51 134
51 135
51 136
51 137
51 140
51 141
51 144
51 145
51 146
51 147
51 148
51 149
51 150
51 151
51 152
51 155
51 156
51 157
51 158
51 160
51 162
51 163
51 164
51 165
51 168
51 171
51 172
51 173
51 174
51 175
51 182
51 185
51 186
51 187
51 188
51 192
51 194
51 195
51 196
51 197
51 198
52 53
52 54
52 55
52 56
52 58
52 60
52 61
52 63
52 64
52 65
52 67
52 68
52 69
52 71
52 73
52 75
52 78
52 79
52 80
52 81
52 82
52 83
52 84
52 85
52 86
52 87
52 88
52 89
52 90
52 93
52 95
52 96
52 97
52 98
52 99
52 100
52 103
52 104
52 105
52 107
52 108
52 109
52 112
52 114
52 116
52 118
52 119
52 120
52 122
52 125
52 127
52 128
52 130
52 131
52 134
52 137
52 138
52 139
52 140
52 142
52 145
52 148
52 150
52 151
52 153
52 155
52 156
52 158
52 159
52 160
52 162
52 163
52 164
52 168
52 169
52 170
52 171
52 172
52 173
52 175
52 176
52 177
52 179
52 180
52 183
52 184
52 186
52 190
52 191
52 192
52 193
52 194
52 195
52 196
52 197
52 198
53 54
53 55
53 61
53 63
53 65
53 67
53 69
53 70
53 71
53 72
53 73
53 77
53 79
53 80
53 81
53 82
53 85
53 86
53 87
53 88
53 90
53 94
53 96
53 98
53 99
53 101
53 102
53 103
53 105
53 106
53 107
53 108
53 111
53 112
53 113
53 114
53 117
53 118
53 124
53 125
53 127
53 129
53 130
53 133
53 134
53 135
53 136
53 137
53 138
53 139
53 140
53 141
53 143
53 144
53 146
53 147
53 148
53 149
53 150
53 153
53 154
53 158
53 159
53 160
53 161
53 162
53 163
53 164
53 165
53 167
53 168
53 171
53 173
53 174
53 175
53 176
53 178
53 179
53 180
53 181
53 182
53 183
53 184
53 185
53 187
53 188
53 190
53 191
53 192
53 193
53 196
53 197
54 55
54 56
54 58
54 60
54 62
54 63
54 66
54 67
54 70
54 73
54 75
54 78
54 80
54 81
54 82
54 89
54 92
54 97
54 98
54 99
54 100
54 102
54 103
54 105
54 107
54 108
54 109
54 110
54 115
54 117
54 119
54 122
54 123
54 126
54 130
54 132
54 136
54 139
54 140
54 141
54 143
54 144
54 146
54 147
54 148
54 152
54 154
54 155
54 157
54 163
54 164
54 165
54 168
54 169
54 170
54 171
54 172
54 173
54 174
54 175
54 176
54 177
54 179
54 180
54 183
54 184
54 186
54 187
54 189
54 190
54 194
54 195
54 196
54 197
54 199
55 57
55 58
55 59
55 62
55 63
55 64
55 65
55 67
55 68
55 69
55 70
55 71
55 72
55 75
55 77
55 78
55 79
55 80
55 81
55 82
55 85
55 86
55 87
55 90
55 91
55 92
55 97
55 98
55 99
55 100
55 102
55 103
55 105
55 106
55 108
55 109
55 111
55 112
55 113
55 118
55 119
55 120
55 121
55 122
55 124
55 126
55 127
55 128
55 129
55 130
55 134
55 137
55 139
55 140
55 141
55 143
55 144
55 146
55 149
55 151
55 152
55 153
55 154
55 155
55 156
55 157
55 158
55 159
55 161
55 162
55 164
55 165
55 167
55 169
55 170
55 173
55 174
55 177
55 180
55 181
55 182
55 183
55 185
55 186
55 188
55 189
55 191
55 193
55 194
55 197
55 198
56 57
56 59
56 60
56 62
56 63
56 64
56 67
56 68
56 70
56 71
56 72
56 73
56 74
56 75
56 76
56 77
56 78
56 79
56 80
56 82
56 83
56 86
56 88
56 91
56 92
56 93
56 94
56 95
56 96
56 98
56 100
56 105
56 106
56 110
56 114
56 116
56 118
56 120
56 121
56 124
56 125
56 126
56 128
56 129
56 130
56 131
56 132
56 133
56 135
56 137
56 138
56 140
56 141
56 142
56 145
56 146
56 147
56 148
56 150
56 152
56 153
56 154
56 155
56 157
56 158
56 159
56 164
56 166
56 167
56 170
56 171
56 174
56 175
56 176
56 180
56 181
56 184
56 187
56 188
56 189
56 190
56 191
56 193
56 198
56 199
57 58
57 59
57 62
57 64
57 65
57 66
57 67
57 68
57 69
57 71
57 72
57 75
57 76
57 78
57 79
57 82
57 84
57 85
57 86
57 87
57 90
57 91
57 93
57 94
57 98
57 99
57 100
57 102
57 103
57 104
57 107
57 108
57 109
57 111
57 112
57 115
57 119
57 122
57 123
57 126
57 127
57 129
57 130
57 131
57 132
57 133
57 135
57 137
57 138
57 139
57 145
57 146
57 147
57 148
57 149
57 152
57 153
57 154
57 156
57 158
57 159
57 160
57 161
57 162
57 163
57 164
57 165
57 166
57 167
57 168
57 169
57 173
57 175
57 176
57 179
57 180
57 181
57 183
57 186
57 187
57 191
57 193
57 194
57 195
57 197
57 198
58 59
58 60
58 62
58 63
58 66
58 67
58 70
58 75
58 76
58 77
58 78
58 79
58 81
58 82
58 85
58 86
58 87
58 91
58 93
58 94
58 96
58 97
58 98
58 103
58 107
58 108
58 111
58 115
58 116
58 118
58 119
58 121
58 125
58 126
58 128
58 129
58 132
58 134
58 137
58 138
58 139
58 140
58 144
58 145
58 146
58 147
58 149
58 150
58 151
58 152
58 154
58 157
58 160
58 161
58 162
58 163
58 164
58 165
58 166
58 168
58 169
58 171
58 172
58 173
58 175
58 176
58 177
58 178
58 179
58 180
58 181
58 182
58 183
58 184
58 187
58 188
58 189
58 190
58 191
58 193
58 194
58 195
58 197
58 198
58 199
59 60
59 61
59 62
59 68
59 69
59 70
59 72
59 73
59 75
59 78
59 80
59 81
59 82
59 83
59 93
59 94
59 95
59 96
59 98
59 99
59 100
59 109
59 113
59 114
59 115
59 117
59 119
59 121
59 122
59 123
59 124
59 126
59 128
59 130
59 131
59 132
59 134
59 135
59 136
59 138
59 141
59 143
59 144
59 146
59 149
59 151
59 153
59 154
59 155
59 159
59 161
59 162
59 163
59 164
59 165
59 167
59 169
59 172
59 174
59 175
59 179
59 182
59 183
59 184
59 186
59 187
59 188
59 189
59 191
59 192
59 193
59 195
59 197
59 198
60 61
60 62
60 65
60 66
60 67
60 70
60 71
60 73
60 74
60 77
60 78
60 79
60 80
60 81
60 82
60 83
60 84
60 85
60 88
60 95
60 96
60 97
60 99
60 102
60 104
60 105
60 110
60 112
60 114
60 115
60 116
60 117
60 118
60 119
60 122
60 123
60 124
60 126
60 127
60 129
60 131
60 132
60 133
60 135
60 137
60 138
60 139
60 141
60 143
60 147
60 149
60 150
60 151
60 152
60 153
60 155
60 157
60 160
60 161
60 164
60 165
60 167
60 168
60 169
60 170
60 171
60 173
60 175
60 180
60 182
60 183
60 184
60 185
60 186
60 187
60 189
60 192
60 193
60 194
60 195
60 197
60 198
60 199
61 65
61 69
61 70
61 72
61 74
61 75
61 76
61 77
61 78
61 79
61 80
61 84
61 88
61 89
61 91
61 92
61 93
61 94
61 95
61 97
61 99
61 101
61 104
61 105
61 106
61 107
61 108
61 110
61 111
61 114
61 115
61 116
61 118
61 120
61 121
61 122
61 124
61 126
61 127
61 130
61 132
61 133
61 134
61 135
61 136
61 139
61 140
61 141
61 143
61 148
61 151
61 152
61 153
61 154
61 155
61 156
61 157
61 160
61 162
61 165
61 167
61 170
61 172
61 174
61 177
61 181
61 183
61 184
61 185
61 188
61 189
61 190
61 191
61 192
61 193
61 195
61 196
62 63
62 64
62 68
62 70
62 71
62 74
62 78
62 80
62 83
62 84
62 87
62 88
62 90
62 91
62 92
62 95
62 96
62 98
62 102
62 103
62 104
62 105
62 106
62 109
62 110
62 111
62 112
62 115
62 116
62 119
62 120
62 130
62 133
62 134
62 135
62 136
62 138
62 141
62 142
62 143
62 144
62 145
62 146
62 148
62 150
62 151
62 152
62 155
62 158
62 159
62 160
62 161
62 163
62 164
62 165
62 166
62 167
62 169
62 170
62 171
62 172
62 174
62 175
62 177
62 178
62 179
62 180
62 181
62 182
62 183
62 184
62 185
62 186
62 188
62 189
62 190
62 191
62 192
62 194
62 195
62 196
62 197
62 198
63 66
63 67
63 68
63 69
63 70
63 71
63 73
63 74
63 76
63 78
63 79
63 80
63 83
63 85
63 86
63 89
63 90
63 91
63 92
63 94
63 97
63 98
63 100
63 105
63 108
63 112
63 118
63 119
63 120
63 121
63 124
63 128
63 130
63 133
63 134
63 135
63 139
63 140
63 141
63 142
63 144
63 145
63 146
63 147
63 148
63 150
63 151
63 152
63 153
63 156
63 159
63 160
63 161
63 164
63 165
63 166
63 169
63 172
63 174
63 175
63 178
63 179
63 180
63 181
63 182
63 183
63 184
63 185
63 186
63 187
63 188
63 189
63 191
63 192
63 194
63 195
63 198
63 199
64 65
64 66
64 67
64 68
64 69
64 70
64 71
64 72
64 74
64 77
64 80
64 81
64 85
64 88
64 90
64 91
64 92
64 94
64 96
64 97
64 98
64 99
64 101
64 102
64 103
64 104
64 106
64 107
64 108
64 110
64 112
64 113
64 115
64 116
64 117
64 118
64 119
64 122
64 125
64 126
64 128
64 129
64 130
64 132
64 133
64 135
64 136
64 139
64 146
64 147
64 148
64 149
64 150
64 151
64 152
64 154
64 156
64 158
64 159
64 161
64 164
64 165
64 166
64 167
64 169
64 170
64 172
64 173
64 176
64 178
64 179
64 180
64 181
64 184
64 188
64 190
64 192
64 193
64 194
64 195
64 196
64 197
64 198
65 66
65 69
65 71
65 76
65 77
65 78
65 79
65 82
65 86
65 87
65 88
65 90
65 91
65 92
65 95
65 97
65 98
65 99
65 102
65 103
65 106
65 107
65 108
65 109
65 110
65 111
65 114
65 115
65 118
65 122
65 123
65 125
65 126
65 127
65 130
65 131
65 133
65 134
65 136
65 139
65 140
65 145
65 146
65 147
65 148
65 153
65 154
65 156
65 157
65 158
65 162
65 165
65 170
65 171
65 175
65 177
65 179
65 181
65 184
65 185
65 186
65 188
65 189
65 190
65 191
65 195
65 196
65 198
66 68
66 70
66 71
66 72
66 73
66 74
66 75
66 77
66 78
66 80
66 84
66 85
66 86
66 87
66 88
66 89
66 90
66 92
66 94
66 95
66 96
66 98
66 102
66 103
66 109
66 111
66 112
66 113
66 114
66 115
66 116
66 118
66 119
66 124
66 125
66 126
66 127
66 129
66 130
66 132
66 133
66 134
66 135
66 136
66 138
66 144
66 145
66 146
66 153
66 156
66 157
66 158
66 159
66 160
66 161
66 162
66 163
66 165
66 167
66 169
66 177
66 181
66 182
66 183
66 184
66 188
66 190
66 192
66 193
66 196
66 197
66 198
67 68
67 72
67 74
67 75
67 77
67 80
67 81
67 82
67 83
67 84
67 85
67 92
67 95
67 97
67 98
67 99
67 107
67 108
67 110
67 116
67 117
67 119
67 121
67 125
67 126
67 128
67 130
67 133
67 135
67 136
67 137
67 138
67 139
67 140
67 141
67 142
67 143
67 145
67 146
67 148
67 151
67 152
67 154
67 155
67 156
67 158
67 159
67 161
67 162
67 163
67 164
67 165
67 167
67 170
67 171
67 174
67 175
67 179
67 180
67 181
67 185
67 187
67 189
67 191
67 194
67 197
67 199
68 70
68 72
68 74
68 75
68 76
68 77
68 79
68 82
68 83
68 84
68 85
68 86
68 88
68 92
68 93
68 94
68 95
68 96
68 101
68 103
68 105
68 108
68 109
68 111
68 112
68 113
68 115
68 116
68 118
68 119
68 120
68 122
68 123
68 125
68 127
68 128
68 129
68 130
68 131
68 132
68 133
68 135
68 138
68 139
68 141
68 142
68 143
68 146
68 148
68 149
68 150
68 153
68 154
68 155
68 156
68 157
68 158
68 160
68 161
68 163
68 164
68 166
68 167
68 168
68 170
68 171
68 172
68 173
68 174
68 175
68 176
68 178
68 179
68 180
68 183
68 184
68 185
68 187
68 188
68 189
68 192
68 193
68 194
68 195
68 196
68 198
68 199
69 70
69 72
69 74
69 78
69 79
69 80
69 82
69 83
69 89
69 90
69 92
69 94
69 95
69 98
69 100
69 102
69 103
69 104
69 105
69 106
69 108
69 109
69 110
69 111
69 112
69 113
69 115
69 116
69 117
69 118
69 119
69 121
69 123
69 124
69 125
69 126
69 128
69 133
69 134
69 137
69 138
69 139
69 140
69 141
69 142
69 144
69 145
69 147
69 148
69 149
69 150
69 152
69 155
69 156
69 159
69 160
69 161
69 162
69 164
69 165
69 166
69 167
69 168
69 171
69 173
69 174
69 175
69 176
69 178
69 179
69 180
69 183
69 184
69 185
69 186
69 187
69 188
69 189
69 192
69 193
69 194
69 196
69 197
69 198
70 72
70 75
70 76
70 77
70 79
70 80
70 81
70 82
70 84
70 85
70 86
70 90
70 94
70 96
70 97
70 101
70 102
70 103
70 105
70 106
70 108
70 109
70 111
70 112
70 115
70 116
70 118
70 119
70 120
70 121
70 123
70 124
70 125
70 128
70 130
70 132
70 134
70 135
70 136
70 137
70 138
70 142
70 144
70 145
70 148
70 150
70 151
70 152
70 154
70 155
70 157
70 160
70 162
70 164
70 165
70 166
70 168
70 169
70 170
70 171
70 173
70 174
70 175
70 178
70 180
70 181
70 184
70 185
70 189
70 191
70 192
70 194
70 196
70 199
71 72
71 73
71 74
71 76
71 77
71 78
71 79
71 81
71 83
71 84
71 85
71 86
71 87
71 88
71 89
71 90
71 91
71 92
71 94
71 95
71 96
71 97
71 98
71 101
71 102
71 104
71 106
71 108
71 109
71 112
71 113
71 114
71 115
71 116
71 117
71 118
71 119
71 120
71 121
71 125
71 126
71 127
71 128
71 129
71 131
71 132
71 133
71 135
71 136
71 137
71 138
71 142
71 143
71 146
71 149
71 150
71 154
71 155
71 156
71 157
71 158
71 159
71 160
71 161
71 162
71 165
71 168
71 169
71 171
71 172
71 173
71 175
71 176
71 178
71 180
71 181
71 183
71 184
71 185
71 186
71 188
71 189
71 190
71 192
71 193
71 194
71 197
71 198
72 73
72 74
72 75
72 77
72 79
72 80
72 81
72 83
72 84
72 85
72 87
72 88
72 91
72 93
72 94
72 95
72 98
72 99
72 101
72 103
72 107
72 110
72 111
72 112
72 114
72 116
72 118
72 120
72 123
72 125
72 128
72 132
72 133
72 134
72 138
72 140
72 144
72 145
72 148
72 149
72 150
72 151
72 152
72 157
72 159
72 160
72 162
72 164
72 165
72 168
72 169
72 170
72 171
72 172
72 176
72 177
72 178
72 184
72 185
72 186
72 188
72 190
72 192
72 193
72 194
72 198
73 75
73 76
73 77
73 79
73 81
73 82
73 83
73 84
73 86
73 87
73 88
73 89
73 92
73 93
73 94
73 96
73 98
73 99
73 100
73 101
73 103
73 104
73 105
73 106
73 107
73 108
73 109
73 113
73 115
73 117
73 119
73 121
73 124
73 128
73 129
73 132
73 133
73 134
73 135
73 136
73 140
73 142
73 144
73 145
73 146
73 147
73 148
73 149
73 150
73 151
73 156
73 157
73 159
73 160
73 163
73 164
73 166
73 167
73 169
73 170
73 171
73 172
73 175
73 176
73 177
73 179
73 180
73 181
73 185
73 186
73 187
73 188
73 192
73 193
73 194
73 195
74 75
74 77
74 78
74 79
74 80
74 81
74 82
74 84
74 88
74 89
74 91
74 92
74 93
74 95
74 96
74 97
74 98
74 99
74 100
74 102
74 104
74 106
74 108
74 110
74 112
74 113
74 115
74 116
74 118
74 119
74 121
74 122
74 124
74 131
74 133
74 134
74 136
74 137
74 139
74 140
74 141
74 142
74 144
74 145
74 146
74 147
74 148
74 151
74 152
74 155
74 156
74 160
74 161
74 162
74 164
74 165
74 166
74 167
74 168
74 169
74 170
74 171
74 172
74 174
74 179
74 180
74 181
74 183
74 187
74 188
74 189
74 191
74 192
74 193
74 195
74 197
75 79
75 80
75 81
75 82
75 85
75 86
75 87
75 89
75 90
75 92
75 93
75 99
75 100
75 102
75 103
75 104
75 105
75 108
75 110
75 112
75 113
75 115
75 116
75 117
75 118
75 120
75 122
75 124
75 125
75 127
75 128
75 131
75 134
75 135
75 136
75 137
75 138
75 139
75 140
75 143
75 144
75 145
75 146
75 148
75 149
75 152
75 154
75 158
75 160
75 161
75 162
75 165
75 168
75 171
75 173
75 176
75 177
75 178
75 179
75 180
75 183
75 186
75 187
75 189
75 191
75 192
75 193
75 195
75 196
75 197
75 198
76 78
76 80
76 81
76 82
76 83
76 84
76 85
76 86
76 89
76 90
76 92
76 93
76 95
76 96
76 97
76 98
76 99
76 100
76 102
76 103
76 104
76 106
76 107
76 109
76 110
76 112
76 113
76 114
76 116
76 119
76 121
76 122
76 123
76 125
76 127
76 128
76 131
76 135
76 136
76 137
76 138
76 139
76 141
76 142
76 144
76 146
76 147
76 149
76 150
76 151
76 152
76 153
76 159
76 160
76 161
76 163
76 164
76 165
76 166
76 167
76 168
76 171
76 172
76 173
76 174
76 176
76 177
76 178
76 179
76 181
76 182
76 184
76 185
76 186
76 187
76 189
76 190
76 191
76 192
76 193
76 194
76 195
76 197
76 198
76 199
77 78
77 80
77 81
77 82
77 84
77 85
77 86
77 88
77 89
77 93
77 94
77 97
77 99
77 101
77 105
77 106
77 107
77 116
77 118
77 120
77 121
77 122
77 123
77 126
77 128
77 130
77 132
77 135
77 136
77 139
77 140
77 142
77 143
77 144
77 145
77 147
77 149
77 150
77 152
77 153
77 154
77 155
77 156
77 159
77 162
77 163
77 165
77 168
77 170
77 172
77 175
77 176
77 177
77 179
77 180
77 181
77 183
77 184
77 185
77 186
77 189
77 190
77 194
77 197
77 198
78 79
78 81
78 83
78 84
78 89
78 91
78 93
78 94
78 102
78 103
78 105
78 106
78 107
78 108
78 109
78 112
78 114
78 115
78 117
78 119
78 120
78 122
78 123
78 124
78 125
78 126
78 127
78 128
78 129
78 130
78 133
78 134
78 138
78 141
78 145
78 146
78 147
78 148
78 149
78 150
78 151
78 152
78 153
78 155
78 156
78 157
78 158
78 159
78 160
78 161
78 163
78 165
78 166
78 167
78 169
78 170
78 172
78 175
78 176
78 177
78 180
78 183
78 185
78 186
78 187
78 188
78 189
78 190
78 192
78 193
78 194
78 195
78 196
78 197
78 198
78 199
79 81
79 82
79 84
79 86
79 87
79 89
79 90
79 91
79 93
79 94
79 95
79 98
79 102
79 103
79 104
79 105
79 107
79 108
79 112
79 113
79 114
79 115
79 116
79 118
79 120
79 123
79 125
79 127
79 128
79 130
79 131
79 133
79 134
79 135
79 138
79 139
79 140
79 148
79 150
79 151
79 152
79 153
79 156
79 158
79 159
79 161
79 162
79 165
79 166
79 167
79 168
79 169
79 171
79 172
79 174
79 175
79 180
79 181
79 182
79 184
79 185
79 186
79 188
79 190
79 191
79 192
79 193
79 194
79 195
79 196
79 198
79 199
80 81
80 82
80 83
80 84
80 87
80 88
80 90
80 91
80 92
80 98
80 99
80 100
80 101
80 103
80 104
80 109
80 110
80 115
80 116
80 117
80 118
80 119
80 120
80 122
80 124
80 125
80 126
80 128
80 130
80 131
80 132
80 133
80 134
80 137
80 138
80 140
80 141
80 144
80 145
80 146
80 151
80 152
80 155
80 156
80 158
80 159
80 160
80 162
80 163
80 165
80 166
80 167
80 169
80 171
80 172
80 173
80 174
80 178
80 180
80 182
80 184
80 185
80 188
80 189
80 193
80 194
80 195
80 198
80 199
81 82
81 83
81 84
81 85
81 86
81 88
81 92
81 94
81 95
81 96
81 97
81 98
81 99
81 102
81 103
81 104
81 108
81 110
81 111
81 118
81 119
81 120
81 123
81 124
81 125
81 126
81 127
81 128
81 129
81 130
81 132
81 133
81 135
81 136
81 138
81 143
81 146
81 147
81 151
81 153
81 154
81 158
81 159
81 160
81 163
81 164
81 165
81 166
81 168
81 170
81 172
81 173
81 175
81 176
81 179
81 180
81 181
81 182
81 183
81 186
81 187
81 188
81 189
81 190
81 192
81 193
81 194
81 195
81 196
81 198
82 85
82 86
82 87
82 88
82 89
82 93
82 96
82 97
82 99
82 101
82 103
82 104
82 105
82 107
82 108
82 109
82 110
82 111
82 112
82 113
82 115
82 118
82 119
82 120
82 121
82 126
82 129
82 134
82 135
82 136
82 137
82 138
82 140
82 142
82 143
82 144
82 150
82 152
82 156
82 159
82 162
82 163
82 164
82 165
82 166
82 168
82 169
82 170
82 171
82 174
82 175
82 177
82 178
82 179
82 180
82 181
82 183
82 184
82 185
82 186
82 187
82 188
82 190
82 191
82 192
82 193
82 194
82 195
82 197
82 198
82 199
83 84
83 87
83 88
83 89
83 90
83 94
83 95
83 96
83 98
83 100
83 102
83 103
83 104
83 105
83 106
83 107
83 109
83 111
83 112
83 113
83 116
83 117
83 120
83 121
83 123
83 125
83 127
83 128
83 129
83 130
83 131
83 132
83 133
83 136
83 140
83 141
83 145
83 146
83 147
83 148
83 150
83 152
83 153
83 154
83 155
83 156
83 158
83 162
83 166
83 167
83 168
83 169
83 170
83 171
83 172
83 173
83 175
83 176
83 177
83 178
83 181
83 182
83 184
83 185
83 186
83 187
83 188
83 190
83 191
83 192
83 194
83 195
83 196
83 198
83 199
84 85
84 88
84 90
84 91
84 93
84 94
84 95
84 96
84 97
84 99
84 100
84 101
84 103
84 104
84 105
84 106
84 107
84 108
84 114
84 118
84 120
84 121
84 122
84 123
84 124
84 125
84 127
84 131
84 133
84 134
84 135
84 137
84 138
84 141
84 142
84 143
84 144
84 148
84 149
84 150
84 151
84 154
84 155
84 157
84 160
84 162
84 163
84 164
84 165
84 172
84 173
84 176
84 179
84 180
84 181
84 183
84 186
84 188
84 189
84 190
84 191
84 196
84 197
84 198
84 199
85 86
85 87
85 89
85 93
85 94
85 95
85 96
85 97
85 99
85 102
85 104
85 105
85 107
85 109
85 111
85 114
85 115
85 118
85 121
85 123
85 124
85 125
85 126
85 128
85 129
85 130
85 131
85 132
85 134
85 135
85 136
85 137
85 141
85 143
85 144
85 145
85 148
85 149
85 150
85 151
85 152
85 153
85 155
85 161
85 163
85 164
85 165
85 166
85 170
85 171
85 172
85 173
85 175
85 176
85 177
85 179
85 180
85 182
85 184
85 186
85 188
85 189
85 191
85 192
85 193
85 196
85 197
86 87
86 89
86 91
86 93
86 94
86 96
86 97
86 100
86 103
86 104
86 105
86 107
86 108
86 110
86 111
86 112
86 114
86 115
86 116
86 117
86 120
86 121
86 122
86 123
86 124
86 125
86 126
86 127
86 128
86 130
86 131
86 132
86 134
86 135
86 142
86 144
86 145
86 148
86 150
86 152
86 155
86 156
86 157
86 161
86 164
86 165
86 166
86 169
86 174
86 177
86 178
86 180
86 181
86 182
86 183
86 187
86 189
86 191
86 192
86 194
86 195
86 196
86 198
86 199
87 88
87 92
87 93
87 94
87 95
87 96
87 97
87 98
87 100
87 101
87 102
87 104
87 105
87 106
87 108
87 109
87 110
87 111
87 113
87 116
87 118
87 119
87 120
87 122
87 124
87 125
87 126
87 132
87 133
87 134
87 135
87 136
87 138
87 139
87 140
87 141
87 144
87 145
87 146
87 147
87 148
87 149
87 150
87 153
87 155
87 159
87 166
87 170
87 171
87 173
87 174
87 175
87 176
87 177
87 178
87 181
87 182
87 183
87 186
87 188
87 190
87 192
87 194
87 196
87 197
87 198
87 199
88 90
88 91
88 92
88 94
88 97
88 100
88 102
88 105
88 106
88 108
88 111
88 112
88 113
88 115
88 116
88 118
88 120
88 121
88 122
88 123
88 124
88 125
88 126
88 128
88 129
88 130
88 131
88 133
88 134
88 136
88 137
88 140
88 141
88 142
88 143
88 146
88 148
88 149
88 150
88 151
88 152
88 153
88 154
88 157
88 158
88 159
88 160
88 162
88 163
88 164
88 165
88 166
88 167
88 168
88 169
88 170
88 172
88 174
88 175
88 176
88 177
88 179
88 181
88 183
88 185
88 186
88 189
88 190
88 192
88 195
88 196
88 199
89 91
89 92
89 94
89 95
89 97
89 98
89 99
89 100
89 101
89 104
89 106
89 108
89 109
89 110
89 111
89 112
89 113
89 116
89 117
89 118
89 124
89 126
89 128
89 129
89 130
89 131
89 132
89 136
89 138
89 139
89 140
89 143
89 144
89 145
89 146
89 147
89 148
89 149
89 153
89 154
89 155
89 156
89 158
89 159
89 160
89 162
89 163
89 165
89 167
89 169
89 173
89 174
89 175
89 176
89 177
89 180
89 183
89 185
89 187
89 188
89 190
89 191
89 192
89 193
89 194
89 196
89 198
89 199
90 91
90 92
90 93
90 96
90 97
90 98
90 99
90 100
90 101
90 102
90 103
90 105
90 106
90 108
90 111
90 113
90 114
90 116
90 117
90 118
90 119
90 121
90 122
90 123
90 124
90 126
90 129
90 131
90 132
90 134
90 138
90 141
90 143
90 144
90 146
90 147
90 152
90 153
90 155
90 156
90 157
90 159
90 160
90 161
90 163
90 166
90 167
90 168
90 171
90 174
90 176
90 177
90 179
90 180
90 181
90 182
90 183
90 184
90 186
90 187
90 189
90 192
90 194
90 195
90 198
91 92
91 95
91 96
91 97
91 98
91 102
91 103
91 106
91 107
91 109
91 110
91 112
91 114
91 115
91 117
91 118
91 121
91 122
91 124
91 126
91 127
91 128
91 129
91 133
91 134
91 135
91 136
91 137
91 138
91 141
91 143
91 144
91 147
91 148
91 149
91 151
91 153
91 154
91 155
91 156
91 158
91 159
91 160
91 162
91 163
91 164
91 170
91 171
91 172
91 173
91 176
91 177
91 178
91 180
91 181
91 182
91 183
91 184
91 185
91 186
91 191
91 192
91 193
91 194
91 195
91 196
91 198
91 199
92 94
92 95
92 97
92 98
92 99
92 100
92 102
92 103
92 104
92 105
92 106
92 109
92 110
92 112
92 114
92 115
92 116
92 117
92 118
92 121
92 122
92 123
92 125
92 126
92 128
92 129
92 131
92 133
92 134
92 135
92 138
92 139
92 140
92 141
92 142
92 144
92 147
92 148
92 150
92 151
92 152
92 154
92 155
92 156
92 157
92 158
92 160
92 162
92 164
92 165
92 166
92 167
92 168
92 171
92 173
92 175
92 179
92 180
92 181
92 184
92 187
92 189
92 192
92 193
92 194
92 195
92 196
92 197
92 198
92 199
93 94
93 95
93 96
93 98
93 99
93 100
93 101
93 102
93 104
93 105
93 106
93 108
93 109
93 116
93 117
93 118
93 120
93 122
93 124
93 125
93 126
93 127
93 128
93 129
93 136
93 137
93 139
93 140
93 141
93 143
93 145
93 146
93 149
93 151
93 154
93 156
93 157
93 159
93 160
93 162
93 163
93 164
93 166
93 169
93 174
93 175
93 176
93 177
93 178
93 179
93 181
93 182
93 185
93 187
93 188
93 190
93 191
93 192
93 193
93 197
93 198
93 199
94 95
94 98
94 99
94 100
94 102
94 103
94 105
94 109
94 110
94 111
94 112
94 113
94 115
94 116
94 117
94 118
94 120
94 121
94 122
94 124
94 125
94 126
94 127
94 129
94 130
94 131
94 132
94 134
94 136
94 137
94 138
94 139
94 140
94 141
94 143
94 144
94 145
94 146
94 147
94 148
94 149
94 151
94 152
94 153
94 154
94 155
94 156
94 157
94 159
94 160
94 163
94 165
94 166
94 167
94 169
94 170
94 171
94 172
94 174
94 175
94 178
94 179
94 180
94 181
94 182
94 185
94 186
94 188
94 189
94 190
94 191
94 193
94 194
94 195
94 196
94 197
94 199
95 96
95 99
95 102
95 103
95 104
95 105
95 107
95 109
95 111
95 112
95 113
95 114
95 115
95 116
95 117
95 119
95 120
95 121
95 123
95 125
95 127
95 130
95 131
95 132
95 133
95 134
95 135
95 137
95 138
95 140
95 141
95 142
95 143
95 144
95 145
95 146
95 148
95 149
95 153
95 154
95 157
95 159
95 160
95 161
95 162
95 165
95 168
95 171
95 172
95 173
95 174
95 175
95 177
95 178
95 179
95 182
95 186
95 187
95 189
95 190
95 191
95 192
95 193
95 196
95 198
95 199
96 98
96 99
96 104
96 105
96 107
96 108
96 109
96 110
96 112
96 114
96 116
96 119
96 122
96 124
96 125
96 127
96 138
96 139
96 140
96 141
96 142
96 144
96 145
96 146
96 147
96 149
96 151
96 152
96 154
96 155
96 156
96 157
96 158
96 159
96 160
96 165
96 167
96 168
96 174
96 175
96 176
96 178
96 179
96 180
96 181
96 182
96 184
96 185
96 186
96 187
96 189
96 191
96 192
96 193
96 196
96 199
97 98
97 99
97 100
97 102
97 105
97 106
97 107
97 109
97 111
97 112
97 114
97 115
97 116
97 118
97 120
97 122
97 123
97 124
97 125
97 126
97 127
97 128
97 129
97 130
97 131
97 134
97 135
97 137
97 138
97 141
97 143
97 144
97 146
97 150
97 151
97 152
97 157
97 159
97 161
97 162
97 164
97 167
97 169
97 170
97 173
97 174
97 176
97 177
97 178
97 180
97 181
97 182
97 183
97 184
97 185
97 186
97 187
97 188
97 189
97 190
97 191
97 192
97 193
97 195
98 100
98 102
98 104
98 105
98 107
98 108
98 109
98 113
98 114
98 116
98 118
98 119
98 121
98 122
98 123
98 124
98 126
98 127
98 128
98 129
98 131
98 132
98 133
98 135
98 136
98 137
98 139
98 140
98 142
98 144
98 148
98 152
98 153
98 155
98 157
98 158
98 160
98 161
98 162
98 163
98 165
98 167
98 168
98 169
98 170
98 171
98 172
98 174
98 176
98 178
98 179
98 181
98 182
98 183
98 184
98 185
98 186
98 187
98 188
98 189
98 192
98 193
98 195
98 196
98 198
98 199
99 104
99 105
99 109
99 111
99 114
99 115
99 116
99 118
99 119
99 120
99 121
99 122
99 127
99 129
99 130
99 131
99 133
99 134
99 135
99 138
99 141
99 142
99 143
99 144
99 145
99 146
99 148
99 150
99 151
99 153
99 154
99 156
99 157
99 158
99 160
99 161
99 162
99 163
99 165
99 166
99 167
99 168
99 169
99 171
99 172
99 173
99 177
99 178
99 179
99 185
99 186
99 187
99 188
99 190
99 192
99 195
99 198
99 199
100 101
100 103
100 104
100 107
100 108
100 109
100 110
100 112
100 115
100 119
100 120
100 121
100 123
100 125
100 127
100 129
100 132
100 133
100 134
100 135
100 136
100 138
100 139
100 140
100 141
100 146
100 147
100 151
100 152
100 155
100 157
100 162
100 164
100 165
100 166
100 168
100 169
100 173
100 175
100 176
100 177
100 178
100 179
100 181
100 182
100 183
100 184
100 186
100 187
100 188
100 191
100 192
100 197
100 198
101 102
101 104
101 105
101 107
101 108
101 110
101 112
101 115
101 117
101 118
101 120
101 121
101 122
101 123
101 124
101 125
101 128
101 129
101 130
101 133
101 136
101 139
101 140
101 141
101 143
101 144
101 145
101 147
101 149
101 152
101 153
101 158
101 159
101 160
101 162
101 164
101 165
101 166
101 167
101 169
101 171
101 173
101 174
101 175
101 177
101 178
101 181
101 182
101 183
101 184
101 185
101 189
101 190
101 192
101 194
101 195
101 198
101 199
102 104
102 106
102 109
102 110
102 111
102 112
102 113
102 114
102 115
102 117
102 118
102 119
102 120
102 123
102 125
102 126
102 129
102 130
102 132
102 134
102 136
102 139
102 140
102 141
102 142
102 143
102 144
102 145
102 146
102 150
102 151
102 152
102 153
102 154
102 155
102 156
102 159
102 161
102 162
102 164
102 165
102 168
102 169
102 170
102 173
102 174
102 176
102 177
102 178
102 179
102 181
102 182
102 183
102 184
102 185
102 186
102 187
102 188
102 191
102 194
102 195
103 104
103 105
103 106
103 109
103 110
103 111
103 112
103 114
103 115
103 116
103 117
103 120
103 121
103 123
103 125
103 127
103 128
103 129
103 130
103 131
103 132
103 134
103 137
103 138
103 139
103 143
103 145
103 146
103 147
103 148
103 149
103 151
103 152
103 153
103 154
103 156
103 157
103 158
103 160
103 161
103 162
103 164
103 167
103 168
103 169
103 170
103 171
103 172
103 173
103 174
103 175
103 177
103 178
103 180
103 182
103 184
103 186
103 188
103 189
103 192
103 194
103 195
103 196
103 198
103 199
104 106
104 107
104 108
104 111
104 113
104 115
104 116
104 117
104 119
104 122
104 123
104 124
104 125
104 126
104 127
104 128
104 130
104 131
104 132
104 133
104 135
104 138
104 139
104 143
104 144
104 146
104 148
104 151
104 154
104 156
104 157
104 159
104 161
104 162
104 163
104 165
104 166
104 170
104 171
104 173
104 174
104 177
104 178
104 180
104 182
104 183
104 184
104 189
104 193
104 196
104 199
105 107
105 108
105 110
105 113
105 115
105 117
105 118
105 120
105 123
105 125
105 126
105 131
105 132
105 135
105 136
105 139
105 140
105 143
105 144
105 145
105 146
105 148
105 149
105 150
105 152
105 157
105 159
105 161
105 162
105 163
105 164
105 166
105 170
105 171
105 172
105 173
105 174
105 176
105 178
105 179
105 180
105 182
105 184
105 186
105 187
105 188
105 189
105 190
105 191
105 193
105 194
105 196
105 197
105 199
106 107
106 108
106 109
106 110
106 112
106 113
106 114
106 115
106 116
106 118
106 119
106 120
106 121
106 122
106 125
106 126
106 127
106 129
106 130
106 132
106 134
106 136
106 137
106 138
106 139
106 142
106 143
106 146
106 147
106 148
106 152
106 154
106 156
106 161
106 163
106 166
106 171
106 172
106 175
106 183
106 184
106 189
106 190
106 192
106 193
106 195
106 199
107 110
107 112
107 115
107 116
107 118
107 120
107 123
107 124
107 125
107 127
107 128
107 130
107 132
107 135
107 137
107 138
107 140
107 142
107 145
107 146
107 147
107 148
107 149
107 150
107 151
107 153
107 154
107 157
107 159
107 161
107 162
107 165
107 166
107 167
107 168
107 169
107 170
107 171
107 174
107 176
107 177
107 178
107 180
107 181
107 182
107 183
107 184
107 185
107 186
107 187
107 190
107 192
107 194
107 195
107 197
107 198
108 109
108 111
108 112
108 114
108 116
108 118
108 120
108 121
108 122
108 123
108 124
108 125
108 126
108 127
108 128
108 129
108 130
108 133
108 137
108 139
108 141
108 142
108 144
108 146
108 148
108 149
108 151
108 152
108 155
108 156
108 159
108 160
108 161
108 163
108 164
108 167
108 168
108 169
108 173
108 174
108 175
108 178
108 179
108 181
108 182
108 183
108 184
108 185
108 186
108 187
108 188
108 190
108 191
108 193
108 194
108 195
108 196
108 198
109 110
109 112
109 113
109 114
109 116
109 118
109 119
109 121
109 123
109 124
109 126
109 127
109 128
109 129
109 136
109 137
109 138
109 139
109 140
109 142
109 143
109 144
109 147
109 150
109 151
109 153
109 157
109 158
109 161
109 162
109 163
109 164
109 166
109 167
109 168
109 169
109 170
109 171
109 173
109 174
109 175
109 176
109 177
109 179
109 180
109 181
109 182
109 184
109 186
109 190
109 192
109 193
109 196
109 197
110 113
110 114
110 119
110 120
110 121
110 122
110 127
110 128
110 130
110 131
110 132
110 134
110 135
110 136
110 137
110 139
110 140
110 142
110 143
110 144
110 152
110 157
110 158
110 159
110 161
110 162
110 164
110 168
110 174
110 175
110 178
110 179
110 180
110 184
110 185
110 186
110 188
110 190
110 195
110 197
110 199
111 113
111 114
111 115
111 116
111 117
111 118
111 119
111 120
111 121
111 122
111 123
111 128
111 137
111 138
111 139
111 144
111 146
111 149
111 150
111 152
111 154
111 155
111 156
111 159
111 160
111 162
111 163
111 164
111 167
111 169
111 170
111 171
111 172
111 175
111 176
111 178
111 180
111 183
111 190
111 191
111 192
111 193
111 197
111 198
112 113
112 117
112 119
112 120
112 122
112 123
112 126
112 127
112 128
112 129
112 130
112 131
112 132
112 133
112 136
112 137
112 138
112 139
112 140
112 142
112 145
112 146
112 151
112 152
112 154
112 155
112 156
112 159
112 160
112 162
112 163
112 164
112 166
112 167
112 168
112 169
112 171
112 172
112 174
112 175
112 177
112 179
112 180
112 182
112 188
112 189
112 190
112 191
112 194
112 197
112 198
112 199
113 114
113 115
113 116
113 118
113 120
113 121
113 122
113 126
113 130
113 131
113 132
113 135
113 136
113 138
113 140
113 141
113 142
113 143
113 145
113 146
113 150
113 152
113 154
113 156
113 157
113 158
113 162
113 164
113 171
113 172
113 173
113 175
113 176
113 179
113 182
113 184
113 185
113 186
113 188
113 190
113 191
113 192
113 196
113 197
113 199
114 115
114 116
114 119
114 121
114 122
114 124
114 126
114 127
114 129
114 130
114 131
114 132
114 134
114 136
114 139
114 141
114 143
114 145
114 146
114 147
114 148
114 150
114 151
114 152
114 153
114 157
114 158
114 159
114 160
114 162
114 164
114 166
114 167
114 169
114 175
114 176
114 177
114 178
114 179
114 180
114 181
114 182
114 183
114 185
114 187
114 189
114 191
114 192
114 194
114 199
115 116
115 118
115 119
115 122
115 124
115 125
115 128
115 129
115 130
115 132
115 138
115 142
115 143
115 144
115 146
115 148
115 149
115 150
115 151
115 152
115 153
115 154
115 157
115 159
115 161
115 162
115 164
115 167
115 168
115 169
115 170
115 171
115 172
115 174
115 175
115 177
115 178
115 180
115 181
115 184
115 185
115 189
115 191
115 193
115 194
115 195
115 196
115 198
116 117
116 121
116 122
116 124
116 126
116 128
116 129
116 131
116 134
116 136
116 137
116 138
116 140
116 141
116 142
116 143
116 146
116 147
116 149
116 150
116 151
116 153
116 159
116 160
116 161
116 162
116 164
116 165
116 166
116 167
116 169
116 171
116 173
116 174
116 177
116 178
116 179
116 180
116 181
116 182
116 183
116 185
116 186
116 188
116 189
116 193
116 194
116 196
116 197
116 198
116 199
117 118
117 119
117 120
117 121
117 123
117 124
117 125
117 126
117 129
117 130
117 134
117 135
117 136
117 137
117 139
117 140
117 142
117 143
117 146
117 147
117 148
117 150
117 151
117 152
117 153
117 156
117 157
117 159
117 160
117 164
117 166
117 167
117 168
117 169
117 171
117 172
117 173
117 174
117 175
117 176
117 178
117 181
117 182
117 183
117 185
117 186
117 188
117 189
117 190
117 191
117 192
117 193
117 194
117 196
117 197
117 198
117 199
118 119
118 121
118 122
118 125
118 126
118 127
118 128
118 130
118 131
118 132
118 135
118 136
118 137
118 138
118 140
118 141
118 142
118 144
118 145
118 146
118 147
118 148
118 149
118 153
118 154
118 155
118 156
118 157
118 159
118 161
118 162
118 163
118 164
118 165
118 166
118 167
118 168
118 170
118 171
118 174
118 175
118 176
118 178
118 182
118 186
118 187
118 188
118 190
118 191
118 192
118 193
118 195
118 196
118 198
118 199
119 120
119 121
119 123
119 126
119 127
119 128
119 132
119 133
119 134
119 135
119 137
119 138
119 139
119 141
119 142
119 143
119 145
119 148
119 149
119 150
119 153
119 154
119 155
119 156
119 157
119 158
119 159
119 160
119 161
119 162
119 163
119 164
119 166
119 167
119 169
119 170
119 171
119 172
119 174
119 175
119 180
119 182
119 184
119 185
119 188
119 190
119 191
119 193
119 195
119 199
120 122
120 126
120 127
120 129
120 131
120 133
120 134
120 135
120 136
120 137
120 138
120 141
120 142
120 143
120 145
120 149
120 150
120 151
120 152
120 154
120 155
120 156
120 157
120 158
120 159
120 160
120 164
120 165
120 168
120 169
120 171
120 173
120 174
120 177
120 180
120 182
120 186
120 187
120 188
120 192
120 193
120 195
120 196
120 199
121 122
121 123
121 125
121 128
121 129
121 130
121 131
121 132
121 134
121 136
121 138
121 139
121 140
121 141
121 143
121 146
121 149
121 150
121 153
121 155
121 156
121 157
121 160
121 161
121 163
121 164
121 165
121 169
121 170
121 172
121 173
121 174
121 175
121 176
121 179
121 181
121 182
121 183
121 184
121 188
121 193
121 194
121 197
121 199
122 124
122 125
122 127
122 128
122 129
122 130
122 134
122 135
122 136
122 139
122 144
122 145
122 147
122 148
122 149
122 150
122 151
122 152
122 153
122 155
122 158
122 159
122 160
122 162
122 163
122 165
122 166
122 168
122 171
122 172
122 173
122 176
122 177
122 180
122 181
122 182
122 185
122 186
122 187
122 189
122 190
122 191
122 193
122 194
122 198
122 199
123 124
123 125
123 126
123 127
123 129
123 130
123 131
123 133
123 135
123 136
123 137
123 139
123 140
123 142
123 147
123 150
123 151
123 153
123 155
123 156
123 158
123 159
123 160
123 161
123 162
123 163
123 164
123 167
123 171
123 172
123 173
123 174
123 176
123 178
123 179
123 184
123 185
123 186
123 188
123 189
123 190
123 191
123 192
123 193
123 194
123 195
123 197
123 198
124 125
124 126
124 127
124 128
124 130
124 131
124 132
124 135
124 136
124 137
124 139
124 142
124 144
124 146
124 147
124 148
124 155
124 158
124 159
124 161
124 162
124 163
124 164
124 167
124 169
124 170
124 171
124 173
124 176
124 178
124 180
124 182
124 184
124 187
124 188
124 189
124 190
124 192
124 193
124 194
124 195
124 196
124 197
124 198
125 126
125 128
125 130
125 131
125 132
125 138
125 140
125 143
125 145
125 146
125 147
125 151
125 152
125 154
125 155
125 156
125 159
125 160
125 161
125 162
125 163
125 164
125 165
125 166
125 167
125 169
125 172
125 173
125 176
125 178
125 179
125 180
125 181
125 182
125 183
125 185
125 188
125 189
125 190
125 193
125 195
125 196
125 198
125 199
126 129
126 130
126 132
126 133
126 134
126 135
126 137
126 138
126 139
126 141
126 143
126 145
126 146
126 149
126 150
126 151
126 152
126 155
126 156
126 157
126 158
126 166
126 167
126 168
126 169
126 170
126 172
126 173
126 174
126 176
126 177
126 180
126 182
126 183
126 185
126 186
126 187
126 188
126 189
126 190
126 192
126 193
126 194
126 195
127 128
127 129
127 131
127 132
127 133
127 135
127 136
127 137
127 140
127 141
127 145
127 146
127 147
127 151
127 153
127 154
127 158
127 160
127 165
127 166
127 168
127 169
127 171
127 172
127 173
127 175
127 176
127 179
127 182
127 183
127 184
127 186
127 188
127 190
127 192
127 195
127 196
127 197
127 199
128 131
128 133
128 134
128 136
128 137
128 139
128 143
128 144
128 146
128 147
128 149
128 151
128 152
128 153
128 155
128 156
128 161
128 162
128 163
128 164
128 166
128 167
128 169
128 171
128 172
128 173
128 174
128 176
128 180
128 182
128 183
128 184
128 186
128 187
128 188
128 190
128 192
128 193
128 196
128 197
128 198
128 199
129 132
129 133
129 134
129 135
129 137
129 138
129 142
129 143
129 144
129 145
129 146
129 147
129 149
129 151
129 153
129 154
129 155
129 156
129 158
129 159
129 165
129 168
129 169
129 170
129 171
129 172
129 173
129 176
129 177
129 179
129 180
129 181
129 185
129 188
129 189
129 190
129 191
129 192
129 194
129 195
130 132
130 133
130 134
130 135
130 136
130 138
130 139
130 140
130 142
130 143
130 144
130 145
130 146
130 147
130 148
130 150
130 152
130 153
130 154
130 156
130 158
130 163
130 164
130 166
130 169
130 170
130 171
130 172
130 173
130 175
130 176
130 181
130 182
130 185
130 186
130 188
130 189
130 190
130 191
130 193
130 196
130 197
131 132
131 133
131 134
131 135
131 137
131 140
131 141
131 142
131 144
131 146
131 147
131 148
131 149
131 152
131 153
131 154
131 158
131 159
131 162
131 164
131 166
131 167
131 169
131 170
131 173
131 175
131 176
131 177
131 178
131 179
131 180
131 181
131 183
131 184
131 185
131 186
131 187
131 190
131 191
131 193
131 194
132 133
132 134
132 135
132 136
132 137
132 139
132 140
132 145
132 147
132 148
132 149
132 152
132 153
132 154
132 155
132 156
132 157
132 158
132 159
132 161
132 162
132 163
132 164
132 165
132 167
132 168
132 170
132 173
132 175
132 177
132 178
132 179
132 180
132 182
132 183
132 184
132 187
132 189
132 190
132 194
132 196
132 197
132 199
133 134
133 136
133 138
133 140
133 144
133 145
133 146
133 147
133 148
133 150
133 151
133 153
133 154
133 155
133 156
133 159
133 160
133 161
133 162
133 164
133 165
133 168
133 169
133 171
133 172
133 174
133 175
133 176
133 179
133 180
133 182
133 184
133 185
133 186
133 187
133 188
133 190
133 192
133 193
133 197
133 198
134 135
134 136
134 137
134 138
134 139
134 140
134 141
134 142
134 143
134 144
134 145
134 146
134 147
134 149
134 152
134 153
134 159
134 160
134 163
134 166
134 168
134 170
134 172
134 174
134 175
134 176
134 177
134 178
134 180
134 182
134 183
134 185
134 189
134 190
134 191
134 192
134 193
134 195
134 196
134 199
135 138
135 139
135 144
135 145
135 146
135 148
135 149
135 153
135 155
135 156
135 157
135 158
135 160
135 161
135 164
135 165
135 166
135 169
135 170
135 171
135 173
135 174
135 176
135 178
135 179
135 180
135 181
135 182
135 184
135 187
135 188
135 192
135 193
135 196
135 198
136 137
136 138
136 139
136 140
136 141
136 145
136 146
136 147
136 148
136 150
136 152
136 153
136 154
136 155
136 156
136 157
136 158
136 160
136 162
136 163
136 164
136 165
136 166
136 170
136 171
136 175
136 176
136 178
136 179
136 180
136 181
136 182
136 185
136 188
136 189
136 191
136 193
136 194
136 196
137 139
137 141
137 142
137 145
137 146
137 147
137 149
137 150
137 152
137 153
137 154
137 155
137 158
137 159
137 160
137 162
137 166
137 167
137 169
137 172
137 174
137 175
137 176
137 178
137 179
137 181
137 183
137 184
137 185
137 186
137 187
137 190
137 192
137 195
137 198
137 199
138 140
138 141
138 142
138 143
138 144
138 145
138 148
138 150
138 151
138 152
138 154
138 155
138 156
138 157
138 159
138 164
138 165
138 166
138 167
138 173
138 174
138 175
138 177
138 179
138 181
138 183
138 186
138 187
138 188
138 189
138 190
138 191
138 193
138 194
138 195
138 196
138 198
139 140
139 141
139 144
139 145
139 146
139 147
139 148
139 150
139 151
139 152
139 153
139 154
139 155
139 157
139 160
139 161
139 162
139 167
139 168
139 169
139 171
139 173
139 175
139 176
139 179
139 180
139 184
139 185
139 187
139 188
139 189
139 190
139 191
139 192
139 193
139 195
139 196
139 197
139 198
140 142
140 143
140 145
140 146
140 147
140 149
140 151
140 152
140 153
140 154
140 155
140 156
140 157
140 159
140 161
140 163
140 164
140 166
140 169
140 171
140 173
140 174
140 176
140 177
140 178
140 179
140 180
140 181
140 184
140 187
140 189
140 190
140 191
140 195
140 196
141 142
141 143
141 145
141 147
141 148
141 149
141 152
141 153
141 156
141 158
141 162
141 164
141 166
141 168
141 169
141 170
141 172
141 176
141 177
141 178
141 180
141 181
141 182
141 184
141 185
141 189
141 191
141 192
141 195
141 196
141 199
142 143
142 144
142 145
142 146
142 147
142 148
142 149
142 152
142 153
142 155
142 156
142 158
142 161
142 165
142 168
142 172
142 173
142 175
142 176
142 177
142 179
142 181
142 183
142 185
142 189
142 191
142 192
142 193
142 194
142 196
142 198
143 144
143 146
143 150
143 152
143 153
143 154
143 155
143 157
143 158
143 159
143 160
143 161
143 162
143 163
143 164
143 166
143 167
143 168
143 169
143 170
143 172
143 175
143 177
143 178
143 179
143 180
143 181
143 182
143 183
143 185
143 186
143 187
143 188
143 189
143 191
143 193
143 194
143 196
143 197
143 199
144 145
144 146
144 148
144 149
144 150
144 152
144 153
144 155
144 158
144 160
144 161
144 162
144 167
144 168
144 169
144 170
144 172
144 173
144 175
144 177
144 178
144 181
144 182
144 187
144 188
144 189
144 190
144 192
144 194
144 196
144 197
144 198
144 199
145 147
145 149
145 153
145 154
145 157
145 158
145 159
145 160
145 162
145 163
145 165
145 166
145 168
145 169
145 170
145 171
145 173
145 178
145 180
145 181
145 182
145 183
145 184
145 185
145 186
145 187
145 189
145 191
145 192
145 193
145 199
146 147
146 148
146 150
146 151
146 152
146 154
146 155
146 157
146 158
146 159
146 160
146 161
146 162
146 163
146 164
146 165
146 167
146 168
146 169
146 176
146 178
146 179
146 180
146 181
146 182
146 184
146 185
146 186
146 187
146 188
146 190
146 191
146 194
146 195
146 196
146 198
146 199
147 148
147 152
147 153
147 156
147 161
147 162
147 164
147 166
147 168
147 169
147 171
147 175
147 176
147 177
147 179
147 180
147 182
147 183
147 184
147 186
147 187
147 190
147 195
147 196
147 197
147 198
147 199
148 150
148 151
148 152
148 153
148 157
148 158
148 160
148 163
148 165
148 166
148 167
148 169
148 170
148 171
148 172
148 174
148 175
148 176
148 178
148 179
148 180
148 181
148 182
148 183
148 184
148 190
148 191
148 193
148 196
148 197
148 199
149 152
149 156
149 160
149 163
149 164
149 168
149 170
149 172
149 175
149 176
149 178
149 179
149 180
149 181
149 182
149 183
149 184
149 185
149 186
149 190
149 191
149 193
149 194
149 196
149 198
149 199
150 151
150 152
150 154
150 156
150 157
150 158
150 159
150 162
150 164
150 165
150 167
150 169
150 173
150 174
150 175
150 177
150 179
150 181
150 182
150 184
150 185
150 186
150 187
150 188
150 189
150 190
150 192
150 195
150 196
150 197
150 198
150 199
151 152
151 153
151 157
151 159
151 160
151 165
151 166
151 167
151 168
151 169
151 171
151 175
151 177
151 178
151 179
151 180
151 182
151 184
151 185
151 188
151 189
151 190
151 191
151 193
151 194
151 196
151 197
151 198
151 199
152 154
152 155
152 156
152 158
152 161
152 164
152 165
152 166
152 170
152 173
152 174
152 176
152 179
152 181
152 184
152 185
152 186
152 189
152 190
152 193
152 194
152 195
152 196
152 197
152 199
153 154
153 155
153 156
153 158
153 159
153 160
153 161
153 162
153 165
153 169
153 170
153 171
153 172
153 178
153 179
153 181
153 182
153 183
153 184
153 185
153 186
153 187
153 188
153 189
153 190
153 191
153 192
153 194
153 195
153 196
153 197
153 198
154 156
154 157
154 158
154 159
154 161
154 163
154 164
154 165
154 166
154 169
154 171
154 173
154 174
154 175
154 176
154 177
154 179
154 182
154 183
154 184
154 186
154 187
154 188
154 189
154 190
154 191
154 192
154 194
154 195
154 196
154 197
155 156
155 158
155 159
155 160
155 161
155 162
155 163
155 164
155 165
155 166
155 168
155 169
155 170
155 172
155 176
155 177
155 178
155 179
155 180
155 183
155 184
155 185
155 187
155 194
155 195
155 197
155 198
156 157
156 158
156 163
156 164
156 165
156 169
156 171
156 172
156 174
156 176
156 177
156 181
156 183
156 185
156 188
156 189
156 191
156 192
156 193
156 194
156 195
156 196
157 159
157 160
157 161
157 162
157 163
157 165
157 166
157 170
157 173
157 175
157 176
157 177
157 179
157 182
157 184
157 185
157 186
157 188
157 194
157 195
157 196
157 197
157 198
158 163
158 166
158 168
158 169
158 170
158 171
158 172
158 173
158 174
158 176
158 177
158 179
158 182
158 185
158 186
158 188
158 190
158 191
158 194
158 195
158 196
158 197
158 198
158 199
159 161
159 162
159 163
159 164
159 166
159 169
159 174
159 175
159 176
159 177
159 181
159 183
159 184
159 187
159 188
159 189
159 191
159 192
159 194
159 195
159 197
159 198
159 199
160 161
160 162
160 165
160 166
160 167
160 169
160 171
160 174
160 175
160 177
160 181
160 182
160 184
160 188
160 189
160 191
160 192
160 193
160 194
160 195
160 198
160 199
161 162
161 166
161 167
161 168
161 169
161 173
161 174
161 175
161 177
161 178
161 180
161 181
161 185
161 188
161 189
161 191
161 194
161 197
161 199
162 164
162 165
162 166
162 171
162 172
162 173
162 174
162 175
162 177
162 180
162 183
162 185
162 186
162 188
162 189
162 190
162 193
162 194
162 195
162 197
162 198
162 199
163 165
163 166
163 167
163 169
163 172
163 173
163 174
163 176
163 177
163 179
163 180
163 182
163 185
163 186
163 187
163 190
163 191
163 192
163 194
163 195
163 197
163 198
164 165
164 166
164 168
164 169
164 170
164 172
164 173
164 174
164 175
164 179
164 180
164 181
164 182
164 186
164 187
164 189
164 191
164 192
164 198
165 167
165 168
165 171
165 172
165 173
165 174
165 176
165 177
165 178
165 180
165 181
165 183
165 185
165 186
165 187
165 188
165 190
165 192
165 193
165 194
165 195
165 196
165 198
166 167
166 169
166 171
166 172
166 173
166 174
166 176
166 177
166 179
166 181
166 182
166 183
166 184
166 185
166 186
166 187
166 189
166 194
166 195
166 196
166 197
166 198
166 199
167 168
167 171
167 172
167 173
167 174
167 175
167 178
167 180
167 185
167 187
167 189
167 190
167 191
167 192
167 194
167 195
167 196
167 197
167 198
167 199
168 169
168 170
168 173
168 176
168 177
168 179
168 180
168 181
168 183
168 184
168 185
168 187
168 188
168 191
168 192
168 193
168 194
168 195
168 196
168 197
168 198
168 199
169 171
169 173
169 174
169 176
169 177
169 178
169 179
169 182
169 183
169 185
169 186
169 188
169 189
169 190
169 191
169 192
169 193
169 194
169 196
169 197
169 198
169 199
170 174
170 175
170 177
170 179
170 180
170 181
170 183
170 184
170 185
170 186
170 187
170 189
170 190
170 193
170 195
170 199
171 173
171 176
171 179
171 180
171 185
171 188
171 189
171 190
171 192
171 197
171 198
172 175
172 176
172 177
172 178
172 179
172 182
172 183
172 184
172 185
172 188
172 189
172 192
172 194
172 197
172 198
172 199
173 174
173 175
173 176
173 177
173 179
173 180
173 182
173 183
173 184
173 186
173 187
173 188
173 190
173 191
173 192
173 193
173 194
173 195
173 196
173 198
173 199
174 175
174 178
174 180
174 182
174 184
174 185
174 186
174 188
174 189
174 190
174 194
174 195
174 196
174 197
175 176
175 177
175 178
175 181
175 182
175 183
175 184
175 185
175 187
175 188
175 189
175 192
175 193
175 194
175 196
176 184
176 185
176 187
176 189
176 191
176 192
176 193
176 194
176 195
176 198
176 199
177 178
177 180
177 181
177 182
177 184
177 185
177 186
177 187
177 189
177 190
177 191
177 192
177 196
177 197
177 198
177 199
178 181
178 183
178 184
178 185
178 186
178 187
178 189
178 190
178 192
178 193
178 194
178 196
178 198
179 180
179 181
179 182
179 183
179 188
179 190
179 194
179 196
179 198
179 199
180 181
180 182
180 183
180 186
180 187
180 189
180 190
180 191
180 192
180 194
180 195
180 199
181 182
181 187
181 188
181 189
181 191
181 192
181 194
181 195
181 196
181 197
181 198
181 199
182 183
182 186
182 187
182 189
182 190
182 191
182 192
182 193
182 194
182 195
182 196
182 197
182 199
183 185
183 188
183 189
183 194
183 195
183 196
183 197
183 199
184 186
184 188
184 190
184 192
184 194
184 195
184 196
184 197
185 188
185 189
185 190
185 191
185 192
185 193
185 196
185 198
185 199
186 187
186 189
186 191
186 192
186 195
186 196
186 197
186 199
187 188
187 189
187 190
187 193
187 195
187 196
187 199
188 189
188 191
188 193
188 194
188 198
188 199
189 190
189 192
189 193
189 194
189 195
189 196
189 197
189 199
190 192
190 193
190 194
190 195
190 196
190 197
190 198
190 199
191 192
191 194
191 195
191 196
192 193
192 195
192 198
192 199
193 195
193 196
193 197
193 198
193 199
194 197
194 199
195 198
195 199
197 198
197 199
198 199
