150 4229
98 29
14 64
93 94
81 12
87 89
80 43
87 32
55 75
85 80
45 82
93 59
76 74
38 55
82 32
86 80
91 49
58 41
95 92
62 59
27 50
49 51
34 23
26 15
71 78
63 34
19 55
22 84
73 26
57 58
75 59
92 85
93 11
91 52
69 17
98 15
71 98
51 25
75 61
92 69
39 96
82 74
76 13
59 72
45 24
95 69
27 61
34 89
22 80
40 33
10 15
26 82
56 45
96 97
75 27
64 97
25 45
81 58
73 36
18 62
96 70
35 30
76 22
11 80
45 37
98 60
36 66
92 98
57 21
31 89
63 19
56 96
17 86
62 43
69 15
13 34
67 50
90 48
67 83
62 76
34 21
14 69
67 23
46 68
14 92
48 49
38 37
46 99
31 86
70 66
53 97
23 86
80 70
25 81
55 47
51 21
28 29
22 16
24 73
72 95
23 44
94 77
13 56
44 98
73 63
14 80
33 37
48 23
20 93
71 63
12 98
84 15
84 91
25 20
34 55
54 87
86 39
40 28
68 48
42 27
61 63
63 53
24 81
90 45
37 98
99 89
93 51
17 50
35 53
64 15
81 62
67 26
26 94
73 74
33 30
66 30
40 53
85 49
34 34
79 87
97 81
80 16
31 97
26 55
79 23
32 50
79 91
60 31
48 55
27 19
68 31
2208
0 2
0 5
0 12
0 14
0 15
0 16
0 28
0 31
0 39
0 41
0 46
0 48
0 61
0 67
0 71
0 78
0 81
0 86
0 88
0 90
0 94
0 97
0 101
0 102
0 103
0 105
0 120
0 123
0 126
0 139
0 145
0 146
1 2
1 10
1 12
1 15
1 16
1 20
1 27
1 32
1 35
1 36
1 41
1 53
1 55
1 57
1 59
1 61
1 67
1 69
1 72
1 75
1 76
1 77
1 79
1 82
1 84
1 100
1 102
1 103
1 114
1 122
1 125
1 136
1 137
1 139
1 141
1 148
2 11
2 13
2 15
2 32
2 38
2 45
2 56
2 60
2 63
2 69
2 89
2 95
2 96
2 99
2 102
2 103
2 111
2 122
2 124
2 133
2 140
2 145
3 7
3 8
3 10
3 15
3 22
3 28
3 35
3 37
3 45
3 46
3 56
3 59
3 62
3 65
3 70
3 71
3 73
3 74
3 85
3 90
3 95
3 96
3 97
3 99
3 106
3 108
3 111
3 120
3 122
3 123
3 124
3 127
3 129
3 132
3 134
3 137
3 143
4 7
4 11
4 13
4 18
4 19
4 20
4 23
4 27
4 30
4 50
4 55
4 63
4 67
4 70
4 82
4 87
4 89
4 91
4 96
4 102
4 107
4 109
4 119
4 121
4 124
4 127
4 129
4 149
5 11
5 20
5 21
5 23
5 24
5 31
5 34
5 36
5 48
5 49
5 50
5 63
5 67
5 72
5 74
5 76
5 77
5 79
5 81
5 87
5 95
5 96
5 101
5 103
5 127
5 136
5 137
5 139
5 140
5 143
5 146
6 7
6 11
6 14
6 22
6 27
6 30
6 37
6 38
6 41
6 43
6 45
6 62
6 64
6 67
6 74
6 80
6 82
6 84
6 85
6 89
6 99
6 100
6 102
6 109
6 110
6 112
6 115
6 122
6 124
6 130
6 132
6 133
6 139
6 140
7 10
7 11
7 13
7 16
7 17
7 22
7 24
7 30
7 31
7 45
7 49
7 52
7 66
7 67
7 82
7 88
7 95
7 104
7 106
7 111
7 125
7 127
7 134
7 141
7 142
7 143
7 147
7 148
7 149
8 19
8 21
8 24
8 29
8 37
8 38
8 40
8 41
8 43
8 52
8 53
8 62
8 69
8 86
8 87
8 89
8 99
8 100
8 101
8 104
8 105
8 114
8 115
8 116
8 121
8 127
8 129
8 130
8 136
8 138
8 142
8 146
8 148
8 149
9 17
9 33
9 35
9 48
9 53
9 57
9 60
9 62
9 64
9 69
9 71
9 76
9 82
9 90
9 91
9 95
9 101
9 113
9 133
9 134
9 141
9 149
10 12
10 17
10 23
10 26
10 33
10 40
10 42
10 45
10 52
10 59
10 67
10 73
10 77
10 83
10 84
10 85
10 93
10 109
10 114
10 118
10 120
10 122
10 125
10 127
10 129
10 131
10 134
10 137
10 140
10 146
10 149
11 17
11 18
11 21
11 23
11 26
11 33
11 35
11 38
11 41
11 48
11 52
11 57
11 65
11 69
11 77
11 78
11 94
11 95
11 117
11 124
11 143
11 146
12 17
12 21
12 39
12 40
12 46
12 48
12 49
12 57
12 71
12 80
12 89
12 92
12 93
12 94
12 95
12 97
12 99
12 100
12 104
12 106
12 108
12 122
12 128
12 129
12 132
12 137
12 140
12 149
13 14
13 20
13 24
13 25
13 28
13 30
13 31
13 37
13 40
13 41
13 43
13 47
13 51
13 54
13 55
13 62
13 66
13 71
13 77
13 78
13 79
13 81
13 83
13 95
13 96
13 98
13 101
13 104
13 113
13 119
13 126
13 141
14 19
14 25
14 31
14 33
14 38
14 39
14 40
14 62
14 64
14 70
14 86
14 88
14 90
14 97
14 105
14 106
14 114
14 121
14 122
14 124
14 128
14 136
14 141
14 143
14 146
15 26
15 34
15 40
15 49
15 60
15 77
15 79
15 80
15 82
15 90
15 92
15 95
15 97
15 100
15 102
15 107
15 112
15 114
15 117
15 118
15 127
15 128
15 130
15 132
15 142
15 144
16 20
16 22
16 28
16 29
16 31
16 32
16 40
16 41
16 42
16 43
16 50
16 52
16 55
16 58
16 62
16 63
16 68
16 71
16 78
16 92
16 97
16 98
16 105
16 113
16 116
16 119
16 121
16 122
16 143
17 27
17 30
17 37
17 45
17 50
17 54
17 57
17 65
17 73
17 74
17 82
17 85
17 87
17 89
17 91
17 95
17 96
17 100
17 108
17 109
17 110
17 123
17 126
17 127
17 135
17 138
17 145
18 21
18 35
18 36
18 37
18 43
18 47
18 56
18 58
18 67
18 72
18 74
18 81
18 82
18 85
18 90
18 91
18 95
18 96
18 97
18 106
18 111
18 112
18 120
18 122
18 125
18 126
18 134
18 146
18 149
19 20
19 21
19 23
19 25
19 27
19 31
19 38
19 40
19 45
19 50
19 58
19 60
19 65
19 66
19 69
19 72
19 78
19 81
19 87
19 92
19 93
19 101
19 103
19 106
19 111
19 120
19 124
19 125
19 133
19 137
19 138
19 141
19 142
19 146
19 147
20 29
20 33
20 38
20 44
20 47
20 58
20 66
20 68
20 69
20 71
20 93
20 106
20 109
20 110
20 116
20 117
20 136
21 35
21 45
21 56
21 61
21 64
21 83
21 84
21 93
21 98
21 101
21 106
21 108
21 109
21 115
21 116
21 131
21 135
21 142
21 143
22 27
22 28
22 42
22 45
22 46
22 51
22 52
22 67
22 71
22 75
22 88
22 90
22 95
22 101
22 104
22 107
22 112
22 113
22 115
22 117
22 122
22 123
22 124
22 130
22 133
22 147
23 40
23 42
23 49
23 52
23 58
23 59
23 69
23 70
23 73
23 81
23 83
23 90
23 97
23 104
23 106
23 108
23 112
23 121
23 122
23 128
23 130
23 146
23 147
23 148
24 26
24 27
24 31
24 39
24 48
24 60
24 68
24 81
24 84
24 88
24 93
24 96
24 102
24 103
24 110
24 111
24 112
24 114
24 125
24 128
24 132
24 134
24 147
24 149
25 33
25 37
25 47
25 53
25 55
25 60
25 64
25 70
25 72
25 87
25 94
25 99
25 101
25 103
25 109
25 113
25 114
25 115
25 117
25 118
25 137
25 139
26 37
26 38
26 42
26 59
26 62
26 68
26 73
26 79
26 92
26 94
26 95
26 101
26 102
26 109
26 119
26 128
26 140
26 141
26 142
26 146
26 147
27 28
27 30
27 37
27 54
27 57
27 97
27 109
27 120
27 129
27 135
27 136
27 144
27 146
27 147
28 33
28 34
28 37
28 40
28 43
28 45
28 49
28 54
28 73
28 75
28 77
28 82
28 85
28 89
28 91
28 94
28 102
28 105
28 110
28 113
28 121
29 40
29 42
29 44
29 49
29 51
29 59
29 61
29 72
29 77
29 78
29 81
29 83
29 94
29 100
29 102
29 108
29 109
29 112
29 113
29 114
29 128
29 130
29 131
29 133
29 140
29 141
29 144
30 33
30 41
30 42
30 50
30 51
30 55
30 56
30 57
30 62
30 63
30 75
30 76
30 82
30 92
30 102
30 103
30 144
30 149
31 35
31 39
31 46
31 53
31 54
31 68
31 71
31 79
31 89
31 92
31 95
31 98
31 100
31 101
31 104
31 107
31 108
31 116
31 119
31 121
31 123
31 124
31 131
31 137
31 142
31 143
31 145
31 146
31 147
31 148
32 37
32 39
32 43
32 47
32 50
32 54
32 56
32 70
32 73
32 75
32 81
32 83
32 84
32 89
32 91
32 95
32 98
32 117
32 123
32 130
32 133
32 137
32 145
33 54
33 55
33 62
33 64
33 65
33 73
33 75
33 82
33 86
33 87
33 89
33 97
33 106
33 107
33 110
33 114
33 135
33 138
33 140
33 144
33 149
34 42
34 48
34 56
34 68
34 70
34 72
34 84
34 88
34 89
34 91
34 95
34 96
34 97
34 98
34 116
34 118
34 126
34 127
34 135
34 136
34 138
34 140
34 145
35 43
35 51
35 52
35 62
35 63
35 87
35 95
35 106
35 111
35 117
35 120
35 132
35 133
35 148
36 42
36 53
36 54
36 59
36 63
36 71
36 72
36 76
36 84
36 87
36 102
36 109
36 116
36 121
36 126
36 129
36 134
36 138
36 140
36 147
36 148
37 38
37 51
37 52
37 56
37 60
37 63
37 64
37 68
37 71
37 84
37 87
37 88
37 95
37 96
37 103
37 105
37 111
37 118
37 120
37 122
37 142
37 146
38 41
38 55
38 65
38 67
38 68
38 71
38 73
38 75
38 76
38 82
38 86
38 98
38 104
38 107
38 117
38 118
38 120
38 121
38 127
38 130
38 136
38 138
38 145
38 149
39 40
39 42
39 57
39 59
39 73
39 76
39 84
39 86
39 88
39 91
39 92
39 94
39 96
39 97
39 98
39 101
39 103
39 108
39 110
39 114
39 122
39 132
39 133
39 141
39 142
40 48
40 52
40 54
40 65
40 66
40 78
40 80
40 85
40 88
40 90
40 92
40 102
40 106
40 121
40 122
40 125
40 132
41 58
41 59
41 60
41 63
41 80
41 87
41 88
41 91
41 95
41 99
41 104
41 110
41 111
41 114
41 116
41 129
41 137
41 140
42 44
42 51
42 52
42 54
42 64
42 71
42 73
42 76
42 79
42 80
42 88
42 89
42 99
42 107
42 110
42 112
42 113
42 118
42 119
42 130
42 133
42 137
42 138
42 139
42 146
43 45
43 48
43 55
43 60
43 68
43 71
43 74
43 78
43 79
43 94
43 96
43 100
43 101
43 102
43 104
43 105
43 109
43 115
43 131
43 135
43 136
43 138
43 139
43 141
44 58
44 67
44 81
44 85
44 89
44 90
44 101
44 102
44 104
44 121
44 123
44 135
44 140
44 146
44 148
45 50
45 61
45 69
45 74
45 76
45 79
45 86
45 91
45 113
45 116
45 120
45 125
45 129
45 131
45 136
45 139
45 140
46 53
46 60
46 70
46 72
46 82
46 97
46 100
46 101
46 102
46 106
46 107
46 108
46 109
46 118
46 122
46 126
46 128
46 130
46 147
47 55
47 58
47 62
47 65
47 70
47 77
47 82
47 91
47 93
47 94
47 102
47 105
47 110
47 112
47 115
47 117
47 122
47 134
47 139
47 142
47 146
47 148
48 95
48 98
48 101
48 115
48 122
48 138
49 52
49 55
49 65
49 66
49 71
49 73
49 75
49 79
49 85
49 86
49 91
49 92
49 97
49 101
49 102
49 105
49 109
49 112
49 116
49 117
49 122
49 123
49 131
49 134
49 135
49 139
49 142
49 146
50 51
50 54
50 57
50 58
50 69
50 71
50 81
50 85
50 86
50 99
50 102
50 112
50 114
50 119
50 121
50 124
50 129
50 132
50 135
50 139
50 149
51 53
51 57
51 64
51 72
51 76
51 78
51 89
51 93
51 94
51 95
51 98
51 106
51 108
51 109
51 112
51 115
51 117
51 121
51 127
51 129
51 133
51 143
51 149
52 58
52 65
52 66
52 71
52 72
52 73
52 77
52 84
52 88
52 97
52 112
52 113
52 119
52 125
52 128
52 136
52 142
52 143
52 144
53 63
53 65
53 69
53 70
53 77
53 87
53 91
53 92
53 94
53 95
53 100
53 108
53 109
53 112
53 122
53 125
53 133
53 136
53 143
53 147
54 64
54 69
54 81
54 86
54 89
54 92
54 110
54 111
54 124
54 129
54 133
54 139
55 57
55 60
55 62
55 68
55 69
55 70
55 71
55 72
55 76
55 80
55 81
55 85
55 87
55 88
55 89
55 90
55 97
55 100
55 103
55 110
55 111
55 115
55 116
55 119
55 120
55 121
55 134
55 136
55 140
55 149
56 61
56 68
56 73
56 75
56 76
56 78
56 85
56 91
56 99
56 101
56 102
56 105
56 111
56 120
56 122
56 128
56 129
56 134
56 137
57 60
57 63
57 65
57 66
57 72
57 86
57 88
57 89
57 96
57 99
57 111
57 124
57 126
57 136
57 145
57 146
58 67
58 82
58 83
58 87
58 90
58 91
58 94
58 100
58 103
58 106
58 115
58 118
58 120
58 121
58 126
58 143
58 147
59 61
59 74
59 75
59 82
59 86
59 93
59 101
59 104
59 108
59 115
59 118
59 119
59 127
59 130
59 131
59 135
59 137
59 139
59 140
59 149
60 62
60 66
60 84
60 95
60 96
60 106
60 107
60 109
60 111
60 119
60 124
60 125
60 131
60 137
60 140
60 141
60 149
61 65
61 67
61 75
61 76
61 80
61 82
61 84
61 85
61 96
61 97
61 98
61 100
61 106
61 111
61 117
61 122
61 132
61 135
61 140
61 145
62 64
62 70
62 80
62 86
62 89
62 90
62 92
62 94
62 102
62 104
62 105
62 108
62 114
62 116
62 124
62 129
62 131
62 132
62 135
62 138
62 139
62 147
63 64
63 68
63 71
63 72
63 75
63 76
63 87
63 91
63 95
63 100
63 101
63 107
63 110
63 115
63 119
63 123
63 129
63 132
63 137
63 139
63 144
63 146
64 66
64 71
64 78
64 79
64 80
64 86
64 87
64 100
64 104
64 111
64 113
64 114
64 115
64 119
64 125
64 131
64 137
64 138
64 142
64 148
65 82
65 86
65 87
65 93
65 111
65 116
65 117
65 122
65 127
65 139
65 142
65 145
66 79
66 80
66 83
66 97
66 106
66 114
66 121
66 124
66 125
66 134
66 135
66 140
67 69
67 74
67 78
67 83
67 86
67 88
67 96
67 111
67 114
67 118
67 128
67 132
67 134
67 142
67 147
68 74
68 78
68 83
68 94
68 96
68 104
68 107
68 116
68 122
68 123
68 124
68 127
68 129
68 131
68 133
69 87
69 89
69 94
69 106
69 107
69 109
69 117
69 118
69 122
69 124
69 127
69 132
69 145
69 146
70 72
70 79
70 82
70 97
70 99
70 100
70 102
70 107
70 110
70 116
70 124
70 128
70 129
70 137
70 139
70 143
71 76
71 85
71 87
71 92
71 97
71 102
71 103
71 105
71 106
71 125
71 126
71 130
71 139
71 144
71 148
72 73
72 78
72 82
72 84
72 92
72 94
72 104
72 108
72 110
72 112
72 118
72 121
72 125
72 128
72 130
72 135
72 147
73 84
73 86
73 87
73 89
73 90
73 91
73 93
73 95
73 98
73 102
73 103
73 107
73 119
73 122
73 124
73 126
73 131
73 138
73 139
73 141
73 142
73 143
74 83
74 84
74 89
74 90
74 92
74 95
74 98
74 101
74 102
74 108
74 119
74 120
74 122
74 124
74 125
74 126
74 129
74 130
74 135
74 138
74 142
74 143
74 145
75 80
75 81
75 82
75 87
75 92
75 94
75 98
75 105
75 112
75 117
75 120
75 126
75 128
75 146
76 79
76 81
76 84
76 91
76 99
76 101
76 110
76 118
76 119
76 128
76 130
76 141
76 142
76 143
77 78
77 84
77 88
77 89
77 93
77 104
77 114
77 120
77 134
77 140
77 143
77 144
77 149
78 91
78 95
78 107
78 117
78 122
78 133
78 147
78 148
79 82
79 85
79 88
79 103
79 107
79 110
79 112
79 114
79 117
79 121
79 124
79 128
79 129
79 133
80 82
80 97
80 106
80 111
80 113
80 115
80 123
80 130
80 134
80 148
81 82
81 83
81 91
81 97
81 106
81 109
81 112
81 115
81 120
81 129
81 135
81 138
81 143
81 148
82 84
82 88
82 96
82 97
82 105
82 110
82 115
82 121
82 127
82 133
82 135
82 142
82 143
83 94
83 95
83 96
83 98
83 102
83 104
83 105
83 106
83 114
83 121
83 124
83 135
83 137
83 139
83 142
83 145
83 146
84 106
84 110
84 111
84 113
84 114
84 122
84 124
84 125
84 129
84 132
84 135
84 136
84 137
84 139
84 140
84 146
84 147
85 88
85 89
85 91
85 102
85 103
85 105
85 113
85 115
85 118
85 120
85 125
85 126
85 136
85 137
85 148
86 92
86 96
86 97
86 101
86 104
86 105
86 117
86 129
86 135
86 137
86 148
87 90
87 101
87 105
87 110
87 112
87 124
87 130
87 135
88 92
88 93
88 99
88 103
88 116
88 123
88 129
89 91
89 94
89 101
89 106
89 113
89 114
89 116
89 121
89 126
89 131
89 140
89 142
90 103
90 104
90 107
90 114
90 117
90 135
90 145
91 97
91 110
91 111
91 119
91 122
91 128
91 129
91 134
91 135
91 142
91 146
91 147
91 149
92 95
92 96
92 102
92 111
92 126
92 135
92 139
92 142
92 144
92 146
93 99
93 103
93 107
93 108
93 109
93 110
93 128
93 130
93 138
93 139
93 147
94 100
94 101
94 104
94 113
94 115
94 119
94 121
94 122
94 124
94 127
94 134
94 135
94 138
94 142
94 147
95 103
95 107
95 117
95 125
95 137
95 140
95 141
95 144
95 145
96 99
96 102
96 114
96 115
96 119
96 132
96 133
96 135
96 139
96 142
96 145
97 101
97 109
97 116
97 132
97 135
97 138
98 100
98 103
98 105
98 113
98 114
98 117
98 121
98 127
98 129
98 137
98 143
98 145
98 146
99 104
99 108
99 118
99 120
99 129
99 132
99 138
99 142
99 147
99 148
100 106
100 107
100 108
100 112
100 113
100 118
100 127
100 131
100 145
100 147
101 114
101 125
101 127
101 133
101 139
101 142
101 143
101 146
101 148
101 149
102 108
102 111
102 120
102 125
102 129
102 137
102 149
103 112
103 121
103 127
103 134
103 135
103 144
104 110
104 111
104 112
104 115
104 127
104 130
104 148
105 106
105 107
105 108
105 117
105 128
105 129
105 137
105 148
106 107
106 109
106 112
106 117
106 119
106 123
106 124
106 126
106 144
106 146
106 148
107 109
107 113
107 116
107 126
107 127
107 128
107 133
107 136
108 118
109 112
109 115
109 116
109 117
109 119
109 121
109 125
109 128
109 129
109 131
109 143
109 149
110 111
110 112
110 114
110 124
110 129
110 148
111 115
111 117
111 124
111 126
111 128
111 129
111 130
111 131
111 142
111 146
112 113
112 114
112 117
112 118
112 120
112 121
112 132
112 134
112 141
112 148
112 149
113 118
113 119
113 121
113 127
113 132
113 144
113 145
113 147
113 149
114 121
114 139
114 141
115 122
115 124
115 138
116 117
116 126
116 128
116 136
116 140
116 142
116 143
117 128
117 134
117 135
118 125
118 126
118 127
118 130
118 131
118 134
118 148
119 123
119 125
119 132
119 137
119 142
119 146
120 128
120 129
120 139
120 144
121 125
121 138
121 148
122 124
122 127
122 128
122 129
122 131
122 133
122 135
122 143
122 146
122 148
123 131
123 134
123 136
123 137
123 139
124 126
124 132
124 133
124 137
124 140
124 145
125 127
125 129
125 131
125 134
125 135
125 136
125 138
125 149
126 132
126 138
126 144
126 147
126 149
127 131
127 138
127 144
127 145
127 147
128 137
128 144
128 145
128 147
129 139
129 140
129 144
129 148
130 139
130 141
130 142
130 147
130 148
131 135
131 137
131 142
131 143
131 148
132 140
132 141
132 145
132 146
133 137
133 141
133 147
133 148
134 137
134 141
134 142
134 144
134 145
135 138
135 143
136 138
136 143
136 145
137 142
137 145
138 142
138 145
138 148
138 149
139 142
140 143
140 146
141 143
144 147
144 148
146 147
146 148
