150 4029
73 49
52 52
95 12
94 85
17 99
59 95
41 85
69 49
31 32
57 60
96 44
48 36
68 72
58 12
37 30
73 14
24 76
72 23
26 89
24 57
65 90
52 61
17 98
15 53
48 33
65 91
100 34
88 98
51 23
66 36
33 86
67 27
75 77
16 61
63 92
23 11
22 73
12 89
17 24
31 41
66 55
29 93
26 28
19 60
47 70
91 29
23 73
54 12
41 29
29 13
38 29
95 19
79 28
61 60
56 21
83 39
84 30
16 71
99 97
24 68
44 16
33 66
50 79
66 100
38 39
30 27
71 14
10 65
26 49
42 25
52 86
22 16
97 92
99 65
17 61
42 93
11 21
14 10
48 60
19 50
32 56
38 86
18 34
75 16
56 12
31 24
37 80
81 76
84 79
87 69
56 55
26 24
70 32
96 88
61 16
44 10
76 11
25 16
67 99
57 44
91 63
51 76
68 34
31 81
26 53
85 34
82 35
47 97
15 37
27 84
36 77
69 69
63 37
18 99
82 73
69 20
84 12
36 16
87 64
84 16
19 57
52 73
67 89
83 51
89 97
34 42
90 74
86 11
42 82
48 75
88 88
34 43
50 53
67 96
20 11
92 78
85 10
22 19
68 67
80 46
27 21
19 34
69 88
99 94
26 36
97 89
42 87
66 75
34 56
25 85
2189
0 3
0 24
0 25
0 31
0 32
0 38
0 45
0 49
0 68
0 79
0 80
0 81
0 89
0 94
0 99
0 101
0 104
0 107
0 108
0 109
0 110
0 113
0 116
0 122
0 125
0 129
0 138
0 147
1 2
1 13
1 17
1 22
1 26
1 27
1 30
1 31
1 37
1 38
1 41
1 54
1 58
1 70
1 83
1 90
1 93
1 98
1 105
1 115
1 117
1 127
1 128
1 136
1 139
1 141
1 147
2 6
2 8
2 13
2 14
2 19
2 20
2 27
2 30
2 33
2 37
2 38
2 44
2 50
2 55
2 57
2 79
2 85
2 87
2 89
2 91
2 101
2 106
2 107
2 109
2 117
2 118
2 121
2 123
2 126
2 127
2 134
2 139
2 140
2 142
3 15
3 32
3 34
3 36
3 41
3 43
3 49
3 50
3 52
3 53
3 54
3 70
3 71
3 74
3 87
3 97
3 100
3 102
3 105
3 108
3 133
3 137
3 140
4 8
4 9
4 12
4 17
4 22
4 24
4 27
4 33
4 38
4 44
4 53
4 57
4 58
4 70
4 75
4 78
4 88
4 93
4 94
4 95
4 98
4 116
4 117
4 128
4 138
4 142
4 144
4 148
5 17
5 19
5 22
5 23
5 29
5 31
5 32
5 36
5 62
5 66
5 75
5 82
5 99
5 112
5 113
5 118
5 119
5 125
5 133
5 142
6 11
6 14
6 15
6 26
6 27
6 30
6 37
6 39
6 40
6 48
6 50
6 55
6 56
6 57
6 60
6 70
6 77
6 78
6 84
6 89
6 93
6 108
6 125
6 128
6 135
6 144
7 10
7 11
7 14
7 18
7 24
7 31
7 32
7 40
7 44
7 52
7 57
7 68
7 71
7 73
7 75
7 78
7 84
7 92
7 94
7 95
7 99
7 100
7 105
7 108
7 114
7 115
7 120
7 125
7 127
7 128
7 129
7 138
7 146
8 9
8 12
8 16
8 22
8 32
8 38
8 45
8 48
8 55
8 62
8 70
8 71
8 78
8 79
8 84
8 86
8 92
8 97
8 99
8 103
8 110
8 111
8 114
8 119
8 121
8 123
8 127
8 134
8 135
8 136
8 143
8 145
8 146
9 15
9 20
9 27
9 30
9 31
9 34
9 39
9 40
9 45
9 48
9 49
9 54
9 59
9 60
9 73
9 75
9 81
9 84
9 85
9 96
9 99
9 107
9 116
9 119
9 122
9 130
9 134
9 146
9 149
10 12
10 13
10 15
10 25
10 28
10 30
10 34
10 35
10 39
10 41
10 59
10 60
10 63
10 65
10 66
10 71
10 76
10 81
10 82
10 84
10 86
10 89
10 90
10 96
10 99
10 104
10 109
10 111
10 116
10 117
10 121
10 127
10 128
10 137
10 138
10 143
10 145
11 20
11 25
11 28
11 29
11 31
11 37
11 51
11 64
11 65
11 66
11 73
11 87
11 97
11 105
11 116
11 121
11 130
11 134
11 147
12 22
12 27
12 30
12 34
12 37
12 44
12 45
12 52
12 60
12 62
12 68
12 69
12 72
12 80
12 88
12 93
12 96
12 97
12 107
12 112
12 132
12 133
12 136
12 141
12 144
13 16
13 25
13 33
13 37
13 47
13 49
13 55
13 59
13 70
13 77
13 81
13 82
13 90
13 91
13 94
13 99
13 104
13 105
13 110
13 113
13 119
13 126
13 138
13 141
13 147
14 17
14 18
14 19
14 28
14 59
14 68
14 74
14 75
14 79
14 83
14 84
14 87
14 91
14 96
14 97
14 106
14 113
14 115
14 117
14 125
14 126
14 127
14 130
14 133
14 140
14 141
14 142
14 143
14 144
14 145
14 146
14 148
15 18
15 21
15 23
15 26
15 32
15 40
15 45
15 49
15 56
15 68
15 69
15 71
15 73
15 74
15 76
15 83
15 84
15 85
15 90
15 93
15 96
15 99
15 108
15 114
15 126
15 135
15 136
15 137
15 149
16 18
16 23
16 26
16 28
16 35
16 36
16 39
16 50
16 62
16 65
16 67
16 70
16 71
16 72
16 78
16 82
16 90
16 108
16 109
16 110
16 119
16 124
16 128
16 132
16 135
16 136
16 137
16 138
16 139
16 144
17 20
17 25
17 29
17 30
17 31
17 40
17 48
17 53
17 54
17 56
17 63
17 74
17 80
17 86
17 89
17 90
17 94
17 102
17 112
17 116
17 121
17 123
17 124
17 135
17 142
17 145
17 146
18 19
18 22
18 25
18 29
18 30
18 36
18 37
18 47
18 50
18 58
18 65
18 66
18 67
18 69
18 75
18 78
18 79
18 81
18 82
18 84
18 87
18 105
18 114
18 115
18 129
18 143
18 147
19 23
19 26
19 29
19 34
19 45
19 55
19 61
19 71
19 73
19 79
19 85
19 87
19 91
19 92
19 104
19 106
19 110
19 111
19 119
19 120
19 121
19 124
19 130
19 132
19 134
19 138
19 139
19 144
20 23
20 24
20 27
20 30
20 31
20 36
20 46
20 59
20 62
20 66
20 67
20 69
20 74
20 88
20 93
20 97
20 98
20 103
20 108
20 116
20 117
20 127
20 128
20 132
20 139
20 142
20 145
20 149
21 30
21 40
21 43
21 46
21 55
21 58
21 62
21 68
21 72
21 83
21 93
21 101
21 109
21 115
21 120
21 125
21 134
21 136
21 142
21 147
21 148
22 28
22 29
22 36
22 40
22 51
22 54
22 56
22 65
22 68
22 70
22 74
22 78
22 85
22 99
22 101
22 105
22 108
22 109
22 110
22 113
22 114
22 125
22 128
22 129
22 132
22 138
22 140
23 24
23 25
23 26
23 38
23 52
23 61
23 62
23 67
23 74
23 76
23 82
23 86
23 89
23 94
23 95
23 96
23 101
23 102
23 106
23 108
23 119
23 132
23 136
24 37
24 39
24 53
24 57
24 59
24 60
24 65
24 68
24 72
24 81
24 86
24 98
24 100
24 105
24 113
24 117
24 126
24 129
24 134
24 138
24 146
24 149
25 29
25 32
25 41
25 49
25 59
25 66
25 73
25 85
25 88
25 93
25 95
25 96
25 99
25 101
25 106
25 110
25 111
25 114
25 115
25 116
25 121
25 122
25 134
25 136
26 27
26 28
26 37
26 45
26 48
26 53
26 59
26 74
26 76
26 80
26 87
26 93
26 102
26 104
26 111
26 124
26 131
26 132
26 135
26 136
26 137
26 143
27 30
27 34
27 36
27 38
27 44
27 51
27 64
27 68
27 69
27 78
27 89
27 93
27 107
27 108
27 110
27 116
27 118
27 125
27 136
27 139
27 146
27 148
27 149
28 35
28 36
28 39
28 42
28 50
28 51
28 53
28 61
28 67
28 68
28 70
28 71
28 73
28 82
28 84
28 85
28 90
28 93
28 99
28 101
28 106
28 107
28 109
28 110
28 115
28 116
28 117
28 120
28 126
28 129
28 133
28 139
28 140
28 146
28 148
29 32
29 34
29 38
29 43
29 44
29 46
29 48
29 51
29 59
29 63
29 64
29 66
29 72
29 75
29 83
29 87
29 90
29 103
29 112
29 115
29 123
29 125
29 132
29 134
29 136
29 137
29 139
29 142
29 146
30 43
30 55
30 61
30 66
30 67
30 69
30 70
30 79
30 80
30 83
30 85
30 87
30 88
30 89
30 95
30 102
30 108
30 115
30 116
30 118
30 119
30 130
30 133
30 140
30 141
30 142
30 143
31 33
31 66
31 69
31 71
31 74
31 79
31 81
31 83
31 84
31 91
31 93
31 94
31 112
31 113
31 115
31 120
31 121
31 137
31 140
31 143
31 145
31 146
31 148
32 39
32 42
32 48
32 52
32 56
32 60
32 63
32 67
32 77
32 82
32 92
32 98
32 102
32 104
32 114
32 120
32 121
32 122
32 130
32 131
32 143
32 147
33 47
33 50
33 60
33 62
33 81
33 85
33 90
33 92
33 99
33 104
33 107
33 111
33 112
33 125
33 128
33 143
33 147
33 149
34 44
34 50
34 51
34 54
34 57
34 73
34 74
34 85
34 113
34 116
34 123
34 133
34 134
34 140
35 41
35 47
35 51
35 54
35 65
35 68
35 72
35 75
35 76
35 80
35 82
35 85
35 91
35 93
35 94
35 102
35 105
35 106
35 107
35 117
35 128
35 144
35 145
35 146
36 38
36 39
36 42
36 46
36 52
36 54
36 68
36 74
36 78
36 84
36 86
36 90
36 91
36 92
36 109
36 114
36 118
36 129
36 137
36 141
37 41
37 43
37 47
37 48
37 52
37 54
37 56
37 65
37 68
37 71
37 78
37 80
37 92
37 99
37 113
37 117
37 121
37 124
37 130
37 133
37 135
37 140
37 144
38 49
38 50
38 51
38 59
38 61
38 65
38 71
38 93
38 98
38 102
38 106
38 109
38 131
38 134
38 139
38 143
38 145
38 149
39 45
39 49
39 54
39 63
39 64
39 65
39 72
39 78
39 79
39 86
39 92
39 102
39 103
39 110
39 114
39 117
39 128
39 135
39 138
39 139
40 42
40 48
40 51
40 53
40 57
40 60
40 61
40 65
40 66
40 68
40 72
40 77
40 81
40 82
40 85
40 101
40 104
40 118
40 127
40 129
40 137
40 143
41 46
41 48
41 50
41 54
41 56
41 57
41 59
41 61
41 62
41 78
41 86
41 92
41 97
41 102
41 110
41 117
41 126
41 128
41 130
41 131
41 138
41 140
41 144
42 45
42 47
42 64
42 68
42 70
42 75
42 78
42 79
42 83
42 85
42 91
42 106
42 108
42 109
42 116
42 118
42 122
42 127
42 128
42 131
42 134
42 136
43 49
43 51
43 56
43 62
43 72
43 81
43 87
43 94
43 96
43 111
43 115
43 117
43 121
43 131
43 132
43 138
43 143
44 48
44 62
44 63
44 65
44 66
44 68
44 69
44 73
44 75
44 77
44 82
44 84
44 85
44 88
44 95
44 106
44 109
44 118
44 120
44 128
44 129
44 131
44 134
44 144
44 146
45 49
45 53
45 55
45 64
45 70
45 71
45 75
45 78
45 82
45 86
45 90
45 92
45 101
45 108
45 112
45 118
45 129
45 141
45 149
46 48
46 54
46 56
46 67
46 69
46 71
46 72
46 74
46 79
46 81
46 82
46 87
46 88
46 104
46 105
46 109
46 111
46 115
46 119
46 120
46 123
46 127
46 137
46 143
47 55
47 56
47 68
47 75
47 83
47 87
47 88
47 97
47 103
47 104
47 111
47 116
47 117
47 126
47 130
47 139
47 148
48 50
48 69
48 70
48 78
48 79
48 84
48 90
48 92
48 97
48 100
48 106
48 115
48 119
48 121
48 130
48 144
48 146
49 55
49 58
49 59
49 61
49 63
49 65
49 68
49 74
49 83
49 97
49 100
49 110
49 113
49 128
49 129
49 131
49 133
49 142
49 148
50 52
50 59
50 62
50 64
50 65
50 67
50 71
50 81
50 82
50 87
50 90
50 92
50 97
50 100
50 101
50 105
50 111
50 122
50 123
50 124
50 126
50 131
51 58
51 74
51 76
51 78
51 80
51 84
51 96
51 108
51 113
51 116
51 131
51 139
51 142
52 56
52 64
52 68
52 69
52 75
52 76
52 78
52 85
52 87
52 90
52 97
52 100
52 102
52 106
52 116
52 130
52 134
52 138
52 140
52 141
52 145
53 55
53 59
53 65
53 66
53 79
53 91
53 95
53 108
53 115
53 118
53 120
53 121
53 129
53 135
53 143
53 149
54 56
54 61
54 65
54 71
54 76
54 79
54 88
54 98
54 103
54 115
54 122
54 123
54 140
54 141
54 148
55 58
55 59
55 61
55 62
55 65
55 67
55 71
55 72
55 73
55 74
55 89
55 91
55 98
55 103
55 110
55 111
55 128
55 131
55 136
55 138
55 140
55 143
55 145
56 58
56 66
56 71
56 74
56 75
56 86
56 90
56 92
56 93
56 96
56 97
56 100
56 102
56 103
56 109
56 118
56 129
56 137
57 68
57 74
57 76
57 77
57 92
57 100
57 116
57 120
57 127
57 129
57 131
57 138
57 148
57 149
58 67
58 71
58 81
58 85
58 92
58 93
58 96
58 97
58 101
58 110
58 114
58 124
58 126
58 135
58 138
58 140
58 147
58 149
59 61
59 67
59 68
59 69
59 72
59 83
59 87
59 90
59 94
59 97
59 100
59 111
59 113
59 114
59 116
59 122
59 130
59 131
59 133
59 136
59 137
59 140
59 142
59 147
60 62
60 66
60 72
60 75
60 84
60 87
60 99
60 101
60 106
60 109
60 110
60 112
60 116
60 121
60 122
60 123
60 125
60 128
60 129
60 136
60 137
60 138
60 139
60 142
60 146
60 149
61 75
61 81
61 82
61 88
61 130
61 133
61 142
62 77
62 78
62 95
62 104
62 105
62 111
62 113
62 114
62 126
62 129
62 130
62 131
62 142
62 145
62 148
63 69
63 70
63 74
63 78
63 81
63 85
63 86
63 93
63 98
63 120
63 121
63 126
63 129
63 131
63 136
63 143
63 144
63 147
63 149
64 67
64 70
64 71
64 73
64 82
64 86
64 87
64 102
64 104
64 109
64 110
64 118
64 123
64 128
64 136
64 145
65 67
65 69
65 72
65 76
65 78
65 81
65 85
65 87
65 92
65 93
65 95
65 99
65 106
65 122
65 133
65 137
65 140
65 145
65 149
66 79
66 83
66 87
66 90
66 98
66 99
66 102
66 104
66 105
66 108
66 109
66 112
66 116
66 118
66 119
66 125
66 128
66 132
66 139
66 143
66 144
67 78
67 84
67 89
67 95
67 96
67 100
67 106
67 112
67 115
67 118
67 129
67 131
67 137
67 142
67 144
67 149
68 74
68 76
68 77
68 78
68 80
68 84
68 85
68 88
68 89
68 92
68 99
68 104
68 108
68 110
68 113
68 116
68 121
68 122
68 129
68 134
68 135
68 146
68 147
68 149
69 77
69 80
69 81
69 89
69 93
69 108
69 116
69 120
69 126
69 127
69 128
69 140
69 141
69 143
69 146
70 71
70 76
70 85
70 92
70 95
70 101
70 109
70 117
70 120
70 133
70 143
70 147
71 74
71 75
71 84
71 85
71 88
71 99
71 100
71 111
71 121
71 123
71 131
71 133
71 142
72 75
72 76
72 79
72 86
72 87
72 94
72 97
72 99
72 103
72 107
72 109
72 111
72 117
72 124
72 136
72 137
72 145
72 146
73 76
73 78
73 82
73 83
73 86
73 90
73 93
73 95
73 97
73 101
73 109
73 111
73 117
73 122
73 129
73 134
73 140
73 141
74 75
74 76
74 84
74 86
74 89
74 90
74 91
74 98
74 109
74 116
74 118
74 123
74 124
74 125
74 129
74 134
74 138
74 142
74 147
74 149
75 82
75 83
75 94
75 95
75 100
75 124
75 126
75 132
75 135
75 137
75 139
75 141
75 144
76 78
76 83
76 84
76 86
76 98
76 99
76 102
76 111
76 119
76 122
76 125
76 133
76 134
76 138
76 147
76 149
77 86
77 89
77 92
77 93
77 95
77 98
77 99
77 103
77 110
77 117
77 129
77 132
77 133
77 145
78 85
78 87
78 93
78 94
78 103
78 129
78 131
78 142
78 143
78 149
79 86
79 87
79 91
79 103
79 105
79 110
79 112
79 115
79 116
79 120
79 122
79 126
79 127
79 133
79 141
79 142
79 143
79 147
79 149
80 81
80 84
80 86
80 98
80 104
80 108
80 114
80 122
80 123
80 125
80 130
80 135
80 141
80 149
81 84
81 89
81 92
81 102
81 120
81 126
81 127
81 133
81 140
82 91
82 97
82 101
82 108
82 112
82 116
82 119
82 122
82 136
82 141
82 143
83 84
83 93
83 101
83 102
83 103
83 113
83 114
83 129
83 137
83 144
83 146
83 147
83 149
84 86
84 88
84 96
84 99
84 101
84 104
84 105
84 118
84 123
84 126
84 132
84 141
84 147
84 149
85 89
85 91
85 102
85 105
85 107
85 108
85 110
85 119
85 120
85 126
85 131
85 145
85 148
86 91
86 96
86 104
86 115
86 118
86 123
86 127
86 129
86 140
86 145
86 146
87 91
87 92
87 100
87 102
87 103
87 107
87 122
87 124
87 126
87 132
87 143
88 93
88 101
88 107
88 115
88 134
88 138
88 140
89 94
89 95
89 106
89 119
89 124
89 126
89 127
89 128
89 130
89 146
90 97
90 99
90 107
90 108
90 109
90 110
90 111
90 120
90 135
90 137
91 97
91 102
91 103
91 106
91 109
91 110
91 111
91 117
91 135
91 136
91 137
91 143
91 148
92 98
92 102
92 115
92 121
92 137
92 143
93 98
93 105
93 120
93 134
93 136
93 141
93 145
93 147
94 96
94 98
94 105
94 112
94 114
94 117
94 126
94 129
94 130
94 136
94 143
94 144
94 146
94 149
95 97
95 100
95 106
95 112
95 115
95 119
95 122
95 125
95 127
95 128
95 136
95 139
96 109
96 124
96 131
96 133
96 136
96 137
96 140
96 142
96 146
97 102
97 103
97 108
97 116
97 119
97 122
97 123
97 128
97 129
97 137
97 138
97 139
97 142
97 145
97 149
98 100
98 101
98 109
98 117
98 120
98 127
98 129
98 136
99 107
99 108
99 109
99 112
99 113
99 119
99 121
99 127
99 139
99 148
99 149
100 102
100 116
100 121
100 123
100 124
100 125
100 126
100 127
100 132
100 133
100 138
100 147
100 149
101 103
101 118
101 121
101 143
101 145
102 112
102 113
102 119
102 129
102 136
103 107
103 115
103 119
103 127
103 130
103 137
104 107
104 119
104 125
104 131
104 139
104 149
105 108
105 111
105 112
105 116
105 124
105 125
105 127
105 128
105 129
105 149
106 116
106 119
106 135
106 136
106 140
106 148
107 109
107 119
107 135
107 143
107 144
108 112
108 115
108 118
108 122
108 123
108 134
108 135
108 141
109 111
109 112
109 120
109 122
109 123
109 125
109 138
109 142
109 144
109 145
109 149
110 114
110 117
110 118
110 122
110 125
110 128
110 129
110 132
110 138
110 141
110 145
111 126
111 128
111 137
111 141
111 149
112 114
112 119
112 129
112 132
112 137
112 138
112 145
113 116
113 118
113 122
113 123
113 125
113 129
113 130
113 136
113 137
113 144
113 146
114 117
114 121
114 125
114 142
114 148
115 116
115 131
115 140
115 146
115 148
116 120
116 123
116 128
116 132
116 136
116 138
116 140
117 118
117 119
117 120
117 121
117 129
117 134
117 135
117 136
117 139
117 140
117 147
118 119
118 129
118 141
119 125
119 128
119 130
119 143
119 146
120 121
120 122
120 123
120 124
120 129
120 134
120 136
120 139
120 140
121 127
121 130
121 136
121 146
122 128
122 137
122 138
122 143
122 144
123 128
123 131
123 147
124 126
124 132
124 133
124 134
124 140
124 142
124 145
124 147
124 148
124 149
125 126
125 132
125 136
125 138
125 139
125 140
125 144
125 145
126 127
126 130
126 139
127 142
127 148
128 133
128 141
128 145
128 148
129 133
129 137
129 139
129 141
129 142
129 147
129 149
130 134
130 142
130 145
130 147
131 132
131 140
131 141
131 144
131 146
132 139
132 142
132 144
132 145
132 147
134 143
135 147
135 149
136 138
139 142
139 144
139 146
139 147
141 142
141 146
141 147
145 147
147 149
