100 2878
88 32
45 83
37 62
39 71
77 59
75 46
54 22
79 100
76 47
90 74
79 29
13 59
92 53
22 50
21 69
58 59
82 61
43 97
55 72
100 15
48 50
36 81
80 62
92 63
82 70
34 59
91 51
95 71
56 47
91 12
37 82
96 41
61 29
66 23
15 84
62 46
33 96
98 61
45 66
99 88
60 10
99 82
26 61
92 25
66 31
97 29
83 80
39 45
62 76
85 45
43 41
19 89
37 61
13 17
36 47
88 10
89 12
35 89
14 79
24 99
48 85
49 10
28 81
33 89
18 62
73 84
13 44
57 36
66 33
23 100
41 47
15 34
81 34
84 60
24 49
16 91
81 66
70 63
99 81
35 51
80 52
65 65
29 27
58 79
88 86
62 11
84 23
99 86
54 45
77 31
81 67
98 64
44 22
70 90
85 100
42 77
49 38
27 92
53 75
32 57
1016
0 1
0 2
0 7
0 12
0 16
0 19
0 20
0 24
0 25
0 29
0 31
0 33
0 34
0 37
0 42
0 43
0 46
0 48
0 49
0 56
0 75
0 77
0 81
0 89
0 99
1 2
1 8
1 22
1 24
1 27
1 28
1 33
1 40
1 44
1 45
1 46
1 62
1 64
1 71
1 74
1 76
1 78
1 79
1 81
1 86
1 91
1 99
2 6
2 12
2 20
2 24
2 38
2 40
2 42
2 48
2 50
2 61
2 65
2 67
2 82
2 83
2 86
2 90
2 93
2 96
3 14
3 17
3 23
3 32
3 38
3 39
3 42
3 49
3 53
3 68
3 69
3 75
3 86
3 92
3 97
4 7
4 16
4 23
4 44
4 49
4 61
4 73
4 75
5 9
5 11
5 13
5 14
5 17
5 20
5 26
5 35
5 37
5 42
5 52
5 54
5 55
5 60
5 61
5 64
5 68
5 77
5 80
5 86
5 87
6 10
6 13
6 20
6 23
6 25
6 26
6 27
6 28
6 33
6 41
6 42
6 47
6 51
6 52
6 53
6 65
6 67
6 69
6 74
6 75
6 79
6 80
7 8
7 9
7 13
7 14
7 19
7 26
7 29
7 36
7 37
7 40
7 69
7 78
7 80
7 86
7 87
7 94
8 12
8 17
8 18
8 26
8 30
8 31
8 41
8 45
8 56
8 63
8 69
8 70
8 74
8 80
8 81
8 94
8 96
8 97
8 99
9 10
9 17
9 38
9 49
9 52
9 66
9 67
9 73
9 74
9 78
9 86
9 89
9 91
9 93
9 97
10 41
10 42
10 44
10 45
10 52
10 57
10 58
10 60
10 67
10 68
10 70
10 71
10 73
10 83
10 89
10 94
10 95
11 16
11 25
11 28
11 29
11 47
11 48
11 51
11 55
11 62
11 65
11 70
11 73
11 74
11 77
11 78
11 79
11 83
11 84
11 91
11 93
12 20
12 23
12 25
12 29
12 32
12 47
12 49
12 61
12 63
12 70
12 75
12 82
12 88
12 91
12 94
13 19
13 23
13 27
13 32
13 34
13 37
13 44
13 48
13 55
13 59
13 63
13 71
13 74
13 87
13 89
13 91
13 98
14 15
14 16
14 24
14 25
14 28
14 29
14 30
14 35
14 36
14 37
14 43
14 47
14 50
14 56
14 57
14 59
14 66
14 67
14 68
14 78
14 79
14 87
14 92
14 99
15 19
15 20
15 26
15 32
15 33
15 35
15 36
15 43
15 48
15 49
15 51
15 55
15 57
15 61
15 62
15 63
15 68
15 70
15 74
15 77
15 78
15 81
15 89
15 91
15 93
15 95
16 18
16 19
16 40
16 44
16 45
16 46
16 55
16 68
16 80
16 91
16 98
16 99
17 18
17 23
17 25
17 27
17 31
17 35
17 39
17 53
17 56
17 57
17 58
17 60
17 61
17 66
17 67
17 69
17 77
17 79
17 94
17 99
18 41
18 42
18 44
18 45
18 51
18 58
18 63
18 68
18 73
18 89
18 95
18 96
19 21
19 24
19 26
19 33
19 36
19 53
19 62
19 66
19 75
19 80
19 84
19 90
19 95
19 99
20 22
20 27
20 30
20 33
20 34
20 38
20 57
20 58
20 63
20 73
20 77
20 87
20 92
20 93
20 98
21 23
21 25
21 33
21 42
21 44
21 48
21 51
21 54
21 56
21 62
21 68
21 74
21 81
21 84
21 93
21 94
21 95
22 24
22 26
22 28
22 35
22 37
22 42
22 43
22 45
22 48
22 53
22 55
22 57
22 59
22 62
22 65
22 76
22 82
22 85
22 87
22 93
23 36
23 38
23 42
23 47
23 48
23 49
23 51
23 64
23 72
23 73
23 77
23 79
24 26
24 27
24 29
24 30
24 38
24 47
24 50
24 54
24 58
24 59
24 68
24 69
24 70
24 74
24 95
25 30
25 31
25 33
25 45
25 47
25 48
25 49
25 50
25 51
25 56
25 59
25 62
25 64
25 76
25 79
25 80
25 85
25 88
25 91
26 28
26 29
26 31
26 46
26 47
26 58
26 73
26 80
26 90
27 49
27 57
27 61
27 63
27 65
27 70
27 71
27 73
27 75
27 96
28 31
28 33
28 40
28 43
28 49
28 50
28 53
28 65
28 67
28 68
28 69
28 73
28 75
28 79
28 80
28 85
28 86
28 88
28 93
28 96
28 97
29 32
29 35
29 43
29 47
29 51
29 58
29 61
29 63
29 65
29 73
29 75
29 79
29 83
29 90
29 96
29 97
30 32
30 33
30 34
30 39
30 41
30 44
30 52
30 62
30 70
30 73
30 77
30 87
30 88
30 95
30 97
30 98
31 35
31 41
31 44
31 51
31 56
31 59
31 68
31 70
31 72
31 73
31 75
31 78
31 81
31 89
31 93
31 97
32 34
32 35
32 36
32 39
32 41
32 43
32 47
32 49
32 51
32 62
32 64
32 66
32 71
32 72
32 74
32 75
32 82
32 84
32 90
32 94
32 99
33 37
33 39
33 49
33 50
33 58
33 59
33 63
33 64
33 70
33 77
33 78
33 86
33 89
33 93
34 39
34 51
34 67
34 78
34 79
34 83
34 85
34 91
34 92
34 93
35 38
35 42
35 43
35 44
35 49
35 51
35 52
35 68
35 71
35 75
35 78
35 81
35 84
35 88
35 97
36 37
36 46
36 51
36 52
36 53
36 56
36 57
36 60
36 61
36 64
36 65
36 73
36 81
36 82
36 89
36 93
37 39
37 49
37 50
37 53
37 55
37 56
37 59
37 66
37 72
37 76
37 78
37 79
37 83
37 85
37 90
37 94
37 97
38 40
38 44
38 51
38 68
38 70
38 72
38 75
38 79
38 80
39 43
39 45
39 49
39 51
39 59
39 79
39 80
39 84
39 89
40 41
40 47
40 51
40 53
40 54
40 56
40 59
40 73
40 78
40 79
40 80
40 87
40 93
40 94
40 95
40 97
40 99
41 50
41 58
41 63
41 65
41 69
41 72
41 81
41 96
41 98
42 61
42 71
42 77
42 79
42 80
43 44
43 49
43 58
43 65
43 66
43 76
43 92
43 94
43 96
43 97
44 49
44 53
44 54
44 62
44 64
44 75
44 76
44 77
44 78
44 81
44 82
44 84
44 85
44 91
44 96
45 54
45 55
45 71
45 90
45 94
46 51
46 52
46 56
46 62
46 69
46 70
46 75
46 78
46 82
46 86
46 87
46 88
46 92
46 99
47 49
47 50
47 60
47 61
47 63
47 70
47 73
47 76
47 80
47 83
47 91
48 50
48 51
48 54
48 56
48 57
48 61
48 65
48 73
48 75
48 76
48 79
48 83
48 93
48 97
48 99
49 50
49 52
49 54
49 58
49 60
49 66
49 87
49 91
49 92
49 94
49 98
49 99
50 67
50 68
50 69
50 75
50 94
50 96
51 54
51 59
51 66
51 67
51 87
51 90
51 96
51 97
52 77
52 80
52 83
52 84
53 57
53 70
53 73
53 74
53 75
53 84
53 87
53 89
53 90
53 94
53 96
53 98
54 56
54 61
54 62
54 65
54 72
54 75
54 80
54 91
55 57
55 60
55 62
55 63
55 65
55 69
55 75
55 81
55 86
55 96
56 59
56 66
56 75
56 77
56 82
56 87
56 89
56 93
57 60
57 63
57 66
57 71
57 74
57 82
57 91
57 95
58 60
58 70
58 72
58 83
58 90
58 95
59 63
59 64
59 65
59 66
59 68
59 69
59 78
59 88
59 94
59 96
59 98
60 63
60 68
60 70
60 78
60 79
60 80
60 92
60 93
61 68
61 69
61 71
61 73
61 77
61 78
61 81
61 96
61 97
62 67
62 69
62 72
62 77
62 78
62 81
62 83
62 86
62 87
62 92
62 98
63 71
63 73
63 74
63 79
63 82
63 84
63 85
63 86
63 91
64 68
64 82
64 87
64 93
64 97
64 98
64 99
65 66
65 67
65 80
65 83
65 93
65 94
66 69
66 71
66 75
66 76
66 78
66 83
66 88
66 96
66 98
66 99
67 68
67 71
67 72
67 74
67 79
67 82
67 85
67 86
67 87
67 93
67 96
67 98
67 99
68 77
68 78
68 86
68 87
68 92
68 94
68 98
69 83
69 88
69 91
69 97
70 74
70 77
70 78
70 79
70 84
70 87
71 76
71 78
71 80
71 83
71 85
71 92
71 94
71 96
72 77
72 83
72 85
72 89
72 92
72 95
73 75
73 76
73 89
73 94
74 83
74 85
74 86
74 89
75 84
75 87
75 95
76 78
76 87
77 80
77 84
77 93
78 82
78 84
79 80
79 91
79 92
80 86
80 89
80 94
81 83
81 85
81 88
81 92
81 95
82 84
82 90
82 91
82 97
83 84
83 87
83 88
83 91
84 85
84 90
84 94
85 86
85 89
85 90
85 95
85 97
86 88
86 91
86 92
86 97
87 96
87 98
88 92
89 91
89 94
89 98
90 91
90 95
90 98
91 92
93 97
93 98
93 99
97 99
