200 5702
45 74
37 97
54 29
68 72
34 99
34 39
89 83
51 95
10 79
65 69
98 23
97 91
80 35
64 74
40 64
64 21
72 64
34 21
43 55
93 47
67 23
76 63
59 71
40 95
69 62
18 68
61 49
30 18
54 46
69 75
72 72
79 94
18 70
47 58
24 22
64 78
27 64
13 60
65 35
33 52
80 97
11 12
25 24
13 55
10 28
87 60
58 51
18 92
15 32
70 55
27 56
80 68
20 17
74 31
65 92
78 65
92 41
94 81
24 85
30 79
59 21
33 96
62 11
52 47
14 40
15 86
91 79
93 63
78 77
44 83
64 74
49 74
99 12
59 58
98 24
57 91
54 77
33 82
74 86
19 22
50 99
27 32
24 39
32 87
77 95
65 98
19 22
58 22
86 76
15 94
11 77
18 79
97 78
61 62
94 78
86 35
24 42
83 93
25 49
28 97
44 34
14 18
82 47
28 88
40 68
61 57
12 42
25 85
30 19
40 70
73 80
57 18
67 74
87 59
35 78
46 17
53 89
10 63
73 54
76 95
14 89
63 15
83 92
47 98
39 86
43 11
77 63
63 93
39 24
59 16
79 100
84 80
33 49
81 55
37 62
45 64
51 79
37 64
95 34
17 28
34 57
86 38
27 34
68 75
56 19
77 61
29 43
23 70
77 26
61 85
11 29
13 20
84 69
59 46
15 18
83 61
21 74
88 41
92 61
89 29
67 39
20 68
34 86
85 65
91 40
22 77
22 83
42 83
77 44
41 53
51 62
94 37
79 63
47 18
26 45
76 27
72 16
70 38
95 66
97 39
51 87
77 90
96 13
26 38
36 24
74 22
40 39
34 31
86 13
76 56
47 73
45 28
89 71
54 16
82 42
74 82
31 45
13 26
35 83
91 80
3933
0 3
0 7
0 8
0 12
0 19
0 21
0 27
0 39
0 40
0 41
0 46
0 47
0 48
0 49
0 50
0 51
0 57
0 58
0 74
0 86
0 87
0 88
0 101
0 106
0 114
0 120
0 127
0 130
0 134
0 139
0 140
0 141
0 146
0 153
0 156
0 161
0 169
0 183
0 193
0 199
1 3
1 11
1 13
1 21
1 24
1 36
1 37
1 38
1 40
1 46
1 47
1 49
1 50
1 55
1 61
1 62
1 63
1 65
1 67
1 68
1 70
1 77
1 83
1 91
1 96
1 111
1 112
1 116
1 123
1 138
1 155
1 158
1 160
1 161
1 164
1 165
1 170
1 174
1 175
1 176
1 180
1 181
1 183
1 186
1 187
1 189
1 190
2 8
2 26
2 28
2 32
2 34
2 40
2 45
2 50
2 54
2 56
2 59
2 60
2 62
2 67
2 73
2 77
2 83
2 84
2 97
2 98
2 102
2 110
2 113
2 116
2 119
2 120
2 122
2 126
2 129
2 134
2 142
2 146
2 147
2 148
2 149
2 152
2 153
2 157
2 161
2 162
2 165
2 170
2 171
2 173
2 177
2 178
2 186
2 188
2 189
2 193
2 196
2 197
2 198
2 199
3 13
3 24
3 27
3 28
3 30
3 34
3 38
3 40
3 41
3 59
3 64
3 68
3 76
3 79
3 80
3 86
3 88
3 89
3 91
3 95
3 102
3 106
3 118
3 122
3 153
3 154
3 158
3 159
3 160
3 167
3 179
3 183
3 184
3 190
3 192
3 198
4 5
4 10
4 15
4 17
4 29
4 31
4 38
4 39
4 41
4 49
4 52
4 53
4 55
4 62
4 63
4 76
4 77
4 80
4 81
4 87
4 94
4 101
4 102
4 109
4 113
4 116
4 129
4 132
4 137
4 141
4 148
4 152
4 156
4 157
4 158
4 160
4 172
4 173
4 176
4 179
4 183
4 184
4 186
4 187
4 199
5 19
5 20
5 31
5 41
5 44
5 46
5 49
5 52
5 61
5 86
5 88
5 97
5 100
5 110
5 111
5 113
5 115
5 117
5 118
5 122
5 131
5 133
5 136
5 140
5 146
5 149
5 150
5 151
5 152
5 154
5 163
5 164
5 172
5 173
5 175
5 179
5 181
5 187
5 193
5 194
5 198
6 7
6 19
6 20
6 28
6 29
6 37
6 41
6 42
6 44
6 47
6 51
6 54
6 59
6 64
6 66
6 67
6 68
6 76
6 78
6 99
6 110
6 112
6 114
6 115
6 116
6 117
6 118
6 132
6 133
6 141
6 146
6 147
6 148
6 150
6 154
6 161
6 185
6 190
6 192
6 195
7 10
7 18
7 26
7 29
7 30
7 35
7 37
7 38
7 39
7 45
7 57
7 65
7 66
7 70
7 75
7 79
7 82
7 85
7 86
7 91
7 93
7 98
7 103
7 107
7 116
7 120
7 122
7 123
7 139
7 144
7 146
7 147
7 150
7 151
7 162
7 167
7 172
7 174
7 175
7 179
7 184
7 189
7 193
8 13
8 18
8 19
8 26
8 27
8 35
8 46
8 49
8 56
8 57
8 58
8 72
8 80
8 85
8 93
8 104
8 111
8 114
8 116
8 117
8 120
8 142
8 149
8 151
8 166
8 171
8 173
8 179
8 187
8 188
8 194
8 199
9 17
9 19
9 21
9 26
9 27
9 39
9 43
9 47
9 49
9 52
9 53
9 67
9 69
9 79
9 83
9 91
9 94
9 97
9 106
9 117
9 118
9 119
9 126
9 130
9 132
9 135
9 140
9 150
9 151
9 154
9 160
9 162
9 168
9 171
9 174
9 180
9 181
9 182
9 187
9 193
9 199
10 14
10 26
10 40
10 42
10 52
10 56
10 57
10 62
10 66
10 68
10 72
10 75
10 84
10 87
10 90
10 99
10 109
10 119
10 128
10 134
10 147
10 148
10 156
10 158
10 162
10 177
10 181
10 183
10 187
10 191
10 192
10 196
11 13
11 15
11 17
11 29
11 30
11 33
11 36
11 44
11 55
11 57
11 58
11 65
11 75
11 79
11 92
11 106
11 109
11 124
11 126
11 127
11 128
11 129
11 133
11 140
11 146
11 156
11 168
11 177
11 178
11 180
11 181
11 182
11 184
12 13
12 17
12 18
12 19
12 23
12 24
12 26
12 49
12 52
12 62
12 64
12 66
12 68
12 72
12 76
12 84
12 85
12 97
12 98
12 99
12 100
12 102
12 105
12 110
12 117
12 124
12 134
12 141
12 147
12 150
12 156
12 164
12 165
12 168
12 176
12 181
12 184
12 187
12 193
12 194
12 195
13 15
13 17
13 18
13 21
13 22
13 36
13 39
13 44
13 50
13 51
13 59
13 62
13 64
13 66
13 70
13 73
13 79
13 83
13 85
13 92
13 93
13 98
13 103
13 105
13 109
13 112
13 121
13 123
13 128
13 129
13 133
13 134
13 143
13 150
13 151
13 159
13 162
13 166
13 167
13 169
13 174
13 176
13 179
13 182
13 184
13 188
13 194
13 199
14 22
14 23
14 26
14 27
14 31
14 32
14 38
14 46
14 56
14 66
14 67
14 69
14 78
14 79
14 83
14 85
14 89
14 98
14 99
14 112
14 118
14 120
14 121
14 122
14 125
14 126
14 135
14 137
14 138
14 144
14 145
14 149
14 163
14 168
14 169
14 172
14 174
14 186
14 190
14 198
15 24
15 27
15 29
15 36
15 38
15 44
15 47
15 52
15 56
15 58
15 62
15 71
15 72
15 77
15 83
15 90
15 102
15 103
15 107
15 118
15 120
15 125
15 133
15 139
15 144
15 147
15 148
15 167
15 169
15 171
15 173
15 187
15 193
15 199
16 22
16 27
16 32
16 40
16 45
16 52
16 56
16 62
16 67
16 82
16 84
16 91
16 94
16 95
16 96
16 98
16 104
16 105
16 112
16 125
16 130
16 136
16 145
16 150
16 161
16 168
16 169
16 175
16 182
16 186
16 187
16 194
17 25
17 29
17 33
17 37
17 39
17 44
17 47
17 50
17 51
17 52
17 54
17 58
17 64
17 79
17 93
17 97
17 103
17 106
17 118
17 125
17 126
17 133
17 134
17 143
17 150
17 158
17 167
17 168
17 171
17 176
17 178
17 181
17 191
18 29
18 32
18 34
18 42
18 43
18 44
18 47
18 51
18 56
18 61
18 63
18 71
18 76
18 96
18 100
18 102
18 107
18 109
18 111
18 114
18 119
18 125
18 130
18 136
18 137
18 144
18 146
18 151
18 155
18 156
18 158
18 160
18 161
18 162
18 170
18 176
18 179
18 185
18 194
18 198
19 40
19 42
19 50
19 59
19 61
19 62
19 65
19 68
19 71
19 73
19 75
19 78
19 83
19 84
19 90
19 101
19 108
19 125
19 137
19 138
19 144
19 155
19 157
19 159
19 163
19 166
19 181
19 187
19 189
19 190
19 195
19 199
20 22
20 35
20 44
20 45
20 58
20 69
20 70
20 84
20 85
20 93
20 100
20 102
20 112
20 115
20 119
20 121
20 125
20 127
20 135
20 143
20 145
20 160
20 161
20 162
20 167
20 171
20 180
20 182
20 183
20 189
20 191
20 193
20 197
21 31
21 37
21 45
21 53
21 61
21 63
21 64
21 71
21 72
21 75
21 86
21 97
21 98
21 105
21 116
21 126
21 127
21 128
21 131
21 139
21 142
21 144
21 153
21 154
21 158
21 160
21 161
21 165
21 166
21 170
21 173
21 176
21 184
21 185
21 186
21 188
21 192
22 26
22 27
22 28
22 43
22 46
22 50
22 51
22 57
22 62
22 64
22 65
22 71
22 77
22 81
22 84
22 86
22 92
22 95
22 98
22 99
22 100
22 104
22 106
22 110
22 111
22 113
22 124
22 126
22 130
22 143
22 149
22 150
22 156
22 158
22 160
22 162
22 164
22 168
22 172
22 176
22 177
22 185
22 190
22 194
22 195
22 196
23 24
23 34
23 46
23 57
23 60
23 69
23 80
23 81
23 82
23 87
23 92
23 104
23 107
23 112
23 113
23 115
23 122
23 125
23 128
23 141
23 145
23 154
23 176
23 177
23 184
23 188
23 198
23 199
24 25
24 29
24 37
24 49
24 52
24 55
24 56
24 62
24 63
24 78
24 96
24 98
24 107
24 111
24 117
24 123
24 124
24 126
24 137
24 140
24 145
24 152
24 182
24 188
24 194
24 195
25 33
25 36
25 39
25 46
25 52
25 54
25 57
25 59
25 64
25 65
25 67
25 77
25 85
25 87
25 88
25 92
25 94
25 100
25 104
25 108
25 114
25 116
25 123
25 146
25 147
25 157
25 158
25 172
25 173
25 178
25 179
25 183
25 184
25 196
25 197
26 28
26 33
26 49
26 50
26 56
26 62
26 67
26 68
26 70
26 71
26 73
26 75
26 78
26 81
26 84
26 86
26 91
26 92
26 94
26 96
26 98
26 100
26 105
26 106
26 107
26 112
26 113
26 115
26 117
26 136
26 137
26 139
26 141
26 145
26 150
26 151
26 153
26 163
26 167
26 168
26 179
26 182
26 188
26 194
26 199
27 33
27 40
27 41
27 53
27 62
27 65
27 67
27 72
27 75
27 76
27 98
27 100
27 105
27 110
27 112
27 121
27 125
27 126
27 143
27 166
27 171
27 185
27 188
27 195
28 36
28 38
28 40
28 44
28 56
28 57
28 63
28 66
28 72
28 73
28 78
28 81
28 88
28 91
28 92
28 96
28 100
28 106
28 122
28 152
28 155
28 156
28 166
28 173
28 174
28 177
28 182
28 190
28 198
29 31
29 42
29 45
29 47
29 52
29 57
29 65
29 67
29 81
29 83
29 87
29 88
29 92
29 93
29 98
29 101
29 103
29 108
29 124
29 127
29 128
29 131
29 134
29 143
29 167
29 174
29 176
29 179
29 198
30 34
30 39
30 43
30 49
30 55
30 63
30 73
30 75
30 80
30 82
30 87
30 94
30 106
30 107
30 113
30 115
30 122
30 123
30 127
30 128
30 129
30 134
30 139
30 144
30 145
30 154
30 158
30 159
30 161
30 162
30 166
30 173
30 174
30 176
30 177
30 185
30 189
30 190
30 192
30 198
31 35
31 36
31 47
31 48
31 52
31 54
31 57
31 67
31 68
31 77
31 78
31 79
31 81
31 90
31 102
31 106
31 107
31 109
31 110
31 118
31 119
31 120
31 139
31 140
31 147
31 148
31 168
31 176
31 190
32 41
32 59
32 75
32 77
32 80
32 83
32 91
32 104
32 107
32 109
32 110
32 111
32 116
32 119
32 122
32 124
32 125
32 126
32 128
32 135
32 137
32 139
32 140
32 142
32 149
32 154
32 158
32 159
32 162
32 164
32 166
32 169
32 173
32 177
32 180
32 187
32 190
33 57
33 63
33 72
33 78
33 81
33 82
33 88
33 99
33 136
33 138
33 148
33 149
33 152
33 154
33 155
33 162
33 169
33 170
33 173
33 175
33 177
33 178
33 181
33 192
33 193
33 194
33 197
34 35
34 36
34 44
34 46
34 49
34 55
34 71
34 75
34 92
34 111
34 120
34 124
34 127
34 130
34 131
34 140
34 143
34 152
34 159
34 162
34 171
34 173
34 180
34 192
34 193
34 195
35 41
35 42
35 44
35 48
35 50
35 52
35 59
35 67
35 75
35 81
35 82
35 91
35 95
35 104
35 105
35 110
35 112
35 123
35 126
35 129
35 131
35 132
35 134
35 140
35 143
35 145
35 150
35 154
35 156
35 166
35 171
35 174
35 188
36 41
36 47
36 49
36 51
36 53
36 54
36 57
36 60
36 74
36 75
36 76
36 79
36 80
36 83
36 88
36 100
36 131
36 132
36 150
36 152
36 153
36 154
36 161
36 162
36 167
36 170
36 172
36 176
36 180
36 186
36 188
36 195
37 38
37 43
37 44
37 57
37 61
37 63
37 84
37 85
37 87
37 89
37 92
37 95
37 97
37 99
37 101
37 102
37 112
37 118
37 122
37 125
37 135
37 137
37 148
37 157
37 170
37 181
37 183
37 191
37 192
37 193
38 49
38 51
38 62
38 64
38 66
38 82
38 84
38 85
38 90
38 93
38 99
38 109
38 110
38 120
38 128
38 132
38 136
38 139
38 142
38 143
38 148
38 149
38 150
38 160
38 162
38 169
38 171
38 179
38 181
38 182
38 188
38 192
38 193
38 197
38 198
38 199
39 51
39 55
39 59
39 60
39 62
39 66
39 68
39 72
39 86
39 91
39 96
39 97
39 98
39 105
39 117
39 119
39 125
39 128
39 137
39 140
39 147
39 149
39 161
39 164
39 175
39 183
39 188
39 192
39 195
39 199
40 43
40 53
40 57
40 59
40 64
40 67
40 68
40 70
40 71
40 73
40 86
40 93
40 94
40 95
40 96
40 99
40 105
40 112
40 116
40 125
40 130
40 142
40 144
40 145
40 149
40 153
40 167
40 173
40 177
40 183
40 184
40 194
40 197
41 42
41 43
41 45
41 49
41 55
41 61
41 72
41 78
41 84
41 90
41 96
41 99
41 100
41 105
41 106
41 108
41 111
41 112
41 116
41 135
41 138
41 143
41 147
41 148
41 157
41 158
41 162
41 163
41 165
41 168
41 171
41 172
41 175
41 181
41 186
42 49
42 52
42 65
42 66
42 75
42 81
42 93
42 95
42 96
42 100
42 103
42 107
42 134
42 141
42 146
42 151
42 153
42 156
42 157
42 158
42 164
42 170
42 171
42 184
42 188
42 189
42 193
43 54
43 59
43 78
43 79
43 80
43 82
43 85
43 91
43 92
43 94
43 99
43 100
43 110
43 112
43 120
43 125
43 130
43 133
43 140
43 159
43 160
43 161
43 164
43 172
43 173
43 176
43 177
43 186
43 194
43 195
44 49
44 52
44 65
44 72
44 76
44 82
44 83
44 108
44 122
44 124
44 128
44 130
44 131
44 140
44 143
44 144
44 148
44 158
44 173
44 178
44 186
44 191
44 194
44 195
44 198
44 199
45 57
45 62
45 64
45 70
45 77
45 84
45 90
45 101
45 106
45 107
45 110
45 112
45 122
45 124
45 130
45 132
45 133
45 136
45 138
45 145
45 147
45 149
45 150
45 153
45 160
45 167
45 182
45 189
45 190
46 51
46 65
46 68
46 70
46 72
46 85
46 87
46 89
46 92
46 101
46 103
46 109
46 110
46 111
46 119
46 120
46 132
46 134
46 135
46 148
46 149
46 155
46 159
46 162
46 163
46 173
46 175
46 186
46 192
46 193
46 194
47 48
47 51
47 56
47 68
47 77
47 79
47 81
47 86
47 87
47 91
47 92
47 94
47 106
47 119
47 121
47 122
47 124
47 125
47 130
47 133
47 136
47 137
47 163
47 170
47 175
47 176
47 190
47 198
47 199
48 52
48 64
48 68
48 74
48 87
48 89
48 94
48 97
48 100
48 106
48 110
48 112
48 122
48 126
48 130
48 131
48 137
48 141
48 150
48 151
48 153
48 167
48 173
48 178
48 184
48 189
49 55
49 63
49 65
49 66
49 70
49 74
49 80
49 83
49 93
49 97
49 108
49 110
49 112
49 113
49 115
49 124
49 125
49 127
49 134
49 135
49 147
49 149
49 154
49 172
49 174
49 177
49 179
49 194
49 195
49 199
50 55
50 57
50 59
50 61
50 65
50 74
50 82
50 85
50 88
50 93
50 97
50 101
50 103
50 107
50 108
50 109
50 123
50 124
50 125
50 132
50 136
50 137
50 150
50 153
50 162
50 167
50 173
50 177
50 197
50 199
51 54
51 56
51 66
51 67
51 69
51 72
51 74
51 77
51 81
51 84
51 89
51 90
51 97
51 99
51 103
51 105
51 117
51 126
51 127
51 130
51 137
51 147
51 149
51 150
51 151
51 160
51 166
51 177
51 190
51 196
51 199
52 53
52 54
52 57
52 67
52 79
52 85
52 92
52 93
52 110
52 112
52 114
52 116
52 122
52 123
52 126
52 131
52 133
52 139
52 142
52 146
52 148
52 151
52 156
52 160
52 168
52 178
52 182
52 185
53 58
53 62
53 76
53 82
53 92
53 94
53 95
53 96
53 100
53 104
53 106
53 110
53 113
53 116
53 117
53 118
53 122
53 123
53 125
53 127
53 130
53 131
53 133
53 135
53 137
53 148
53 154
53 158
53 168
53 174
53 179
53 182
53 191
53 192
54 61
54 65
54 80
54 81
54 89
54 91
54 92
54 94
54 116
54 120
54 122
54 123
54 126
54 131
54 136
54 143
54 150
54 157
54 160
54 162
54 164
54 165
54 168
54 173
54 178
54 185
54 189
54 190
55 59
55 62
55 68
55 69
55 71
55 73
55 74
55 82
55 86
55 90
55 93
55 94
55 97
55 104
55 106
55 110
55 113
55 124
55 132
55 135
55 140
55 147
55 148
55 158
55 165
55 173
55 183
55 184
55 186
55 187
55 190
56 63
56 75
56 79
56 84
56 86
56 91
56 93
56 99
56 103
56 106
56 107
56 114
56 121
56 128
56 139
56 140
56 144
56 145
56 146
56 161
56 168
56 182
56 184
56 185
56 199
57 62
57 63
57 72
57 85
57 94
57 98
57 100
57 114
57 126
57 127
57 130
57 132
57 133
57 134
57 139
57 146
57 153
57 154
57 158
57 167
57 169
57 171
57 177
57 181
57 188
57 189
57 190
57 192
57 194
58 59
58 64
58 75
58 81
58 82
58 84
58 88
58 90
58 93
58 96
58 101
58 107
58 118
58 119
58 121
58 122
58 123
58 130
58 136
58 145
58 147
58 154
58 164
58 165
58 173
58 176
58 181
58 187
58 191
58 192
58 194
59 71
59 74
59 77
59 87
59 89
59 92
59 95
59 99
59 107
59 113
59 114
59 126
59 127
59 138
59 141
59 143
59 151
59 159
59 166
59 174
59 180
59 188
59 193
59 197
59 199
60 70
60 77
60 81
60 85
60 89
60 93
60 99
60 101
60 102
60 104
60 107
60 125
60 126
60 132
60 133
60 136
60 139
60 146
60 149
60 151
60 157
60 158
60 159
60 162
60 164
60 167
60 171
60 177
60 183
60 185
60 188
60 190
60 192
60 194
61 63
61 72
61 73
61 81
61 82
61 84
61 86
61 90
61 94
61 95
61 104
61 113
61 117
61 120
61 122
61 123
61 157
61 163
61 168
61 170
61 171
61 173
61 175
61 179
61 189
61 193
61 196
62 64
62 67
62 75
62 79
62 80
62 81
62 92
62 98
62 103
62 112
62 116
62 117
62 140
62 146
62 150
62 156
62 160
62 171
62 174
62 177
62 186
63 67
63 72
63 80
63 94
63 95
63 99
63 119
63 125
63 126
63 150
63 157
63 162
63 163
63 171
63 174
63 186
63 192
63 199
64 66
64 69
64 71
64 75
64 79
64 84
64 86
64 105
64 106
64 114
64 117
64 118
64 131
64 134
64 143
64 150
64 158
64 159
64 164
64 165
64 168
64 169
64 174
64 178
64 179
64 187
64 189
64 190
64 196
64 197
65 69
65 77
65 78
65 87
65 88
65 93
65 94
65 105
65 107
65 121
65 126
65 130
65 133
65 136
65 146
65 149
65 169
65 171
65 180
65 186
65 187
65 188
66 69
66 74
66 75
66 76
66 78
66 82
66 83
66 91
66 113
66 114
66 122
66 125
66 129
66 130
66 136
66 142
66 147
66 153
66 157
66 161
66 166
66 169
66 170
66 177
66 179
66 182
66 188
66 195
66 198
67 68
67 80
67 86
67 88
67 89
67 97
67 100
67 108
67 114
67 116
67 117
67 118
67 119
67 135
67 139
67 148
67 150
67 153
67 154
67 156
67 159
67 160
67 161
67 167
67 168
67 170
67 174
67 181
67 186
67 188
67 196
68 70
68 75
68 77
68 80
68 84
68 90
68 93
68 97
68 98
68 103
68 112
68 114
68 117
68 125
68 140
68 142
68 148
68 151
68 160
68 173
68 174
68 176
68 183
68 188
68 190
68 191
69 80
69 81
69 85
69 87
69 90
69 92
69 96
69 99
69 113
69 118
69 130
69 133
69 139
69 141
69 147
69 151
69 154
69 157
69 159
69 162
69 163
69 166
69 167
69 170
69 172
69 174
69 182
69 184
69 198
70 72
70 76
70 77
70 81
70 86
70 96
70 101
70 102
70 118
70 125
70 126
70 134
70 144
70 146
70 151
70 160
70 167
70 168
70 171
70 179
70 182
71 83
71 87
71 89
71 98
71 103
71 104
71 106
71 109
71 110
71 111
71 119
71 121
71 128
71 132
71 139
71 142
71 143
71 153
71 156
71 160
71 161
71 164
71 168
71 170
71 171
71 175
71 176
71 178
71 179
71 180
71 183
71 187
71 198
72 77
72 81
72 86
72 91
72 92
72 96
72 104
72 105
72 108
72 110
72 112
72 118
72 121
72 126
72 129
72 130
72 135
72 138
72 146
72 150
72 151
72 158
72 159
72 162
72 176
72 177
72 178
72 181
72 192
72 193
72 194
72 195
73 74
73 75
73 78
73 80
73 83
73 91
73 102
73 113
73 119
73 121
73 134
73 139
73 146
73 148
73 157
73 161
73 162
73 165
73 172
73 186
74 79
74 85
74 96
74 98
74 101
74 108
74 110
74 111
74 117
74 124
74 134
74 141
74 145
74 149
74 154
74 163
74 167
74 170
74 176
74 187
74 190
74 192
75 79
75 89
75 96
75 101
75 104
75 110
75 124
75 125
75 132
75 138
75 146
75 152
75 156
75 159
75 160
75 173
76 83
76 88
76 94
76 98
76 99
76 110
76 116
76 119
76 128
76 134
76 138
76 139
76 143
76 144
76 146
76 157
76 161
76 165
76 166
76 167
76 181
76 183
76 188
76 191
76 192
76 196
76 199
77 82
77 84
77 86
77 91
77 92
77 94
77 98
77 101
77 102
77 115
77 117
77 125
77 128
77 131
77 132
77 135
77 138
77 141
77 143
77 156
77 158
77 164
77 177
77 178
77 181
77 186
77 194
77 195
77 196
78 86
78 88
78 89
78 95
78 96
78 102
78 111
78 116
78 120
78 121
78 123
78 126
78 135
78 142
78 145
78 146
78 148
78 153
78 158
78 172
78 180
78 191
79 84
79 85
79 97
79 98
79 103
79 108
79 129
79 130
79 131
79 143
79 147
79 148
79 152
79 153
79 164
79 168
79 172
79 185
79 186
79 187
79 189
79 198
80 82
80 91
80 107
80 110
80 113
80 114
80 125
80 126
80 142
80 148
80 161
80 163
80 173
80 174
80 177
80 189
80 191
80 192
80 193
81 86
81 93
81 99
81 100
81 104
81 106
81 122
81 124
81 125
81 127
81 139
81 141
81 146
81 151
81 157
81 173
81 177
81 181
81 185
81 187
81 195
81 198
82 102
82 105
82 111
82 120
82 135
82 140
82 142
82 151
82 158
82 159
82 165
82 170
82 175
82 176
82 177
82 178
82 181
82 185
82 188
82 193
83 85
83 88
83 90
83 101
83 105
83 116
83 119
83 121
83 124
83 133
83 135
83 137
83 150
83 161
83 163
83 164
83 170
83 173
83 178
83 182
83 188
83 189
83 190
83 195
84 85
84 86
84 95
84 100
84 102
84 110
84 112
84 113
84 118
84 120
84 122
84 128
84 129
84 130
84 131
84 132
84 134
84 138
84 139
84 141
84 149
84 151
84 152
84 160
84 161
84 162
84 165
84 168
84 170
84 171
84 172
84 175
84 178
84 186
84 189
84 191
84 192
84 196
85 92
85 93
85 96
85 115
85 120
85 121
85 124
85 126
85 129
85 139
85 141
85 142
85 146
85 147
85 151
85 159
85 160
85 162
85 167
85 179
85 180
85 190
86 90
86 92
86 95
86 96
86 98
86 99
86 101
86 108
86 119
86 120
86 124
86 127
86 128
86 131
86 132
86 134
86 135
86 141
86 147
86 149
86 152
86 153
86 156
86 158
86 169
86 171
86 179
86 181
86 183
86 193
86 198
87 88
87 99
87 100
87 112
87 123
87 125
87 127
87 132
87 135
87 136
87 143
87 144
87 153
87 154
87 156
87 161
87 188
88 89
88 90
88 93
88 95
88 101
88 103
88 104
88 106
88 114
88 115
88 119
88 121
88 130
88 133
88 152
88 156
88 159
88 164
88 168
88 172
88 180
88 181
88 187
88 193
89 96
89 99
89 104
89 105
89 107
89 113
89 117
89 128
89 133
89 139
89 143
89 144
89 145
89 152
89 153
89 157
89 170
89 175
89 187
89 191
90 94
90 97
90 98
90 99
90 110
90 111
90 116
90 119
90 122
90 124
90 126
90 127
90 129
90 136
90 137
90 139
90 143
90 144
90 149
90 150
90 152
90 155
90 156
90 158
90 160
90 165
90 166
90 170
90 172
90 174
90 180
90 184
90 185
90 188
90 193
91 92
91 93
91 104
91 107
91 110
91 112
91 113
91 117
91 120
91 126
91 132
91 138
91 152
91 154
91 156
91 162
91 169
91 172
91 175
91 182
91 183
91 190
91 192
91 193
91 196
91 198
92 94
92 95
92 101
92 102
92 119
92 123
92 129
92 132
92 133
92 145
92 160
92 168
92 173
92 177
92 178
92 180
92 182
92 184
92 187
92 188
92 195
92 197
92 198
93 96
93 107
93 108
93 118
93 121
93 130
93 135
93 145
93 148
93 150
93 152
93 153
93 155
93 164
93 167
93 170
93 175
93 199
94 97
94 106
94 108
94 122
94 125
94 127
94 131
94 133
94 134
94 135
94 139
94 141
94 150
94 152
94 153
94 168
94 170
94 179
94 180
94 186
94 187
94 193
95 96
95 99
95 108
95 116
95 125
95 134
95 140
95 147
95 153
95 154
95 155
95 157
95 159
95 161
95 162
95 163
95 167
95 169
95 186
95 188
95 197
95 198
96 99
96 107
96 111
96 117
96 122
96 127
96 130
96 137
96 142
96 144
96 147
96 155
96 172
96 175
96 177
96 178
96 181
96 191
96 193
96 195
96 196
97 99
97 102
97 103
97 107
97 108
97 110
97 120
97 128
97 130
97 138
97 144
97 147
97 155
97 156
97 159
97 167
97 174
97 181
97 196
97 198
98 105
98 118
98 123
98 129
98 139
98 147
98 148
98 155
98 159
98 162
98 166
98 170
98 172
98 181
98 199
99 101
99 116
99 121
99 122
99 145
99 152
99 162
99 167
99 168
99 170
99 184
99 185
99 189
99 190
99 191
99 198
99 199
100 115
100 117
100 125
100 126
100 128
100 129
100 130
100 131
100 139
100 141
100 145
100 148
100 151
100 152
100 154
100 157
100 159
100 162
100 164
100 165
100 166
100 170
100 171
100 176
100 179
100 183
100 184
100 188
100 189
100 195
100 196
101 104
101 107
101 112
101 117
101 118
101 119
101 120
101 124
101 126
101 128
101 135
101 138
101 147
101 149
101 156
101 157
101 161
101 162
101 164
101 166
101 171
101 174
101 184
101 196
102 103
102 105
102 107
102 115
102 120
102 126
102 127
102 136
102 139
102 158
102 159
102 167
102 170
102 172
102 173
102 177
102 186
102 189
102 191
102 192
102 196
103 108
103 111
103 118
103 124
103 132
103 145
103 149
103 150
103 160
103 162
103 164
103 180
103 182
103 184
103 197
104 106
104 108
104 126
104 133
104 137
104 139
104 141
104 152
104 156
104 165
104 176
104 184
104 185
104 190
104 194
104 196
105 107
105 110
105 125
105 131
105 136
105 140
105 146
105 150
105 152
105 154
105 168
105 169
105 174
105 178
105 188
105 189
105 190
106 122
106 124
106 125
106 128
106 129
106 152
106 158
106 168
106 182
106 191
106 195
106 196
107 113
107 115
107 118
107 119
107 122
107 128
107 148
107 151
107 152
107 154
107 165
107 167
107 180
107 187
107 197
108 113
108 114
108 115
108 117
108 123
108 125
108 126
108 154
108 170
108 171
108 172
108 188
109 117
109 126
109 130
109 132
109 139
109 143
109 147
109 156
109 160
109 161
109 165
109 166
109 177
109 182
109 186
109 193
109 198
110 112
110 113
110 130
110 134
110 137
110 143
110 148
110 159
110 160
110 175
110 180
110 190
110 196
111 112
111 118
111 121
111 123
111 126
111 132
111 135
111 138
111 143
111 144
111 148
111 150
111 157
111 162
111 165
111 166
111 169
111 170
111 177
111 181
111 191
111 194
112 118
112 120
112 121
112 126
112 127
112 128
112 136
112 138
112 141
112 142
112 150
112 160
112 170
112 177
112 190
112 192
113 115
113 121
113 129
113 136
113 144
113 145
113 155
113 160
113 194
114 120
114 125
114 128
114 131
114 133
114 134
114 135
114 137
114 149
114 152
114 158
114 159
114 172
114 190
114 199
115 117
115 119
115 121
115 130
115 136
115 137
115 140
115 143
115 146
115 167
115 169
115 174
115 190
115 198
116 119
116 130
116 131
116 135
116 140
116 155
116 156
116 168
116 169
116 185
116 187
116 189
116 192
116 193
116 196
116 197
117 118
117 123
117 130
117 132
117 134
117 143
117 152
117 172
117 177
117 181
117 183
117 195
118 119
118 120
118 124
118 126
118 134
118 138
118 139
118 141
118 142
118 143
118 144
118 161
118 165
118 182
118 183
118 186
118 192
118 195
119 123
119 125
119 126
119 129
119 135
119 141
119 145
119 155
119 166
119 170
119 172
119 179
119 185
119 188
119 191
120 121
120 127
120 137
120 139
120 147
120 150
120 152
120 162
120 169
120 174
120 175
120 176
120 180
120 184
120 193
120 195
120 199
121 122
121 123
121 124
121 126
121 133
121 142
121 144
121 148
121 150
121 152
121 156
121 157
121 159
121 167
121 171
121 172
121 177
121 179
121 185
121 189
121 195
121 197
122 124
122 125
122 126
122 128
122 142
122 148
122 159
122 170
122 172
122 173
122 174
122 184
122 196
122 197
123 129
123 139
123 142
123 148
123 154
123 158
123 161
123 165
123 187
123 188
123 189
123 195
123 197
123 198
124 135
124 136
124 137
124 139
124 140
124 142
124 143
124 144
124 150
124 157
124 188
124 189
124 196
124 199
125 146
125 147
125 151
125 159
125 165
125 186
125 197
125 199
126 130
126 147
126 150
126 154
126 155
126 162
126 163
126 173
126 187
126 194
126 197
127 134
127 155
127 160
127 163
127 166
127 168
127 174
127 179
127 182
127 188
128 130
128 142
128 155
128 158
128 163
128 166
128 170
128 171
128 177
128 178
128 183
128 185
128 189
128 190
129 131
129 133
129 134
129 150
129 154
129 156
129 157
129 162
129 163
129 165
129 166
129 167
129 171
129 173
129 181
129 186
129 193
129 196
130 136
130 140
130 143
130 157
130 180
130 184
130 185
130 190
130 198
131 133
131 136
131 139
131 140
131 142
131 147
131 148
131 151
131 158
131 162
131 164
131 168
131 178
131 180
131 181
131 187
131 189
131 198
131 199
132 137
132 144
132 146
132 150
132 167
132 177
132 181
132 189
132 199
133 138
133 142
133 143
133 146
133 148
133 154
133 156
133 157
133 160
133 161
133 166
133 167
133 178
133 189
133 191
133 192
133 196
134 135
134 137
134 147
134 148
134 155
134 170
134 177
134 196
135 137
135 139
135 141
135 142
135 143
135 146
135 149
135 150
135 151
135 155
135 156
135 177
135 180
135 187
135 188
135 189
135 194
136 143
136 145
136 146
136 150
136 152
136 154
136 170
136 173
136 175
136 181
136 185
136 188
136 189
136 192
137 138
137 153
137 160
137 161
137 174
137 175
137 177
137 182
137 183
137 186
137 188
137 194
138 140
138 145
138 150
138 154
138 159
138 163
138 171
138 172
138 187
138 193
138 197
138 198
139 149
139 151
139 152
139 153
139 161
139 176
139 179
139 182
139 189
139 194
139 198
139 199
140 142
140 145
140 159
140 160
140 163
140 165
140 167
140 171
140 172
140 173
140 179
140 180
140 181
140 195
141 146
141 147
141 152
141 156
141 171
141 172
141 176
141 184
141 197
142 147
142 153
142 156
142 164
142 173
142 175
142 178
142 181
142 187
142 195
143 145
143 151
143 154
143 159
143 162
143 166
143 172
143 180
143 194
143 197
144 151
144 161
144 168
144 176
144 179
144 180
144 190
144 197
145 151
145 156
145 162
145 169
145 175
145 185
146 158
146 160
146 167
146 171
146 177
146 179
146 187
146 189
146 192
147 156
147 159
147 160
147 179
147 182
147 187
147 189
147 191
147 199
148 156
148 165
148 170
148 171
148 172
148 178
148 183
148 184
148 188
148 195
148 197
148 199
149 153
149 156
149 160
149 161
149 163
149 170
149 176
149 180
149 196
149 198
150 153
150 164
150 166
150 170
150 172
150 174
150 176
150 188
150 193
150 196
150 199
151 157
151 159
151 162
151 170
151 172
151 178
151 186
151 191
151 193
151 194
151 195
151 197
152 157
152 160
152 170
152 180
152 197
152 198
152 199
153 155
153 160
153 165
153 173
153 175
153 183
153 184
153 192
154 166
154 180
154 182
154 183
154 187
154 188
154 189
154 194
155 157
155 159
155 160
155 164
155 165
155 167
155 171
155 172
155 173
155 174
155 178
155 179
155 183
155 184
155 185
155 186
155 194
155 198
156 158
156 168
156 170
156 177
156 183
156 184
156 186
156 191
156 194
156 199
157 160
157 161
157 169
157 171
157 172
157 176
157 187
157 192
157 198
158 162
158 163
158 171
158 173
158 175
158 177
158 179
158 186
158 199
159 161
159 162
159 165
159 166
159 169
159 170
159 172
159 176
159 182
159 185
159 186
159 187
159 194
160 161
160 165
160 172
160 173
160 178
160 181
160 184
160 188
161 162
161 164
161 171
161 172
161 173
161 180
161 182
161 185
161 186
161 193
161 195
161 198
162 163
162 165
162 175
162 180
162 186
162 190
163 164
163 167
163 170
163 181
163 188
163 189
164 169
164 174
164 178
164 185
164 189
164 194
165 166
165 168
165 169
165 173
165 184
165 185
166 177
166 183
166 184
166 197
167 175
167 180
167 188
168 177
168 185
168 188
168 190
168 192
169 184
169 193
169 195
170 171
170 175
170 181
170 182
170 189
170 195
170 196
171 174
171 175
171 182
171 186
171 189
171 191
171 198
172 175
172 197
172 199
173 180
173 196
174 175
174 176
174 177
174 185
175 197
175 199
176 192
177 182
177 185
177 189
178 184
178 190
178 192
178 193
178 197
179 186
179 191
179 193
179 194
179 195
180 190
180 195
180 197
181 185
181 186
181 187
181 190
181 194
181 196
181 199
182 187
182 189
182 199
183 186
183 188
183 189
183 192
183 198
184 185
184 197
185 188
185 192
185 199
186 187
186 193
186 194
186 198
187 192
187 195
187 197
189 194
189 196
190 198
191 192
191 196
191 198
191 199
192 195
192 197
194 197
194 199
