100 2780
70 70
30 30
100 11
73 37
55 16
32 25
68 27
89 64
36 53
50 23
75 30
21 41
72 83
45 16
14 22
57 57
30 49
80 33
76 84
47 54
66 54
91 23
85 19
54 77
96 100
100 100
53 86
67 97
31 86
16 91
47 97
98 97
38 68
72 42
98 29
75 62
94 95
51 96
17 76
81 28
56 59
81 96
76 97
11 79
93 41
13 47
43 63
56 99
25 12
97 69
93 18
78 16
63 21
25 29
57 83
64 93
12 20
22 14
42 92
95 67
26 38
16 90
77 18
34 29
77 77
81 62
33 84
68 92
98 16
50 88
23 32
88 42
55 43
43 29
38 92
18 85
86 57
59 62
92 16
54 93
29 69
24 24
52 21
41 71
38 88
23 24
79 99
93 22
28 74
67 89
30 32
34 34
98 86
98 84
42 23
27 29
57 23
37 79
89 55
27 27
989
0 3
0 4
0 13
0 23
0 24
0 25
0 26
0 28
0 29
0 31
0 37
0 38
0 44
0 66
0 70
0 78
0 80
0 89
0 94
1 2
1 7
1 8
1 13
1 18
1 20
1 32
1 40
1 45
1 50
1 51
1 69
1 82
1 84
1 85
1 87
1 92
1 98
2 11
2 13
2 18
2 19
2 22
2 23
2 39
2 42
2 44
2 47
2 49
2 60
2 66
2 73
2 76
2 81
2 83
2 87
2 94
3 4
3 17
3 23
3 24
3 25
3 39
3 45
3 52
3 53
3 55
3 57
3 70
3 72
3 75
3 87
3 92
4 8
4 15
4 17
4 18
4 29
4 31
4 38
4 43
4 46
4 48
4 49
4 52
4 54
4 58
4 60
4 61
4 62
4 65
4 67
4 72
4 74
4 78
4 82
4 89
5 6
5 10
5 17
5 18
5 25
5 29
5 34
5 36
5 38
5 39
5 42
5 44
5 45
5 46
5 49
5 62
5 68
5 72
5 76
5 84
5 88
5 91
5 93
5 98
6 18
6 22
6 28
6 32
6 44
6 45
6 51
6 58
6 61
6 62
6 63
6 64
6 68
6 71
6 78
6 79
6 81
6 83
6 84
6 92
6 93
6 97
7 8
7 10
7 17
7 23
7 34
7 37
7 41
7 44
7 46
7 47
7 67
7 80
7 94
7 95
7 96
8 10
8 13
8 15
8 24
8 25
8 47
8 50
8 56
8 58
8 59
8 61
8 73
8 75
8 91
8 93
8 98
9 25
9 27
9 33
9 34
9 37
9 42
9 45
9 54
9 63
9 66
9 67
9 78
9 80
9 84
9 91
9 99
10 13
10 15
10 19
10 20
10 21
10 36
10 44
10 47
10 51
10 58
10 59
10 60
10 67
10 94
10 96
11 21
11 37
11 41
11 42
11 54
11 59
11 60
11 64
11 80
11 84
11 86
12 17
12 22
12 26
12 28
12 32
12 37
12 39
12 42
12 43
12 45
12 49
12 51
12 52
12 55
12 62
12 69
12 71
12 75
12 77
12 78
12 81
12 87
12 90
13 19
13 28
13 36
13 42
13 44
13 56
13 61
13 63
13 78
13 80
13 83
13 86
13 95
14 17
14 19
14 20
14 22
14 27
14 29
14 33
14 55
14 68
14 78
14 81
14 83
14 87
14 90
14 95
14 99
15 16
15 18
15 27
15 32
15 34
15 35
15 38
15 77
15 88
15 90
15 93
15 98
15 99
16 18
16 19
16 25
16 28
16 31
16 33
16 34
16 36
16 41
16 42
16 44
16 47
16 59
16 69
16 77
16 81
16 82
16 84
16 96
17 28
17 44
17 45
17 57
17 60
17 62
17 63
17 74
17 76
17 86
17 90
17 91
17 96
17 97
17 99
18 19
18 25
18 36
18 40
18 42
18 45
18 53
18 59
18 63
18 65
18 67
18 73
18 77
18 80
18 81
18 82
18 83
18 94
19 31
19 36
19 41
19 43
19 44
19 49
19 52
19 61
19 70
19 71
19 84
19 89
19 94
19 98
20 23
20 24
20 34
20 42
20 44
20 48
20 51
20 52
20 61
20 64
20 66
20 71
20 76
20 81
20 87
20 95
21 22
21 27
21 29
21 31
21 35
21 39
21 42
21 52
21 71
21 78
21 79
21 81
21 89
21 90
21 91
21 93
21 95
21 96
22 27
22 32
22 35
22 43
22 45
22 51
22 59
22 62
22 75
22 76
22 79
22 80
22 84
22 94
22 99
23 30
23 32
23 33
23 38
23 42
23 50
23 65
23 75
23 90
23 91
23 97
23 99
24 30
24 40
24 41
24 44
24 46
24 50
24 56
24 57
24 59
24 64
24 65
24 68
24 70
24 77
24 79
24 85
24 86
24 90
24 97
25 26
25 32
25 38
25 43
25 49
25 62
25 66
25 67
25 71
25 78
25 79
25 83
25 84
25 85
25 90
25 91
25 97
26 34
26 36
26 43
26 45
26 47
26 54
26 58
26 61
26 68
26 76
26 78
26 82
26 86
26 89
26 92
26 94
26 97
27 30
27 32
27 39
27 51
27 61
27 65
27 67
27 86
27 97
27 99
28 29
28 35
28 36
28 37
28 44
28 47
28 51
28 52
28 58
28 67
28 75
28 85
28 86
28 88
28 89
28 91
28 94
28 96
29 35
29 36
29 41
29 44
29 45
29 54
29 58
29 59
29 67
29 70
29 77
29 78
29 79
29 80
29 81
29 98
30 34
30 42
30 43
30 49
30 52
30 55
30 68
30 73
30 80
30 81
30 88
30 97
31 39
31 47
31 49
31 51
31 52
31 53
31 54
31 59
31 63
31 65
31 66
31 67
31 79
31 88
31 91
31 92
31 94
31 95
31 99
32 37
32 47
32 51
32 52
32 59
32 64
32 70
32 76
32 77
32 80
32 83
32 96
32 99
33 40
33 42
33 59
33 62
33 65
33 70
33 71
33 80
33 85
33 92
34 38
34 39
34 40
34 42
34 44
34 50
34 55
34 56
34 70
34 74
34 76
34 79
34 82
34 86
34 89
35 39
35 42
35 44
35 51
35 56
35 61
35 63
35 64
35 66
35 68
35 69
35 90
36 37
36 42
36 46
36 49
36 55
36 56
36 62
36 65
36 66
36 81
36 83
36 85
36 88
36 89
36 92
36 95
36 97
37 39
37 41
37 42
37 43
37 48
37 52
37 57
37 58
37 62
37 67
37 80
37 88
37 98
38 41
38 47
38 59
38 60
38 63
38 75
38 78
38 80
38 83
38 86
38 91
38 94
39 47
39 49
39 58
39 63
39 70
39 79
39 81
39 86
39 95
39 99
40 41
40 43
40 45
40 51
40 55
40 63
40 67
40 74
40 76
40 81
40 88
40 91
41 50
41 52
41 57
41 61
41 68
41 70
41 74
41 77
41 88
41 89
41 92
42 44
42 45
42 51
42 58
42 59
42 68
42 69
42 71
42 75
42 88
42 93
42 96
43 45
43 47
43 68
43 69
43 78
43 92
44 48
44 49
44 51
44 52
44 54
44 63
44 64
44 74
44 76
44 86
44 89
44 92
45 49
45 54
45 55
45 65
45 67
45 69
45 83
45 86
45 91
45 98
46 56
46 62
46 64
46 65
46 66
46 70
46 75
46 78
46 88
46 90
46 92
46 93
46 95
46 96
47 49
47 50
47 51
47 52
47 57
47 67
47 83
47 85
47 87
47 95
48 50
48 62
48 64
48 66
48 68
48 72
48 73
48 79
48 89
48 90
48 98
49 53
49 54
49 71
49 91
49 94
49 98
50 51
50 55
50 83
50 87
50 89
50 90
51 64
51 66
51 79
51 84
51 87
51 94
52 59
52 65
52 73
52 75
52 76
52 82
52 88
52 92
52 97
52 98
53 55
53 56
53 63
53 68
53 70
53 75
53 84
53 96
53 98
53 99
54 59
54 64
54 66
54 69
54 72
54 73
54 77
54 85
54 86
54 90
54 95
55 58
55 72
55 81
55 86
56 58
56 64
56 73
56 75
56 77
56 84
56 88
57 65
57 66
57 77
57 80
57 84
57 85
57 94
57 95
58 63
58 65
58 67
58 68
58 70
58 71
58 72
58 73
58 77
58 79
58 80
58 86
58 94
58 95
59 61
59 67
59 68
59 69
59 70
59 74
59 76
59 77
59 79
59 82
59 83
59 88
59 89
60 65
60 69
60 70
60 73
60 74
60 83
60 87
60 91
60 95
60 96
61 70
61 82
61 83
61 91
61 95
61 98
62 63
62 64
62 76
62 78
62 80
62 81
62 84
62 89
62 95
62 99
63 66
63 77
63 84
63 86
63 87
63 88
63 93
64 71
64 74
64 75
64 76
64 82
64 91
64 92
64 94
64 95
65 66
65 67
65 68
65 70
65 76
65 77
65 81
65 82
65 88
65 91
65 97
66 69
66 79
66 85
66 92
66 94
66 97
66 98
67 71
67 76
67 78
67 99
68 75
68 86
68 91
68 98
69 73
69 78
69 85
69 87
69 93
69 97
69 98
70 80
70 92
70 96
71 73
71 82
71 83
71 84
71 93
71 97
71 98
72 73
72 74
72 82
72 88
72 93
72 95
73 74
73 76
73 77
73 80
73 81
73 82
73 85
73 95
73 99
74 80
74 85
74 90
74 91
74 92
74 94
75 78
75 99
76 78
76 81
76 84
76 85
76 93
77 84
77 94
77 98
78 81
78 88
78 91
78 94
78 97
79 83
79 87
79 93
80 86
80 93
81 87
82 85
82 89
82 91
82 95
82 99
83 87
83 89
83 90
83 96
84 85
84 86
84 89
84 90
84 94
85 88
85 97
86 87
86 89
86 94
86 98
87 88
87 91
87 92
87 95
88 90
88 92
88 94
88 97
89 95
90 93
91 97
92 99
