150 3932
17 88
90 68
68 22
31 57
87 88
79 45
68 73
47 57
20 27
16 94
31 16
100 15
40 53
98 59
73 64
43 26
40 41
96 65
10 62
45 14
52 34
41 20
53 18
19 80
16 76
23 15
88 72
21 53
26 15
90 32
49 34
36 93
43 86
68 14
100 24
29 37
28 46
20 47
12 78
60 94
48 37
31 86
20 59
22 28
49 37
21 34
57 34
18 62
69 73
96 77
78 31
66 82
93 50
46 95
90 75
76 25
84 45
34 64
17 75
57 81
52 48
93 70
71 21
34 57
19 17
13 20
44 14
16 20
81 43
85 27
67 11
95 64
81 49
44 65
94 94
36 52
37 23
52 75
44 63
65 88
71 31
34 90
41 40
31 51
68 26
99 75
58 14
73 64
68 74
83 76
59 68
32 63
49 65
93 46
91 24
69 76
78 37
63 67
72 71
77 45
52 58
73 28
91 32
10 28
84 21
100 67
83 58
72 54
85 66
80 30
42 38
58 53
84 60
91 60
58 85
79 96
27 14
42 94
35 71
90 54
71 70
34 44
61 70
29 44
64 77
19 35
59 90
77 34
59 29
39 23
92 13
95 36
87 89
88 22
32 39
17 69
65 92
43 41
45 34
67 58
59 92
80 46
12 25
33 81
11 14
20 59
23 83
61 66
16 81
99 66
4523
0 1
0 3
0 6
0 13
0 22
0 23
0 30
0 32
0 35
0 38
0 39
0 40
0 41
0 42
0 43
0 44
0 45
0 46
0 48
0 49
0 51
0 52
0 53
0 54
0 55
0 57
0 59
0 60
0 61
0 63
0 70
0 71
0 75
0 78
0 82
0 87
0 88
0 92
0 100
0 101
0 102
0 103
0 106
0 107
0 109
0 110
0 111
0 112
0 114
0 115
0 116
0 119
0 121
0 129
0 131
0 133
0 135
0 137
0 138
0 142
0 144
0 146
1 3
1 14
1 15
1 16
1 20
1 21
1 22
1 32
1 33
1 35
1 37
1 38
1 42
1 44
1 45
1 46
1 48
1 56
1 59
1 60
1 62
1 63
1 65
1 68
1 71
1 72
1 73
1 75
1 76
1 80
1 81
1 83
1 87
1 90
1 91
1 92
1 95
1 97
1 98
1 100
1 101
1 102
1 108
1 110
1 113
1 114
1 115
1 117
1 118
1 119
1 120
1 121
1 122
1 123
1 124
1 131
1 132
1 136
1 138
1 141
1 142
1 143
1 145
2 3
2 9
2 13
2 14
2 16
2 18
2 25
2 30
2 33
2 34
2 38
2 42
2 43
2 48
2 51
2 52
2 53
2 54
2 58
2 61
2 62
2 68
2 70
2 73
2 79
2 80
2 82
2 83
2 85
2 86
2 87
2 92
2 100
2 104
2 110
2 112
2 114
2 117
2 118
2 123
2 126
2 131
2 133
2 139
2 140
2 142
2 146
3 4
3 6
3 7
3 9
3 13
3 15
3 25
3 26
3 30
3 40
3 41
3 44
3 45
3 46
3 48
3 49
3 50
3 51
3 52
3 57
3 58
3 62
3 63
3 65
3 68
3 71
3 74
3 75
3 76
3 77
3 78
3 81
3 82
3 83
3 84
3 85
3 89
3 90
3 91
3 93
3 94
3 95
3 96
3 98
3 104
3 106
3 110
3 116
3 117
3 118
3 121
3 124
3 125
3 128
3 130
3 133
3 134
3 135
3 138
3 139
3 140
3 141
3 142
3 147
4 7
4 8
4 9
4 11
4 13
4 14
4 16
4 17
4 18
4 19
4 21
4 23
4 25
4 26
4 28
4 32
4 35
4 36
4 38
4 40
4 41
4 42
4 48
4 49
4 51
4 52
4 63
4 69
4 70
4 77
4 78
4 79
4 81
4 82
4 83
4 90
4 91
4 93
4 98
4 101
4 103
4 105
4 107
4 109
4 111
4 115
4 124
4 131
4 132
4 134
4 135
4 136
4 137
4 140
4 143
4 145
4 148
5 8
5 10
5 14
5 21
5 24
5 26
5 27
5 28
5 30
5 33
5 35
5 36
5 37
5 41
5 47
5 48
5 49
5 51
5 52
5 53
5 54
5 55
5 60
5 61
5 63
5 64
5 66
5 67
5 71
5 73
5 76
5 78
5 80
5 82
5 83
5 85
5 86
5 89
5 90
5 92
5 93
5 94
5 95
5 96
5 97
5 99
5 100
5 101
5 102
5 104
5 105
5 106
5 109
5 110
5 114
5 115
5 116
5 119
5 120
5 122
5 128
5 131
5 132
5 134
5 135
5 137
5 138
5 139
5 142
5 148
6 10
6 11
6 13
6 15
6 16
6 17
6 21
6 26
6 27
6 28
6 30
6 32
6 37
6 43
6 46
6 49
6 51
6 52
6 53
6 55
6 56
6 58
6 60
6 64
6 66
6 67
6 68
6 73
6 75
6 78
6 80
6 83
6 85
6 86
6 91
6 92
6 95
6 97
6 99
6 102
6 104
6 106
6 110
6 112
6 120
6 125
6 127
6 131
6 132
6 135
6 137
6 139
6 142
6 143
6 147
7 8
7 9
7 10
7 13
7 15
7 16
7 17
7 20
7 23
7 27
7 29
7 30
7 33
7 34
7 35
7 38
7 39
7 41
7 47
7 65
7 66
7 67
7 69
7 70
7 74
7 76
7 80
7 81
7 82
7 85
7 93
7 95
7 96
7 101
7 102
7 104
7 105
7 106
7 109
7 111
7 115
7 116
7 117
7 118
7 119
7 120
7 127
7 131
7 132
7 133
7 134
7 140
7 144
7 148
8 17
8 18
8 19
8 20
8 21
8 24
8 27
8 29
8 30
8 33
8 35
8 40
8 41
8 44
8 45
8 46
8 48
8 49
8 51
8 52
8 53
8 57
8 61
8 65
8 67
8 69
8 71
8 72
8 75
8 76
8 77
8 78
8 81
8 83
8 84
8 85
8 89
8 90
8 91
8 92
8 95
8 96
8 97
8 99
8 100
8 101
8 103
8 104
8 107
8 108
8 109
8 110
8 115
8 116
8 117
8 118
8 119
8 120
8 123
8 124
8 125
8 126
8 130
8 131
8 133
8 138
8 141
8 144
8 147
8 149
9 10
9 12
9 13
9 15
9 17
9 18
9 19
9 20
9 24
9 27
9 39
9 40
9 41
9 46
9 47
9 48
9 50
9 52
9 60
9 65
9 67
9 68
9 69
9 72
9 75
9 77
9 79
9 86
9 89
9 93
9 95
9 108
9 111
9 113
9 119
9 120
9 122
9 123
9 125
9 129
9 132
9 136
9 139
9 140
9 142
9 147
10 12
10 15
10 17
10 19
10 21
10 24
10 26
10 28
10 29
10 30
10 36
10 41
10 46
10 47
10 48
10 49
10 51
10 52
10 54
10 55
10 59
10 61
10 62
10 63
10 66
10 69
10 70
10 71
10 73
10 79
10 80
10 81
10 83
10 85
10 86
10 87
10 91
10 95
10 97
10 101
10 108
10 112
10 113
10 115
10 116
10 118
10 122
10 123
10 124
10 125
10 128
10 129
10 133
10 135
10 136
10 138
10 140
10 141
10 142
10 143
10 148
10 149
11 13
11 14
11 16
11 17
11 18
11 19
11 21
11 24
11 26
11 29
11 30
11 32
11 33
11 40
11 41
11 42
11 44
11 50
11 52
11 53
11 54
11 56
11 59
11 62
11 69
11 70
11 75
11 76
11 77
11 82
11 83
11 84
11 88
11 89
11 91
11 93
11 95
11 98
11 101
11 105
11 111
11 112
11 114
11 116
11 118
11 122
11 130
11 131
11 136
11 137
11 138
11 141
12 17
12 18
12 30
12 33
12 34
12 35
12 36
12 37
12 40
12 41
12 43
12 44
12 45
12 46
12 50
12 57
12 58
12 62
12 64
12 65
12 70
12 71
12 74
12 80
12 82
12 87
12 93
12 94
12 96
12 98
12 99
12 104
12 109
12 113
12 117
12 118
12 119
12 122
12 123
12 126
12 128
12 132
12 134
12 135
12 138
12 140
12 142
12 144
12 145
12 147
13 14
13 16
13 17
13 19
13 23
13 24
13 31
13 32
13 33
13 36
13 39
13 40
13 41
13 42
13 47
13 48
13 49
13 51
13 53
13 55
13 56
13 58
13 59
13 62
13 66
13 67
13 69
13 70
13 71
13 72
13 73
13 78
13 79
13 82
13 88
13 95
13 96
13 97
13 100
13 101
13 103
13 112
13 115
13 116
13 119
13 121
13 124
13 125
13 128
13 129
13 130
13 136
13 138
13 139
13 144
13 145
13 147
13 149
14 17
14 21
14 22
14 25
14 26
14 28
14 29
14 38
14 43
14 44
14 45
14 49
14 53
14 58
14 60
14 61
14 66
14 69
14 72
14 73
14 76
14 82
14 85
14 86
14 88
14 90
14 91
14 92
14 93
14 95
14 96
14 97
14 107
14 108
14 114
14 119
14 122
14 123
14 130
14 133
14 134
14 140
14 142
14 143
14 145
15 16
15 21
15 22
15 23
15 24
15 26
15 27
15 29
15 33
15 35
15 37
15 39
15 41
15 43
15 44
15 46
15 49
15 52
15 54
15 56
15 61
15 64
15 65
15 69
15 71
15 72
15 73
15 77
15 78
15 82
15 85
15 86
15 88
15 89
15 90
15 91
15 92
15 95
15 97
15 99
15 100
15 101
15 104
15 106
15 110
15 111
15 113
15 117
15 118
15 120
15 121
15 122
15 123
15 124
15 127
15 128
15 134
15 135
15 141
15 142
16 17
16 20
16 21
16 22
16 23
16 29
16 30
16 32
16 37
16 39
16 42
16 45
16 51
16 53
16 54
16 55
16 59
16 68
16 69
16 72
16 73
16 74
16 75
16 76
16 78
16 81
16 84
16 87
16 88
16 90
16 91
16 92
16 93
16 98
16 100
16 101
16 106
16 108
16 109
16 115
16 116
16 122
16 134
16 135
16 138
16 139
16 140
16 141
16 142
16 143
16 144
16 145
16 148
16 149
17 21
17 26
17 29
17 32
17 34
17 39
17 41
17 44
17 46
17 47
17 48
17 49
17 56
17 62
17 63
17 67
17 72
17 75
17 78
17 80
17 82
17 85
17 89
17 90
17 99
17 105
17 108
17 112
17 117
17 118
17 121
17 126
17 130
17 131
17 133
17 141
17 142
17 145
18 19
18 22
18 25
18 26
18 27
18 30
18 32
18 33
18 41
18 44
18 45
18 47
18 49
18 51
18 52
18 53
18 54
18 58
18 65
18 67
18 69
18 70
18 71
18 77
18 83
18 88
18 89
18 90
18 92
18 94
18 97
18 102
18 105
18 111
18 112
18 113
18 114
18 118
18 119
18 125
18 129
18 130
18 132
18 133
18 134
18 135
18 139
18 140
18 141
18 144
18 149
19 20
19 22
19 27
19 31
19 32
19 33
19 34
19 41
19 42
19 47
19 48
19 52
19 53
19 60
19 62
19 64
19 66
19 67
19 71
19 72
19 76
19 78
19 80
19 82
19 84
19 86
19 87
19 89
19 95
19 98
19 99
19 101
19 103
19 106
19 108
19 109
19 110
19 112
19 113
19 114
19 116
19 118
19 122
19 126
19 127
19 131
19 134
19 136
19 140
19 145
19 147
19 149
20 21
20 23
20 27
20 28
20 29
20 30
20 31
20 33
20 35
20 40
20 44
20 47
20 49
20 50
20 54
20 56
20 57
20 61
20 62
20 69
20 70
20 72
20 76
20 81
20 83
20 85
20 89
20 92
20 95
20 97
20 100
20 103
20 104
20 108
20 109
20 119
20 120
20 122
20 123
20 124
20 129
20 131
20 132
20 133
20 134
20 135
20 136
20 139
20 140
20 146
20 147
21 23
21 25
21 26
21 27
21 33
21 37
21 38
21 40
21 42
21 43
21 44
21 47
21 48
21 49
21 54
21 58
21 59
21 60
21 63
21 65
21 68
21 71
21 73
21 77
21 78
21 82
21 83
21 89
21 90
21 96
21 99
21 100
21 102
21 103
21 106
21 107
21 108
21 110
21 113
21 117
21 118
21 121
21 123
21 124
21 130
21 133
21 134
21 135
21 136
21 137
21 140
21 142
21 143
21 144
22 23
22 24
22 25
22 30
22 33
22 36
22 37
22 38
22 49
22 50
22 51
22 52
22 57
22 58
22 59
22 61
22 64
22 65
22 70
22 72
22 73
22 75
22 82
22 88
22 90
22 92
22 93
22 94
22 96
22 100
22 103
22 108
22 109
22 112
22 114
22 116
22 123
22 124
22 127
22 128
22 129
22 130
22 135
22 136
22 140
22 141
22 146
22 147
23 24
23 30
23 31
23 34
23 44
23 51
23 56
23 65
23 66
23 70
23 71
23 75
23 79
23 80
23 81
23 89
23 90
23 93
23 96
23 97
23 103
23 112
23 115
23 119
23 120
23 123
23 124
23 125
23 131
23 133
23 135
23 136
23 139
23 140
23 143
23 149
24 29
24 30
24 32
24 33
24 34
24 35
24 38
24 42
24 49
24 50
24 54
24 55
24 56
24 58
24 64
24 65
24 69
24 74
24 77
24 78
24 79
24 80
24 81
24 85
24 88
24 89
24 90
24 91
24 93
24 96
24 97
24 98
24 102
24 106
24 107
24 109
24 114
24 116
24 117
24 122
24 126
24 130
24 135
24 137
24 139
24 142
24 143
24 147
24 148
24 149
25 26
25 31
25 32
25 45
25 50
25 51
25 52
25 54
25 57
25 58
25 62
25 63
25 66
25 69
25 70
25 77
25 78
25 82
25 84
25 95
25 96
25 103
25 104
25 111
25 114
25 116
25 117
25 120
25 126
25 129
25 130
25 131
25 132
25 137
25 140
25 142
25 146
25 147
26 28
26 29
26 32
26 34
26 35
26 37
26 41
26 42
26 44
26 45
26 46
26 48
26 49
26 50
26 52
26 57
26 58
26 60
26 61
26 62
26 67
26 69
26 75
26 77
26 79
26 80
26 83
26 86
26 91
26 95
26 100
26 102
26 103
26 108
26 110
26 111
26 112
26 114
26 115
26 116
26 118
26 119
26 120
26 121
26 122
26 123
26 126
26 130
26 131
26 133
26 134
26 135
26 138
26 140
26 143
26 148
26 149
27 28
27 30
27 35
27 43
27 44
27 45
27 46
27 48
27 53
27 55
27 59
27 65
27 70
27 74
27 75
27 82
27 84
27 85
27 86
27 92
27 99
27 101
27 102
27 103
27 105
27 106
27 107
27 108
27 109
27 116
27 117
27 120
27 121
27 122
27 125
27 126
27 127
27 132
27 136
27 138
27 140
27 141
27 144
28 29
28 30
28 32
28 34
28 36
28 39
28 41
28 42
28 47
28 49
28 55
28 56
28 59
28 60
28 66
28 67
28 70
28 72
28 75
28 76
28 82
28 85
28 86
28 87
28 89
28 94
28 96
28 99
28 101
28 108
28 109
28 116
28 117
28 118
28 119
28 120
28 122
28 123
28 124
28 125
28 129
28 132
28 135
28 136
28 140
28 144
29 30
29 31
29 36
29 41
29 42
29 48
29 49
29 51
29 52
29 54
29 55
29 57
29 65
29 69
29 82
29 83
29 85
29 89
29 91
29 92
29 95
29 96
29 104
29 105
29 113
29 115
29 117
29 119
29 121
29 124
29 125
29 126
29 127
29 129
29 131
29 132
29 133
29 134
29 135
29 141
29 148
30 31
30 32
30 33
30 36
30 39
30 42
30 43
30 45
30 47
30 54
30 63
30 66
30 67
30 71
30 72
30 77
30 83
30 85
30 86
30 90
30 91
30 92
30 93
30 94
30 98
30 100
30 101
30 102
30 104
30 105
30 106
30 111
30 112
30 113
30 116
30 121
30 122
30 125
30 127
30 128
30 129
30 131
30 132
30 133
30 134
30 135
30 138
30 139
30 143
30 146
30 149
31 32
31 34
31 35
31 36
31 37
31 38
31 40
31 41
31 45
31 47
31 49
31 52
31 59
31 63
31 67
31 68
31 69
31 70
31 73
31 76
31 77
31 79
31 81
31 83
31 84
31 85
31 90
31 92
31 93
31 94
31 95
31 98
31 103
31 107
31 112
31 115
31 119
31 120
31 121
31 124
31 125
31 126
31 127
31 128
31 134
31 135
31 139
31 143
31 144
31 146
31 147
31 149
32 35
32 36
32 37
32 39
32 41
32 43
32 50
32 51
32 52
32 53
32 55
32 58
32 59
32 62
32 63
32 64
32 69
32 72
32 73
32 74
32 77
32 79
32 82
32 83
32 88
32 89
32 95
32 97
32 99
32 100
32 105
32 108
32 109
32 111
32 112
32 113
32 115
32 117
32 120
32 121
32 122
32 124
32 126
32 127
32 128
32 131
32 133
32 135
32 136
32 137
32 138
32 144
32 145
33 37
33 38
33 43
33 44
33 46
33 48
33 55
33 56
33 58
33 60
33 62
33 63
33 65
33 66
33 68
33 69
33 73
33 75
33 77
33 79
33 81
33 83
33 86
33 92
33 94
33 97
33 98
33 101
33 104
33 108
33 109
33 110
33 111
33 113
33 117
33 119
33 121
33 122
33 126
33 129
33 130
33 134
33 135
33 137
33 140
33 141
33 144
33 145
33 146
33 147
33 149
34 39
34 41
34 43
34 46
34 53
34 54
34 58
34 60
34 61
34 63
34 70
34 73
34 75
34 77
34 80
34 81
34 82
34 83
34 85
34 86
34 87
34 88
34 91
34 95
34 96
34 98
34 99
34 101
34 102
34 104
34 106
34 112
34 116
34 119
34 120
34 122
34 124
34 127
34 128
34 129
34 135
34 137
34 138
34 149
35 37
35 38
35 39
35 41
35 47
35 49
35 52
35 56
35 57
35 59
35 65
35 68
35 71
35 72
35 75
35 76
35 77
35 81
35 82
35 83
35 89
35 92
35 93
35 95
35 97
35 100
35 103
35 108
35 110
35 113
35 115
35 117
35 118
35 120
35 124
35 127
35 130
35 131
35 135
35 138
35 139
35 140
35 141
35 142
35 144
35 145
35 146
35 147
35 148
36 37
36 38
36 40
36 43
36 44
36 45
36 46
36 48
36 49
36 53
36 55
36 57
36 59
36 61
36 63
36 64
36 67
36 69
36 71
36 73
36 75
36 77
36 79
36 80
36 81
36 83
36 85
36 86
36 89
36 92
36 96
36 97
36 100
36 104
36 105
36 108
36 112
36 114
36 123
36 124
36 125
36 129
36 131
36 132
36 133
36 140
36 141
36 143
36 144
37 39
37 42
37 49
37 57
37 58
37 61
37 62
37 64
37 67
37 68
37 69
37 71
37 72
37 73
37 75
37 76
37 77
37 79
37 81
37 84
37 86
37 87
37 90
37 94
37 96
37 97
37 98
37 100
37 101
37 102
37 103
37 104
37 107
37 110
37 111
37 113
37 115
37 120
37 122
37 126
37 128
37 129
37 130
37 131
37 134
37 137
37 140
37 141
37 142
37 145
37 148
38 40
38 41
38 43
38 53
38 54
38 57
38 63
38 66
38 68
38 70
38 71
38 72
38 73
38 75
38 79
38 80
38 81
38 84
38 85
38 89
38 90
38 94
38 96
38 97
38 98
38 100
38 104
38 105
38 108
38 110
38 111
38 114
38 116
38 118
38 119
38 121
38 122
38 125
38 128
38 133
38 137
38 138
38 139
38 146
38 148
39 40
39 41
39 45
39 46
39 47
39 52
39 53
39 54
39 56
39 57
39 60
39 61
39 62
39 64
39 67
39 68
39 70
39 72
39 74
39 78
39 79
39 82
39 88
39 90
39 92
39 95
39 96
39 98
39 100
39 103
39 106
39 107
39 109
39 116
39 129
39 131
39 133
39 135
39 136
39 137
39 138
39 142
39 143
39 144
39 145
39 146
39 147
40 41
40 42
40 44
40 46
40 47
40 49
40 56
40 57
40 58
40 59
40 63
40 65
40 66
40 67
40 69
40 70
40 72
40 77
40 81
40 85
40 88
40 89
40 90
40 91
40 95
40 96
40 100
40 101
40 102
40 105
40 110
40 112
40 113
40 122
40 123
40 124
40 125
40 131
40 132
40 133
40 135
40 136
40 138
40 139
40 140
40 141
40 144
40 145
40 148
41 42
41 50
41 51
41 53
41 55
41 58
41 62
41 63
41 67
41 68
41 69
41 71
41 73
41 75
41 79
41 84
41 85
41 90
41 92
41 93
41 95
41 98
41 100
41 101
41 103
41 104
41 109
41 113
41 114
41 115
41 118
41 120
41 121
41 123
41 124
41 128
41 137
41 138
41 145
41 147
42 44
42 45
42 46
42 49
42 50
42 55
42 56
42 57
42 66
42 67
42 71
42 73
42 78
42 80
42 84
42 88
42 91
42 93
42 98
42 101
42 102
42 103
42 104
42 105
42 106
42 109
42 112
42 115
42 118
42 120
42 121
42 125
42 128
42 129
42 133
42 134
42 140
42 141
42 144
42 145
42 148
43 45
43 49
43 50
43 53
43 56
43 60
43 63
43 65
43 67
43 69
43 70
43 74
43 75
43 76
43 80
43 83
43 85
43 88
43 94
43 95
43 99
43 100
43 101
43 103
43 104
43 107
43 111
43 113
43 117
43 118
43 119
43 121
43 122
43 124
43 125
43 126
43 127
43 131
43 136
43 142
43 143
43 146
43 149
44 45
44 47
44 48
44 51
44 52
44 53
44 56
44 59
44 60
44 61
44 62
44 64
44 67
44 68
44 71
44 73
44 77
44 78
44 79
44 80
44 81
44 82
44 83
44 88
44 91
44 92
44 95
44 97
44 98
44 104
44 106
44 109
44 112
44 113
44 116
44 117
44 122
44 126
44 127
44 128
44 130
44 131
44 132
44 136
44 137
44 138
44 140
44 141
44 142
44 144
45 47
45 56
45 57
45 59
45 61
45 63
45 68
45 69
45 71
45 73
45 76
45 77
45 81
45 84
45 85
45 87
45 88
45 90
45 92
45 95
45 97
45 99
45 100
45 103
45 107
45 109
45 110
45 111
45 112
45 113
45 116
45 118
45 119
45 120
45 124
45 125
45 127
45 134
45 135
45 138
45 139
45 141
45 142
45 146
45 147
46 48
46 50
46 52
46 54
46 59
46 61
46 63
46 64
46 66
46 68
46 73
46 78
46 79
46 81
46 85
46 87
46 90
46 95
46 97
46 103
46 107
46 110
46 113
46 115
46 121
46 123
46 126
46 129
46 131
46 135
46 137
46 138
46 139
46 143
46 144
46 145
47 50
47 51
47 54
47 57
47 58
47 59
47 61
47 63
47 64
47 66
47 69
47 74
47 80
47 83
47 84
47 86
47 90
47 93
47 94
47 95
47 97
47 98
47 99
47 100
47 101
47 102
47 104
47 106
47 110
47 111
47 112
47 113
47 116
47 119
47 121
47 125
47 135
47 136
47 145
47 146
47 147
48 50
48 51
48 57
48 58
48 59
48 67
48 68
48 69
48 73
48 74
48 75
48 80
48 81
48 84
48 87
48 89
48 91
48 93
48 96
48 97
48 98
48 99
48 101
48 103
48 104
48 105
48 106
48 107
48 108
48 109
48 114
48 116
48 120
48 121
48 125
48 126
48 128
48 129
48 130
48 131
48 133
48 135
48 136
48 137
48 144
48 147
48 148
49 52
49 54
49 56
49 57
49 58
49 60
49 63
49 64
49 65
49 66
49 70
49 71
49 76
49 80
49 85
49 90
49 91
49 92
49 94
49 95
49 97
49 99
49 100
49 107
49 108
49 119
49 120
49 121
49 123
49 124
49 127
49 128
49 131
49 132
49 133
49 134
49 135
49 140
49 144
49 148
49 149
50 51
50 55
50 60
50 61
50 65
50 66
50 67
50 68
50 70
50 74
50 81
50 82
50 83
50 84
50 85
50 86
50 87
50 96
50 97
50 102
50 103
50 104
50 105
50 108
50 109
50 119
50 120
50 121
50 124
50 127
50 136
50 137
50 140
50 142
50 143
50 144
50 145
50 148
50 149
51 53
51 56
51 58
51 59
51 64
51 65
51 71
51 73
51 74
51 77
51 80
51 81
51 87
51 91
51 92
51 97
51 99
51 101
51 102
51 103
51 105
51 106
51 108
51 110
51 115
51 117
51 121
51 122
51 123
51 127
51 132
51 134
51 137
51 141
51 144
51 146
51 148
52 58
52 60
52 62
52 64
52 65
52 66
52 68
52 70
52 72
52 73
52 74
52 75
52 76
52 77
52 80
52 81
52 82
52 83
52 84
52 85
52 88
52 92
52 93
52 95
52 99
52 100
52 101
52 102
52 103
52 104
52 105
52 109
52 111
52 113
52 117
52 118
52 119
52 120
52 122
52 125
52 127
52 128
52 130
52 132
52 134
52 139
52 141
52 142
52 146
52 148
53 54
53 55
53 56
53 57
53 60
53 61
53 63
53 64
53 66
53 68
53 69
53 70
53 75
53 76
53 77
53 78
53 81
53 83
53 85
53 87
53 88
53 90
53 91
53 93
53 97
53 101
53 103
53 105
53 107
53 108
53 112
53 114
53 117
53 119
53 123
53 126
53 130
53 131
53 132
53 133
53 135
53 136
53 138
53 141
53 143
53 147
53 148
54 55
54 56
54 58
54 59
54 65
54 67
54 69
54 70
54 72
54 73
54 74
54 77
54 78
54 81
54 82
54 83
54 86
54 87
54 88
54 94
54 96
54 98
54 102
54 105
54 107
54 108
54 109
54 110
54 111
54 113
54 115
54 118
54 119
54 120
54 121
54 122
54 124
54 126
54 127
54 131
54 132
54 135
54 137
54 140
54 141
54 143
54 144
54 148
55 57
55 59
55 71
55 74
55 77
55 78
55 81
55 82
55 86
55 88
55 89
55 91
55 92
55 94
55 97
55 98
55 101
55 106
55 109
55 110
55 112
55 113
55 116
55 117
55 119
55 120
55 124
55 126
55 127
55 129
55 139
55 143
55 149
56 58
56 60
56 61
56 62
56 63
56 65
56 68
56 70
56 72
56 78
56 79
56 82
56 84
56 86
56 88
56 89
56 91
56 93
56 94
56 95
56 97
56 98
56 100
56 101
56 102
56 105
56 109
56 111
56 112
56 113
56 117
56 120
56 121
56 122
56 123
56 126
56 130
56 133
56 135
56 136
56 138
56 140
56 141
56 146
56 147
56 149
57 58
57 59
57 60
57 65
57 68
57 76
57 77
57 78
57 83
57 86
57 87
57 88
57 92
57 95
57 101
57 105
57 108
57 110
57 111
57 115
57 119
57 120
57 122
57 125
57 126
57 129
57 130
57 138
57 139
57 140
57 143
57 144
58 59
58 64
58 66
58 67
58 70
58 78
58 79
58 83
58 85
58 93
58 94
58 98
58 103
58 105
58 108
58 113
58 114
58 115
58 118
58 122
58 131
58 133
58 135
58 136
58 137
58 139
58 141
58 142
58 143
59 60
59 63
59 64
59 73
59 74
59 75
59 76
59 78
59 83
59 84
59 85
59 86
59 88
59 99
59 103
59 105
59 111
59 116
59 117
59 118
59 119
59 123
59 128
59 132
59 133
59 134
59 136
59 142
59 146
60 61
60 62
60 63
60 65
60 68
60 71
60 72
60 73
60 74
60 77
60 78
60 88
60 90
60 91
60 94
60 96
60 97
60 98
60 104
60 106
60 107
60 108
60 111
60 114
60 116
60 117
60 121
60 122
60 123
60 124
60 125
60 127
60 132
60 133
60 136
60 137
60 146
60 148
61 66
61 70
61 71
61 73
61 74
61 76
61 77
61 80
61 81
61 82
61 86
61 88
61 90
61 91
61 94
61 95
61 101
61 102
61 106
61 109
61 110
61 111
61 112
61 114
61 116
61 120
61 122
61 123
61 127
61 130
61 132
61 133
61 137
61 138
61 140
61 145
61 147
61 148
62 63
62 65
62 66
62 68
62 69
62 72
62 76
62 79
62 81
62 82
62 85
62 87
62 88
62 91
62 92
62 94
62 96
62 97
62 99
62 101
62 108
62 109
62 110
62 116
62 117
62 120
62 122
62 123
62 124
62 126
62 127
62 130
62 131
62 133
62 135
62 136
62 142
62 143
62 147
62 149
63 66
63 67
63 70
63 71
63 72
63 73
63 78
63 81
63 84
63 85
63 88
63 89
63 91
63 95
63 96
63 97
63 99
63 102
63 106
63 108
63 109
63 110
63 111
63 114
63 115
63 117
63 118
63 121
63 123
63 125
63 127
63 129
63 130
63 131
63 135
63 136
63 139
63 141
63 145
63 146
63 147
64 66
64 74
64 75
64 77
64 84
64 85
64 88
64 91
64 93
64 101
64 103
64 104
64 111
64 113
64 115
64 116
64 117
64 120
64 122
64 124
64 125
64 127
64 129
64 130
64 133
64 137
64 140
64 141
64 143
64 146
64 149
65 68
65 71
65 72
65 73
65 80
65 81
65 82
65 83
65 86
65 94
65 104
65 115
65 120
65 123
65 124
65 125
65 128
65 129
65 130
65 134
65 136
65 137
65 138
65 142
65 146
65 147
65 148
66 68
66 69
66 78
66 79
66 80
66 85
66 86
66 87
66 91
66 98
66 100
66 101
66 104
66 105
66 113
66 114
66 115
66 117
66 118
66 123
66 124
66 127
66 130
66 134
66 136
66 137
66 138
66 140
66 141
67 71
67 73
67 79
67 81
67 83
67 86
67 87
67 90
67 95
67 96
67 97
67 98
67 102
67 105
67 107
67 109
67 112
67 115
67 116
67 118
67 121
67 126
67 135
67 136
67 137
67 139
67 140
67 143
67 145
67 146
68 69
68 75
68 76
68 77
68 82
68 84
68 87
68 93
68 95
68 97
68 100
68 101
68 103
68 104
68 107
68 113
68 114
68 116
68 117
68 119
68 120
68 122
68 123
68 124
68 131
68 136
68 139
68 143
68 144
68 149
69 71
69 73
69 79
69 82
69 84
69 86
69 89
69 90
69 94
69 96
69 98
69 102
69 106
69 107
69 108
69 110
69 123
69 124
69 126
69 127
69 128
69 134
69 136
69 137
69 139
69 140
69 143
69 144
69 147
69 148
70 71
70 73
70 74
70 76
70 81
70 82
70 84
70 85
70 86
70 92
70 101
70 103
70 106
70 107
70 108
70 109
70 117
70 128
70 132
70 134
70 135
70 142
70 144
70 145
70 146
70 148
70 149
71 78
71 79
71 87
71 88
71 90
71 92
71 93
71 94
71 99
71 101
71 103
71 104
71 105
71 107
71 110
71 113
71 115
71 118
71 120
71 121
71 125
71 129
71 130
71 131
71 132
71 135
71 139
71 142
71 143
71 145
71 149
72 73
72 74
72 76
72 86
72 89
72 90
72 91
72 92
72 97
72 104
72 110
72 114
72 115
72 117
72 118
72 119
72 121
72 122
72 123
72 124
72 125
72 127
72 129
72 134
72 136
72 138
72 139
72 145
72 147
73 74
73 75
73 78
73 83
73 84
73 87
73 88
73 89
73 90
73 97
73 99
73 104
73 107
73 108
73 111
73 113
73 119
73 121
73 123
73 124
73 127
73 128
73 129
73 130
73 132
73 133
73 135
73 136
73 137
73 138
73 140
73 141
73 143
73 144
73 145
73 146
73 149
74 75
74 76
74 81
74 82
74 83
74 84
74 85
74 89
74 94
74 95
74 97
74 100
74 101
74 102
74 103
74 106
74 109
74 112
74 116
74 117
74 119
74 123
74 125
74 126
74 133
74 134
74 136
74 140
74 147
74 148
75 76
75 77
75 81
75 83
75 84
75 85
75 89
75 93
75 95
75 96
75 99
75 100
75 103
75 104
75 107
75 108
75 110
75 111
75 113
75 122
75 123
75 129
75 131
75 132
75 134
75 135
75 141
75 143
75 147
75 148
76 77
76 79
76 82
76 84
76 89
76 91
76 93
76 94
76 98
76 99
76 100
76 102
76 103
76 104
76 106
76 107
76 109
76 113
76 115
76 122
76 123
76 125
76 129
76 132
76 134
76 135
76 136
76 137
76 139
76 145
76 146
76 147
76 148
76 149
77 81
77 84
77 85
77 87
77 89
77 90
77 96
77 99
77 100
77 106
77 108
77 109
77 110
77 111
77 113
77 114
77 115
77 118
77 119
77 120
77 121
77 124
77 125
77 126
77 127
77 129
77 132
77 136
77 137
77 140
77 143
77 145
77 147
77 148
78 81
78 82
78 83
78 85
78 86
78 87
78 88
78 90
78 97
78 101
78 108
78 109
78 110
78 111
78 116
78 119
78 120
78 123
78 124
78 127
78 131
78 132
78 133
78 134
78 141
78 145
78 148
78 149
79 80
79 84
79 85
79 86
79 87
79 88
79 90
79 95
79 96
79 99
79 100
79 101
79 105
79 106
79 117
79 118
79 122
79 124
79 127
79 129
79 130
79 131
79 133
79 138
79 139
79 140
79 145
79 146
79 147
80 85
80 88
80 90
80 99
80 100
80 101
80 110
80 112
80 113
80 114
80 115
80 117
80 118
80 120
80 126
80 127
80 129
80 137
80 138
80 139
80 141
80 144
80 147
80 149
81 83
81 84
81 88
81 89
81 92
81 95
81 97
81 99
81 103
81 107
81 108
81 117
81 119
81 120
81 121
81 122
81 123
81 125
81 129
81 130
81 133
81 134
81 135
81 140
81 141
81 144
81 148
82 84
82 85
82 86
82 87
82 90
82 96
82 100
82 101
82 108
82 109
82 110
82 112
82 114
82 120
82 122
82 123
82 124
82 125
82 130
82 135
82 136
82 140
82 141
82 142
82 143
82 148
82 149
83 85
83 89
83 90
83 96
83 98
83 99
83 107
83 108
83 112
83 113
83 115
83 117
83 120
83 126
83 129
83 132
83 133
83 137
83 138
83 140
83 142
83 143
83 145
83 146
83 147
83 148
84 85
84 86
84 87
84 89
84 90
84 94
84 97
84 99
84 100
84 102
84 103
84 104
84 105
84 106
84 107
84 109
84 111
84 114
84 116
84 118
84 120
84 125
84 130
84 131
84 136
84 137
84 140
84 143
84 144
84 147
85 90
85 92
85 94
85 98
85 99
85 101
85 102
85 103
85 106
85 111
85 113
85 117
85 118
85 119
85 120
85 122
85 123
85 125
85 128
85 132
85 133
85 134
85 143
85 146
86 91
86 102
86 103
86 104
86 107
86 112
86 113
86 117
86 118
86 123
86 125
86 126
86 128
86 131
86 133
86 137
86 138
86 144
86 145
86 147
86 148
87 88
87 91
87 94
87 101
87 103
87 104
87 108
87 109
87 110
87 111
87 116
87 121
87 134
87 137
87 138
87 139
87 140
87 143
87 144
87 147
87 148
87 149
88 90
88 91
88 93
88 96
88 98
88 101
88 103
88 104
88 106
88 109
88 111
88 113
88 114
88 115
88 116
88 117
88 127
88 128
88 129
88 131
88 132
88 133
88 134
88 136
88 137
88 145
88 148
88 149
89 92
89 93
89 94
89 99
89 102
89 103
89 105
89 107
89 110
89 111
89 112
89 113
89 116
89 119
89 121
89 122
89 123
89 126
89 127
89 128
89 130
89 133
89 134
89 137
89 138
89 144
89 148
90 92
90 93
90 100
90 104
90 108
90 110
90 116
90 117
90 118
90 121
90 122
90 127
90 128
90 129
90 131
90 140
90 141
90 142
90 143
90 145
90 149
91 92
91 93
91 95
91 96
91 97
91 98
91 101
91 103
91 105
91 107
91 108
91 110
91 112
91 120
91 121
91 129
91 134
91 135
91 139
91 142
91 144
91 148
92 95
92 96
92 97
92 100
92 101
92 103
92 104
92 106
92 110
92 111
92 114
92 115
92 116
92 121
92 122
92 123
92 125
92 126
92 129
92 130
92 133
92 137
92 139
92 140
92 141
92 142
92 145
92 146
93 96
93 103
93 106
93 110
93 111
93 114
93 115
93 118
93 119
93 122
93 125
93 126
93 129
93 132
93 133
93 139
93 140
93 141
93 142
93 143
93 144
93 145
93 149
94 103
94 104
94 112
94 115
94 116
94 117
94 120
94 125
94 126
94 128
94 139
94 140
94 143
94 146
94 147
94 149
95 99
95 100
95 103
95 109
95 110
95 111
95 112
95 116
95 117
95 118
95 119
95 121
95 124
95 125
95 126
95 127
95 128
95 129
95 130
95 133
95 136
95 139
95 141
95 142
95 146
95 148
96 99
96 109
96 113
96 114
96 115
96 116
96 117
96 121
96 125
96 129
96 131
96 134
96 145
96 146
96 148
97 99
97 102
97 104
97 105
97 108
97 109
97 114
97 115
97 116
97 118
97 120
97 121
97 125
97 127
97 128
97 129
97 130
97 133
97 134
97 135
97 136
97 139
97 140
97 142
97 147
97 148
98 99
98 103
98 107
98 109
98 112
98 114
98 115
98 116
98 117
98 124
98 125
98 130
98 131
98 132
98 134
98 139
98 140
98 148
99 100
99 101
99 102
99 106
99 108
99 110
99 113
99 116
99 118
99 119
99 120
99 124
99 125
99 126
99 127
99 129
99 130
99 131
99 132
99 133
99 135
99 140
99 143
99 145
100 101
100 104
100 106
100 107
100 108
100 109
100 111
100 113
100 116
100 118
100 119
100 123
100 124
100 126
100 127
100 130
100 131
100 133
100 135
100 140
100 141
100 143
100 144
100 147
100 148
101 104
101 110
101 114
101 116
101 117
101 120
101 121
101 122
101 124
101 125
101 127
101 128
101 129
101 132
101 135
101 136
101 138
101 139
101 143
101 148
101 149
102 106
102 108
102 109
102 113
102 115
102 116
102 117
102 119
102 120
102 121
102 122
102 125
102 127
102 128
102 129
102 130
102 131
102 132
102 133
102 135
102 138
102 139
102 140
102 142
102 144
102 146
102 147
102 148
103 104
103 109
103 110
103 113
103 115
103 116
103 119
103 121
103 122
103 126
103 130
103 133
103 138
103 139
103 141
103 143
103 145
104 108
104 110
104 111
104 112
104 113
104 115
104 116
104 125
104 127
104 128
104 129
104 132
104 134
104 137
104 138
104 139
104 142
104 146
104 148
104 149
105 107
105 110
105 112
105 114
105 118
105 119
105 121
105 122
105 123
105 125
105 126
105 127
105 129
105 132
105 134
105 141
105 142
105 143
105 144
105 149
106 109
106 111
106 112
106 113
106 117
106 120
106 121
106 122
106 123
106 124
106 125
106 126
106 127
106 129
106 130
106 134
106 135
106 136
106 137
106 138
106 139
106 142
106 145
106 146
107 109
107 110
107 111
107 113
107 114
107 117
107 124
107 125
107 127
107 128
107 132
107 134
107 136
107 137
107 140
107 142
107 143
107 145
107 148
107 149
108 109
108 111
108 114
108 120
108 123
108 124
108 126
108 128
108 129
108 133
108 136
108 139
108 143
108 144
108 145
108 146
108 148
109 113
109 116
109 117
109 119
109 125
109 130
109 132
109 138
109 142
109 147
109 148
110 114
110 115
110 116
110 118
110 119
110 123
110 125
110 126
110 127
110 134
110 135
110 136
110 139
110 144
110 145
110 146
111 113
111 119
111 124
111 133
111 134
111 136
111 141
111 145
111 148
111 149
112 113
112 114
112 115
112 119
112 122
112 123
112 124
112 139
112 140
112 142
112 144
112 146
112 148
113 114
113 117
113 120
113 133
113 134
113 137
113 142
113 146
113 147
113 148
113 149
114 115
114 117
114 118
114 120
114 122
114 125
114 128
114 129
114 131
114 132
114 135
114 137
114 139
114 140
114 143
114 144
114 145
114 147
114 149
115 119
115 128
115 129
115 131
115 132
115 133
115 134
115 135
115 138
115 142
115 143
116 119
116 121
116 123
116 125
116 126
116 129
116 132
116 136
116 140
116 145
116 146
117 118
117 120
117 121
117 122
117 123
117 124
117 127
117 130
117 136
117 138
117 141
117 143
117 145
117 147
117 148
117 149
118 125
118 127
118 129
118 130
118 133
118 134
118 136
118 137
118 139
118 142
118 144
118 149
119 120
119 121
119 122
119 129
119 130
119 133
119 134
119 135
119 139
119 142
119 144
119 149
120 123
120 124
120 127
120 128
120 130
120 135
120 137
120 138
120 141
120 145
120 147
120 149
121 122
121 124
121 127
121 129
121 132
121 136
121 139
121 140
121 141
122 123
122 130
122 132
122 134
122 135
122 138
122 139
122 140
122 143
122 147
122 149
123 129
123 132
123 133
123 135
123 136
123 137
123 142
123 144
123 146
123 148
123 149
124 126
124 129
124 130
124 131
124 132
124 136
124 142
124 143
124 144
124 145
125 134
125 137
125 138
125 140
125 143
125 144
125 145
126 128
126 129
126 130
126 132
126 133
126 135
126 138
126 143
126 145
126 148
127 128
127 130
127 136
127 137
127 139
127 141
127 142
127 143
127 145
128 129
128 131
128 132
128 133
128 134
128 138
128 139
128 141
128 142
128 146
128 149
129 130
129 132
129 134
129 135
129 137
129 139
129 140
129 142
129 143
129 144
129 146
129 148
130 132
130 136
130 137
130 138
130 140
130 141
130 145
130 148
131 132
131 133
131 134
131 137
131 144
131 148
132 134
132 136
132 139
132 141
132 145
132 146
132 148
133 135
133 136
133 141
133 142
133 145
133 146
133 147
133 148
134 136
134 142
134 143
134 144
134 145
134 146
135 138
135 141
135 143
135 144
135 146
136 138
136 141
136 142
136 144
136 147
136 148
137 139
137 140
137 142
137 145
137 146
138 139
138 143
138 144
138 147
138 148
139 144
139 147
139 148
140 141
140 143
140 145
140 148
140 149
141 148
141 149
142 144
142 145
142 146
142 147
142 149
143 144
143 146
143 148
144 146
144 149
145 147
145 148
147 148
147 149
