150 3980
67 92
100 89
50 55
85 32
93 78
56 23
60 62
44 54
25 51
95 14
41 84
43 76
22 12
60 31
25 97
91 94
33 63
38 40
21 26
12 31
74 71
61 55
33 66
18 92
44 17
90 43
21 31
86 73
97 20
72 10
23 33
83 23
18 52
16 43
73 71
46 82
29 89
11 74
83 35
23 84
55 12
53 51
67 21
32 52
37 38
61 95
66 99
43 27
26 73
57 58
38 15
17 95
49 47
57 41
59 90
25 37
47 100
69 32
73 78
80 15
71 61
80 22
84 13
29 35
21 51
72 68
25 81
28 67
53 55
45 97
98 90
29 22
12 55
83 53
83 76
93 42
66 82
55 91
78 48
86 59
31 35
20 81
33 79
49 46
43 44
45 37
26 76
22 18
32 72
37 26
32 55
73 14
49 75
85 17
95 10
83 18
94 65
35 12
43 46
31 65
95 48
85 87
55 33
49 96
62 90
98 36
70 60
14 50
74 78
16 19
94 37
62 43
35 54
60 19
100 62
24 19
34 14
16 27
49 95
86 73
38 51
94 55
28 48
80 77
41 68
32 25
47 49
40 11
82 60
93 37
23 45
71 86
51 25
100 63
68 90
57 45
56 54
59 92
40 54
69 100
80 74
28 57
42 25
82 13
76 49
67 39
96 39
13 42
92 75
28 70
2191
0 10
0 13
0 22
0 37
0 44
0 45
0 46
0 48
0 57
0 68
0 69
0 70
0 80
0 90
0 95
0 105
0 111
0 114
0 116
0 119
0 122
0 127
0 136
0 139
0 143
0 146
1 5
1 10
1 18
1 21
1 22
1 25
1 27
1 34
1 35
1 38
1 39
1 52
1 53
1 58
1 60
1 65
1 72
1 74
1 85
1 88
1 89
1 90
1 98
1 104
1 108
1 110
1 112
1 116
1 118
1 132
1 137
1 145
2 3
2 5
2 7
2 11
2 13
2 23
2 25
2 30
2 31
2 36
2 41
2 45
2 53
2 55
2 58
2 68
2 73
2 87
2 88
2 89
2 92
2 93
2 98
2 100
2 104
2 111
2 131
2 133
2 145
2 146
2 149
3 10
3 11
3 13
3 15
3 35
3 40
3 52
3 57
3 61
3 65
3 67
3 68
3 72
3 84
3 88
3 89
3 94
3 104
3 109
3 119
3 123
3 127
3 129
3 130
3 140
3 143
3 145
4 6
4 10
4 14
4 25
4 31
4 36
4 43
4 47
4 49
4 59
4 71
4 72
4 76
4 82
4 86
4 89
4 90
4 94
4 100
4 101
4 119
4 120
4 124
4 125
4 139
4 142
4 143
5 11
5 14
5 18
5 22
5 26
5 28
5 29
5 40
5 43
5 56
5 57
5 62
5 63
5 87
5 93
5 98
5 109
5 113
5 114
5 126
5 138
5 141
5 143
5 148
6 8
6 19
6 23
6 29
6 37
6 38
6 39
6 43
6 47
6 62
6 69
6 71
6 76
6 81
6 85
6 89
6 91
6 96
6 105
6 107
6 110
6 112
6 113
6 118
6 123
6 125
6 126
6 128
6 129
6 131
6 132
6 133
6 134
6 139
6 141
6 147
7 10
7 12
7 18
7 25
7 27
7 32
7 42
7 43
7 44
7 48
7 53
7 54
7 69
7 71
7 72
7 74
7 80
7 84
7 90
7 94
7 97
7 106
7 107
7 111
7 112
7 118
7 122
7 128
7 143
7 144
8 9
8 11
8 14
8 22
8 28
8 33
8 39
8 41
8 52
8 54
8 57
8 62
8 68
8 72
8 76
8 84
8 85
8 91
8 92
8 104
8 105
8 107
8 108
8 122
8 126
8 129
8 132
8 141
9 19
9 21
9 25
9 26
9 35
9 39
9 42
9 52
9 60
9 62
9 66
9 69
9 70
9 74
9 91
9 92
9 95
9 100
9 103
9 107
9 113
9 126
9 127
9 134
9 143
9 147
9 148
10 15
10 19
10 21
10 27
10 29
10 30
10 31
10 35
10 38
10 42
10 50
10 54
10 59
10 62
10 65
10 69
10 72
10 85
10 96
10 99
10 102
10 103
10 111
10 117
10 118
10 120
10 136
10 139
10 142
10 149
11 16
11 20
11 21
11 25
11 26
11 34
11 40
11 46
11 66
11 70
11 74
11 78
11 79
11 89
11 90
11 95
11 104
11 120
11 124
11 138
12 15
12 17
12 26
12 27
12 28
12 33
12 40
12 41
12 56
12 65
12 77
12 91
12 96
12 100
12 102
12 104
12 105
12 108
12 111
12 118
12 126
12 147
12 148
13 15
13 17
13 20
13 23
13 26
13 28
13 30
13 35
13 37
13 41
13 46
13 52
13 56
13 65
13 77
13 78
13 84
13 85
13 94
13 97
13 103
13 104
13 108
13 109
13 113
13 115
13 117
13 130
13 132
13 135
13 144
14 18
14 30
14 32
14 33
14 34
14 36
14 46
14 50
14 57
14 61
14 67
14 72
14 75
14 81
14 85
14 89
14 91
14 93
14 114
14 115
14 127
14 128
14 134
14 143
15 20
15 37
15 39
15 41
15 43
15 46
15 54
15 59
15 61
15 73
15 75
15 76
15 81
15 92
15 93
15 99
15 107
15 108
15 115
15 116
15 119
15 124
15 138
15 139
15 146
15 147
16 17
16 20
16 24
16 27
16 34
16 47
16 54
16 71
16 73
16 78
16 82
16 83
16 85
16 86
16 97
16 104
16 113
16 123
16 133
16 138
16 143
16 144
17 18
17 21
17 23
17 24
17 37
17 42
17 43
17 47
17 56
17 57
17 66
17 70
17 73
17 75
17 84
17 105
17 110
17 123
17 126
17 127
17 129
17 132
17 139
17 142
18 25
18 41
18 42
18 46
18 49
18 63
18 69
18 74
18 77
18 80
18 83
18 84
18 85
18 90
18 98
18 99
18 105
18 106
18 107
18 109
18 110
18 117
18 119
18 121
18 122
18 133
18 134
19 20
19 22
19 23
19 25
19 33
19 35
19 36
19 37
19 40
19 47
19 58
19 61
19 69
19 73
19 76
19 78
19 83
19 84
19 105
19 107
19 114
19 115
19 118
19 125
19 126
19 133
19 139
19 142
19 145
20 21
20 22
20 24
20 27
20 30
20 34
20 36
20 40
20 42
20 44
20 54
20 58
20 59
20 66
20 73
20 77
20 83
20 87
20 88
20 94
20 97
20 98
20 102
20 133
20 136
20 137
20 143
20 149
21 22
21 24
21 26
21 29
21 32
21 47
21 62
21 66
21 73
21 77
21 86
21 91
21 92
21 103
21 104
21 105
21 113
21 115
21 120
21 123
21 124
21 125
21 129
21 149
22 44
22 47
22 50
22 51
22 58
22 59
22 62
22 64
22 65
22 66
22 73
22 74
22 75
22 80
22 86
22 87
22 105
22 116
22 117
22 118
22 123
22 135
22 144
22 146
22 149
23 27
23 28
23 46
23 57
23 63
23 72
23 80
23 94
23 97
23 103
23 106
23 109
23 111
23 113
23 114
23 126
23 132
23 134
23 135
23 139
23 140
23 141
23 142
23 148
24 31
24 32
24 34
24 35
24 38
24 44
24 61
24 65
24 67
24 68
24 69
24 87
24 89
24 91
24 93
24 103
24 105
24 106
24 118
24 123
24 129
24 136
24 145
24 148
24 149
25 31
25 35
25 44
25 45
25 56
25 58
25 61
25 63
25 65
25 69
25 76
25 77
25 81
25 85
25 91
25 97
25 104
25 127
25 142
25 144
26 31
26 34
26 37
26 42
26 46
26 56
26 58
26 60
26 63
26 66
26 67
26 72
26 83
26 84
26 89
26 90
26 108
26 110
26 116
26 128
26 132
26 136
26 145
26 147
27 28
27 33
27 39
27 45
27 48
27 51
27 53
27 56
27 66
27 86
27 88
27 90
27 93
27 94
27 96
27 100
27 101
27 118
27 120
27 121
27 127
27 134
27 137
27 144
27 149
28 30
28 32
28 33
28 34
28 41
28 47
28 49
28 52
28 56
28 64
28 70
28 81
28 82
28 87
28 90
28 95
28 99
28 104
28 108
28 117
28 123
28 124
28 127
28 131
28 132
28 134
28 135
28 147
29 35
29 36
29 38
29 40
29 46
29 47
29 49
29 53
29 61
29 72
29 74
29 81
29 85
29 86
29 94
29 110
29 116
29 119
29 131
29 132
29 143
29 148
30 44
30 48
30 53
30 54
30 61
30 64
30 73
30 83
30 86
30 98
30 101
30 120
30 123
30 132
30 139
30 141
31 49
31 50
31 53
31 54
31 65
31 76
31 80
31 81
31 84
31 85
31 90
31 92
31 102
31 104
31 111
31 116
31 122
31 125
31 133
31 139
31 141
31 146
32 34
32 35
32 36
32 43
32 44
32 45
32 58
32 62
32 71
32 75
32 79
32 88
32 89
32 98
32 105
32 106
32 109
32 114
32 117
32 118
32 122
32 126
32 129
32 137
32 143
32 149
33 34
33 37
33 52
33 58
33 78
33 79
33 84
33 91
33 92
33 98
33 101
33 107
33 123
33 126
33 128
33 130
33 133
33 136
33 138
33 141
33 142
33 146
33 147
34 35
34 36
34 40
34 45
34 47
34 50
34 52
34 64
34 65
34 69
34 70
34 74
34 85
34 90
34 91
34 92
34 93
34 105
34 111
34 115
34 116
34 117
34 120
34 121
34 122
34 123
34 124
34 136
34 140
34 142
34 143
34 144
34 146
34 148
35 36
35 38
35 43
35 53
35 61
35 66
35 68
35 81
35 84
35 85
35 86
35 91
35 92
35 96
35 99
35 101
35 102
35 105
35 114
35 122
35 128
35 130
35 135
35 139
35 145
36 39
36 53
36 58
36 60
36 63
36 64
36 67
36 68
36 70
36 73
36 75
36 78
36 80
36 86
36 87
36 95
36 98
36 99
36 101
36 108
36 115
36 119
36 120
36 122
36 124
36 133
36 135
37 40
37 45
37 50
37 66
37 67
37 74
37 80
37 82
37 86
37 92
37 102
37 106
37 115
37 116
37 123
37 132
37 141
37 144
37 148
38 41
38 42
38 53
38 54
38 55
38 63
38 66
38 81
38 83
38 85
38 92
38 97
38 107
38 112
38 120
38 131
38 133
38 134
38 141
38 142
38 143
38 144
38 147
39 40
39 44
39 45
39 47
39 50
39 63
39 72
39 84
39 85
39 88
39 95
39 99
39 106
39 118
39 127
39 130
39 133
39 134
39 140
39 142
39 146
40 41
40 43
40 45
40 46
40 51
40 56
40 58
40 60
40 68
40 70
40 72
40 82
40 83
40 86
40 89
40 90
40 98
40 100
40 103
40 105
40 118
40 130
40 148
40 149
41 44
41 59
41 60
41 64
41 73
41 74
41 78
41 82
41 88
41 91
41 123
41 128
41 132
41 143
41 145
41 149
42 44
42 45
42 48
42 50
42 60
42 62
42 79
42 80
42 86
42 88
42 98
42 99
42 102
42 105
42 109
42 117
42 120
42 122
42 123
42 128
42 132
43 46
43 50
43 63
43 64
43 77
43 78
43 81
43 85
43 88
43 102
43 103
43 106
43 111
43 112
43 113
43 125
43 134
43 138
44 49
44 60
44 63
44 76
44 78
44 79
44 80
44 81
44 87
44 101
44 105
44 108
44 109
44 114
44 116
44 117
44 122
44 123
44 124
44 133
44 136
44 147
45 46
45 50
45 66
45 85
45 105
45 106
45 112
45 117
45 134
45 136
45 137
45 141
45 143
45 147
46 52
46 55
46 61
46 62
46 63
46 65
46 71
46 76
46 77
46 88
46 92
46 94
46 95
46 97
46 99
46 103
46 112
46 113
46 118
46 121
46 136
46 145
46 147
47 52
47 58
47 59
47 68
47 76
47 81
47 83
47 85
47 98
47 102
47 105
47 118
47 125
47 133
47 137
47 138
48 50
48 52
48 55
48 57
48 71
48 75
48 77
48 80
48 83
48 87
48 98
48 113
48 114
48 123
48 127
48 128
48 130
48 135
48 137
48 138
48 142
48 145
48 147
49 51
49 54
49 56
49 69
49 73
49 76
49 84
49 86
49 89
49 90
49 91
49 95
49 98
49 106
49 110
49 115
49 120
49 121
49 124
49 125
49 131
49 132
49 142
49 147
50 51
50 57
50 58
50 60
50 64
50 82
50 83
50 91
50 95
50 100
50 105
50 110
50 113
50 122
50 127
50 130
50 134
50 139
50 144
50 147
51 60
51 68
51 84
51 110
51 111
51 118
51 122
51 123
51 134
51 135
51 140
52 56
52 58
52 59
52 60
52 61
52 65
52 69
52 71
52 72
52 81
52 84
52 85
52 86
52 112
52 114
52 121
52 138
52 139
52 140
52 143
52 146
53 57
53 63
53 65
53 79
53 87
53 92
53 93
53 104
53 105
53 109
53 111
53 123
53 124
53 128
53 143
53 144
54 56
54 62
54 68
54 74
54 79
54 80
54 84
54 85
54 86
54 94
54 95
54 98
54 103
54 115
54 117
54 122
54 123
54 133
54 135
54 146
55 62
55 71
55 75
55 83
55 85
55 96
55 117
55 121
55 122
55 124
55 131
55 136
55 140
55 146
55 147
55 148
55 149
56 58
56 59
56 63
56 66
56 67
56 68
56 75
56 76
56 81
56 85
56 92
56 93
56 98
56 103
56 104
56 109
56 116
56 122
56 134
56 137
56 144
56 145
56 147
57 63
57 68
57 75
57 84
57 86
57 88
57 96
57 103
57 104
57 106
57 110
57 117
57 120
57 132
57 141
57 147
58 62
58 65
58 68
58 80
58 83
58 85
58 86
58 87
58 96
58 100
58 101
58 122
58 123
58 139
58 141
58 144
58 145
58 147
59 76
59 81
59 85
59 89
59 91
59 95
59 96
59 98
59 111
59 125
59 128
59 132
59 136
59 137
59 139
59 140
59 148
60 64
60 69
60 71
60 82
60 84
60 93
60 96
60 97
60 111
60 115
60 118
60 123
60 124
60 131
60 132
60 133
60 137
60 138
60 145
60 148
61 63
61 64
61 70
61 72
61 75
61 81
61 88
61 100
61 102
61 103
61 108
61 120
61 129
61 138
61 140
61 145
61 149
62 68
62 76
62 77
62 78
62 86
62 87
62 88
62 89
62 95
62 99
62 102
62 104
62 105
62 106
62 116
62 119
62 120
62 122
62 135
62 136
62 139
62 142
62 144
63 79
63 83
63 90
63 95
63 108
63 111
63 127
63 130
63 144
63 147
64 71
64 76
64 77
64 79
64 81
64 86
64 99
64 104
64 106
64 109
64 110
64 118
64 122
64 129
64 131
64 137
64 138
65 68
65 71
65 72
65 77
65 91
65 92
65 123
65 132
65 135
65 140
65 142
65 143
65 146
65 148
66 70
66 78
66 79
66 86
66 90
66 98
66 99
66 111
66 126
66 127
66 130
66 132
66 139
66 140
67 70
67 72
67 76
67 81
67 85
67 86
67 88
67 91
67 95
67 100
67 103
67 116
67 119
67 129
67 132
67 144
67 146
68 73
68 75
68 77
68 84
68 90
68 97
68 100
68 101
68 106
68 114
68 116
68 122
68 123
68 128
68 135
68 138
68 140
68 144
68 145
69 77
69 78
69 80
69 81
69 83
69 88
69 104
69 105
69 107
69 108
69 113
69 122
69 133
70 72
70 74
70 79
70 80
70 84
70 95
70 96
70 97
70 102
70 103
70 107
70 116
70 123
70 131
70 132
70 142
71 74
71 75
71 80
71 84
71 89
71 93
71 94
71 103
71 107
71 108
71 110
71 118
71 123
71 129
71 131
71 132
71 135
71 137
71 140
72 80
72 89
72 95
72 96
72 97
72 98
72 111
72 115
72 123
72 126
72 134
72 138
72 144
73 79
73 82
73 83
73 93
73 97
73 114
73 116
73 125
73 140
73 143
73 144
73 147
74 89
74 94
74 98
74 100
74 103
74 109
74 113
74 121
74 122
74 125
74 127
74 128
74 131
74 147
75 79
75 81
75 89
75 90
75 105
75 112
75 114
75 136
75 137
75 138
75 140
75 141
75 144
75 145
75 146
75 149
76 77
76 78
76 79
76 94
76 95
76 98
76 108
76 111
76 115
76 121
76 126
76 131
76 132
76 134
76 136
76 140
76 141
76 143
76 145
76 148
77 86
77 91
77 94
77 99
77 104
77 106
77 108
77 121
77 122
77 125
77 127
77 141
78 84
78 88
78 109
78 110
78 120
78 131
78 142
78 143
79 85
79 95
79 97
79 98
79 106
79 107
79 110
79 122
79 124
79 126
79 127
80 82
80 96
80 99
80 101
80 113
80 118
80 119
80 124
80 130
80 138
80 142
81 93
81 97
81 100
81 105
81 109
81 110
81 118
81 123
81 129
81 130
81 136
81 138
81 143
81 146
81 147
81 149
82 99
82 103
82 106
82 109
82 114
82 118
82 121
82 124
82 127
82 131
82 132
82 140
82 141
82 146
83 86
83 96
83 100
83 101
83 102
83 104
83 107
83 108
83 111
83 121
83 130
83 131
83 137
83 143
84 86
84 90
84 93
84 104
84 107
84 113
84 114
84 117
84 118
84 119
84 124
84 129
84 140
84 143
85 91
85 93
85 96
85 99
85 104
85 110
85 113
85 117
85 118
85 122
85 124
85 134
85 137
86 93
86 101
86 109
86 110
86 113
86 122
86 123
86 129
86 130
86 134
86 146
87 96
87 99
87 101
87 102
87 110
87 111
87 116
87 121
87 132
87 134
87 136
88 89
88 91
88 92
88 97
88 113
88 121
88 123
88 129
88 130
88 137
88 138
88 142
88 145
88 147
89 93
89 101
89 104
89 114
89 121
89 123
89 125
89 128
89 129
89 132
89 135
89 141
89 145
89 149
90 102
90 112
90 113
90 114
90 116
90 125
90 134
90 141
91 93
91 99
91 100
91 105
91 106
91 113
91 114
91 115
91 118
91 120
91 121
91 129
91 130
91 134
91 140
91 144
91 146
91 149
92 97
92 110
92 115
92 120
92 126
92 130
92 133
92 134
92 139
92 141
92 149
93 94
93 99
93 102
93 108
93 113
93 115
93 117
93 122
93 127
93 136
93 148
94 112
94 118
94 124
94 125
94 129
94 139
94 140
94 145
94 148
95 111
95 114
95 116
95 122
95 125
95 132
95 135
95 145
96 97
96 105
96 106
96 113
96 124
96 127
96 128
96 135
96 138
96 139
96 140
96 141
96 142
96 145
96 146
96 147
97 108
97 113
97 114
97 115
97 132
97 133
97 141
97 144
97 145
98 108
98 111
98 116
98 122
98 124
98 126
98 130
98 148
99 104
99 108
99 110
99 117
99 119
99 122
99 123
99 126
99 129
99 138
99 146
100 101
100 102
100 111
100 115
100 116
100 121
100 126
100 129
100 134
100 146
100 148
101 107
101 108
101 116
101 118
101 121
101 132
101 139
101 143
101 144
101 147
102 114
102 117
102 119
102 121
102 126
102 128
102 130
102 146
103 106
103 108
103 115
103 116
103 118
103 125
103 133
103 134
103 135
103 137
103 149
104 108
104 110
104 118
104 121
104 126
104 133
104 134
104 140
104 144
104 145
105 107
105 108
105 113
105 114
105 115
105 124
105 129
105 134
105 148
105 149
106 115
106 123
106 128
106 130
106 138
106 141
107 108
107 117
107 120
107 122
107 128
107 131
107 134
107 135
107 142
108 111
108 124
108 129
108 136
108 142
108 144
108 147
108 149
109 112
109 129
109 135
110 111
110 114
110 115
110 122
110 129
110 141
110 142
110 145
111 116
111 124
111 126
111 139
111 141
111 143
112 122
112 124
112 126
112 130
112 134
112 139
112 144
112 145
112 147
113 116
113 117
113 119
113 128
113 135
113 140
113 141
113 143
113 145
113 146
113 149
114 121
114 125
114 128
114 132
114 137
114 138
114 139
114 141
114 147
114 148
115 117
115 123
115 127
115 131
115 133
115 147
116 135
117 119
117 126
117 131
117 138
117 140
117 146
117 148
118 123
118 128
118 129
118 134
118 143
118 145
118 146
118 147
119 131
119 134
119 136
119 141
120 126
120 134
120 135
120 136
120 137
120 142
120 144
121 130
121 140
121 141
121 142
121 146
122 123
122 128
122 129
122 130
122 141
122 142
122 144
123 127
123 134
123 135
123 139
124 128
124 130
125 136
125 139
125 143
125 145
125 148
126 135
126 142
126 145
127 128
127 131
127 143
127 145
127 147
127 149
128 132
128 138
128 141
128 143
128 147
129 145
129 147
129 148
130 137
130 138
130 143
130 146
130 147
131 136
131 137
131 142
131 145
132 140
132 141
133 135
133 137
133 138
133 140
133 142
133 143
133 147
134 135
134 137
134 146
135 142
135 147
136 142
136 144
137 147
137 148
138 141
138 147
139 140
139 142
142 143
142 144
142 149
143 144
145 148
147 149
